row  column  size-1  circ-1
1 1 487 0.844
1 2 460 0.548
1 3 401 0.882
1 4 370 0.839
1 5 303 0.839
1 6 334 0.827
1 7 296 0.816
1 8 277 0.845
1 9 365 0.65
1 10 289 0.838
1 11 237 0.895
1 12 265 0.839
1 13 242 0.821
1 14 260 0.829
1 15 291 0.789
1 16 339 0.776
1 17 330 0.85
1 18 248 0.867
1 19 285 0.765
1 20 272 0.845
1 21 264 0.858
1 22 262 0.858
1 23 283 0.826
1 24 255 0.807
1 25 300 0.84
1 26 253 0.868
1 27 273 0.806
1 28 270 0.803
1 29 236 0.866
1 30 269 0.829
1 31 285 0.792
1 32 272 0.858
1 33 289 0.72
1 34 261 0.805
1 35 271 0.764
1 36 312 0.812
1 37 247 0.818
1 38 270 0.852
1 39 295 0.784
1 40 293 0.856
1 41 237 0.791
1 42 277 0.851
1 43 125 0.832
1 44 386 0.544
1 45 404 0.71
1 46 440 0.47
1 47 489 0.477
1 48 344 0.281
2 1 465 0.815
2 2 416 0.639
2 3 336 0.8
2 4 279 0.836
2 5 307 0.796
2 6 293 0.841
2 7 226 0.734
2 8 215 0.776
2 9 171 0.842
2 10 176 0.839
2 11 172 0.875
2 12 186 0.924
2 13 201 0.824
2 14 225 0.845
2 15 203 0.707
2 16 220 0.848
2 17 182 0.779
2 18 211 0.931
2 19 228 0.846
2 20 183 0.773
2 21 206 0.813
2 22 186 0.895
2 23 199 0.809
2 24 168 0.742
2 25 190 0.831
2 26 198 0.812
2 27 180 0.907
2 28 191 0.8
2 29 183 0.86
2 30 186 0.903
2 31 213 0.9
2 32 195 0.824
2 33 190 0.821
2 34 165 0.921
2 35 193 0.86
2 36 180 0.866
2 37 205 0.866
2 38 197 0.833
2 39 188 0.904
2 40 195 0.817
2 41 200 0.838
2 42 235 0.815
2 43 243 0.728
2 44 282 0.83
2 45 289 0.501
2 46 336 0.682
2 47 333 0.577
2 48 344 0.647
3 1 354 0.803
3 2 362 0.821
3 3 325 0.832
3 4 316 0.82
3 5 186 0.883
3 6 161 0.819
3 7 199 0.927
3 8 186 0.598
3 9 193 0.753
3 10 168 0.875
3 11 167 0.879
3 12 167 0.955
3 13 135 0.865
3 14 148 0.779
3 15 202 0.872
3 16 72 0.863
3 17 189 0.918
3 18 119 0.88
3 19 151 0.779
3 20 165 0.638
3 21 158 0.778
3 22 189 0.861
3 23 126 0.829
3 24 186 0.866
3 25 192 0.812
3 26 125 0.952
3 27 179 0.911
3 28 73 0.907
3 29 179 0.834
3 30 219 0.754
3 31 146 0.856
3 32 174 0.885
3 33 156 0.832
3 34 162 0.797
3 35 141 0.819
3 36 152 0.637
3 37 158 0.778
3 38 168 0.875
3 39 167 0.83
3 40 166 0.904
3 41 182 0.875
3 42 208 0.843
3 43 229 0.843
3 44 327 0.606
3 45 290 0.74
3 46 279 0.756
3 47 289 0.835
3 48 305 0.833
4 1 372 0.718
4 2 317 0.714
4 3 233 0.808
4 4 200 0.787
4 5 183 0.897
4 6 261 0.73
4 7 182 0.74
4 8 157 0.858
4 9 130 0.782
4 10 148 0.859
4 11 151 0.864
4 12 136 0.781
4 13 157 0.748
4 14 193 0.887
4 15 163 0.858
4 16 174 0.745
4 17 142 0.864
4 18 159 0.681
4 19 151 0.806
4 20 168 0.783
4 21 100 0.832
4 22 150 0.809
4 23 144 0.795
4 24 147 0.832
4 25 154 0.768
4 26 141 0.858
4 27 175 0.823
4 28 178 0.769
4 29 134 0.859
4 30 112 0.684
4 31 145 0.821
4 32 152 0.792
4 33 127 0.859
4 34 139 0.807
4 35 191 0.87
4 36 136 0.702
4 37 149 0.865
4 38 136 0.891
4 39 142 0.873
4 40 123 0.899
4 41 188 0.545
4 42 165 0.839
4 43 217 0.906
4 44 234 0.708
4 45 258 0.871
4 46 298 0.618
4 47 253 0.778
4 48 365 0.762
5 1 392 0.708
5 2 300 0.819
5 3 274 0.748
5 4 218 0.793
5 5 206 0.89
5 6 181 0.851
5 7 166 0.917
5 8 168 0.758
5 9 138 0.944
5 10 147 0.751
5 11 152 0.882
5 12 160 0.762
5 13 156 0.892
5 14 156 0.727
5 15 145 0.793
5 16 154 0.83
5 17 163 0.663
5 18 145 0.891
5 19 147 0.748
5 20 141 0.779
5 21 146 0.856
5 22 128 0.77
5 23 128 0.875
5 24 154 0.903
5 25 122 0.615
5 26 146 0.879
5 27 163 0.841
5 28 170 0.767
5 29 143 0.745
5 30 141 0.76
5 31 142 0.824
5 32 166 0.825
5 33 154 0.851
5 34 122 0.857
5 35 168 0.928
5 36 161 0.743
5 37 135 0.888
5 38 138 0.781
5 39 141 0.79
5 40 137 0.846
5 41 159 0.741
5 42 191 0.859
5 43 173 0.84
5 44 201 0.666
5 45 252 0.667
5 46 264 0.799
5 47 296 0.663
5 48 414 0.671
6 1 307 0.778
6 2 228 0.83
6 3 266 0.777
6 4 214 0.842
6 5 176 0.895
6 6 170 0.857
6 7 162 0.797
6 8 161 0.839
6 9 152 0.701
6 10 140 0.785
6 11 132 0.846
6 12 135 0.898
6 13 124 0.816
6 14 128 0.782
6 15 129 0.615
6 16 151 0.864
6 17 158 0.843
6 18 147 0.894
6 19 154 0.765
6 20 141 0.858
6 21 143 0.79
6 22 133 0.753
6 23 141 0.904
6 24 139 0.858
6 25 149 0.865
6 26 155 0.878
6 27 179 0.773
6 28 157 0.748
6 29 134 0.845
6 30 143 0.87
6 31 160 0.834
6 32 157 0.867
6 33 123 0.788
6 34 153 0.778
6 35 151 0.703
6 36 156 0.862
6 37 120 0.863
6 38 138 0.781
6 39 130 0.747
6 40 148 0.914
6 41 133 0.875
6 42 84 0.752
6 43 195 0.704
6 44 255 0.675
6 45 13 0.922
6 46 255 0.801
6 47 315 0.434
6 48 277 0.624
7 1 326 0.751
7 2 265 0.749
7 3 222 0.831
7 4 210 0.833
7 5 172 0.905
7 6 154 0.842
7 7 161 0.711
7 8 141 0.913
7 9 140 0.612
7 10 135 0.687
7 11 148 0.738
7 12 128 0.707
7 13 138 0.954
7 14 187 0.633
7 15 129 0.849
7 16 141 0.763
7 17 134 0.748
7 18 133 0.764
7 19 137 0.824
7 20 168 0.855
7 21 150 0.858
7 22 147 0.758
7 23 81 0.837
7 24 116 0.848
7 25 151 0.703
7 26 169 0.73
7 27 117 0.822
7 28 152 0.741
7 29 156 0.853
7 30 166 0.749
7 31 149 0.852
7 32 134 0.715
7 33 158 0.831
7 34 140 0.864
7 35 137 0.647
7 36 147 0.777
7 37 145 0.842
7 38 140 0.712
7 39 144 0.909
7 40 140 0.729
7 41 124 0.858
7 42 140 0.689
7 43 147 0.748
7 44 186 0.756
7 45 247 0.779
7 46 265 0.593
7 47 200 0.668
7 48 373 0.742
8 1 286 0.742
8 2 225 0.819
8 3 250 0.743
8 4 202 0.818
8 5 172 0.835
8 6 162 0.772
8 7 118 0.798
8 8 134 0.836
8 9 141 0.768
8 10 147 0.832
8 11 132 0.824
8 12 144 0.845
8 13 140 0.747
8 14 158 0.726
8 15 170 0.877
8 16 137 0.824
8 17 142 0.75
8 18 151 0.661
8 19 128 0.852
8 20 135 0.843
8 21 132 0.828
8 22 156 0.883
8 23 162 0.824
8 24 94 0.94
8 25 164 0.834
8 26 163 0.932
8 27 139 0.707
8 28 145 0.801
8 29 174 0.907
8 30 146 0.729
8 31 179 0.797
8 32 146 0.936
8 33 156 0.892
8 34 147 0.678
8 35 139 0.815
8 36 171 0.862
8 37 135 0.865
8 38 153 0.845
8 39 143 0.79
8 40 78 0.902
8 41 151 0.886
8 42 132 0.892
8 43 171 0.823
8 44 181 0.851
8 45 229 0.636
8 46 289 0.531
8 47 301 0.705
8 48 347 0.694
9 1 338 0.686
9 2 233 0.831
9 3 204 0.802
9 4 195 0.81
9 5 143 0.86
9 6 159 0.857
9 7 152 0.879
9 8 136 0.818
9 9 120 0.79
9 10 156 0.862
9 11 145 0.842
9 12 142 0.9
9 13 151 0.814
9 14 153 0.837
9 15 157 0.889
9 16 91 0.935
9 17 145 0.813
9 18 131 0.931
9 19 137 0.888
9 20 131 0.872
9 21 167 0.803
9 22 150 0.828
9 23 164 0.764
9 24 157 0.826
9 25 145 0.766
9 26 146 0.818
9 27 149 0.823
9 28 176 0.866
9 29 167 0.841
9 30 172 0.896
9 31 157 0.748
9 32 140 0.801
9 33 162 0.836
9 34 151 0.761
9 35 140 0.897
9 36 129 0.882
9 37 150 0.722
9 38 146 0.869
9 39 171 0.87
9 40 146 0.753
9 41 147 0.832
9 42 133 0.935
9 43 142 0.812
9 44 182 0.856
9 45 212 0.71
9 46 257 0.79
9 47 292 0.48
9 48 309 0.775
10 1 257 0.697
10 2 217 0.879
10 3 250 0.777
10 4 166 0.845
10 5 144 0.933
10 6 150 0.858
10 7 138 0.918
10 8 137 0.757
10 9 144 0.867
10 10 142 0.945
10 11 125 0.903
10 12 144 0.867
10 13 156 0.794
10 14 131 0.788
10 15 144 0.815
10 16 141 0.717
10 17 135 0.804
10 18 127 0.805
10 19 144 0.867
10 20 138 0.884
10 21 156 0.824
10 22 173 0.872
10 23 151 0.834
10 24 153 0.736
10 25 150 0.686
10 26 141 0.858
10 27 162 0.779
10 28 149 0.784
10 29 140 0.758
10 30 151 0.864
10 31 149 0.795
10 32 161 0.839
10 33 167 0.737
10 34 173 0.806
10 35 147 0.7
10 36 157 0.818
10 37 138 0.658
10 38 156 0.805
10 39 142 0.792
10 40 147 0.841
10 41 158 0.77
10 42 141 0.71
10 43 145 0.851
10 44 159 0.809
10 45 194 0.756
10 46 274 0.772
10 47 292 0.695
10 48 306 0.621
11 1 265 0.817
11 2 230 0.747
11 3 186 0.875
11 4 156 0.786
11 5 136 0.77
11 6 197 0.833
11 7 142 0.867
11 8 143 0.827
11 9 126 0.778
11 10 146 0.818
11 11 141 0.568
11 12 149 0.726
11 13 150 0.828
11 14 155 0.715
11 15 139 0.915
11 16 161 0.868
11 17 151 0.846
11 18 139 0.799
11 19 149 0.71
11 20 90 0.832
11 21 148 0.728
11 22 157 0.773
11 23 146 0.729
11 24 156 0.915
11 25 150 0.88
11 26 140 0.834
11 27 116 0.873
11 28 101 0.851
11 29 193 0.834
11 30 129 0.665
11 31 149 0.916
11 32 113 0.85
11 33 156 0.794
11 34 172 0.705
11 35 171 0.723
11 36 159 0.765
11 37 154 0.802
11 38 152 0.803
11 39 154 0.881
11 40 67 0.679
11 41 153 0.669
11 42 134 0.827
11 43 173 0.868
11 44 160 0.862
11 45 199 0.859
11 46 241 0.73
11 47 271 0.52
11 48 339 0.67
12 1 274 0.809
12 2 214 0.878
12 3 185 0.743
12 4 177 0.824
12 5 167 0.803
12 6 158 0.729
12 7 36 0.318
12 8 80 0.717
12 9 161 0.819
12 10 126 0.786
12 11 148 0.746
12 12 169 0.851
12 13 160 0.906
12 14 164 0.747
12 15 143 0.771
12 16 135 0.888
12 17 149 0.874
12 18 145 0.774
12 19 147 0.85
12 20 164 0.789
12 21 142 0.758
12 22 174 0.837
12 23 220 0.794
12 24 148 0.817
12 25 142 0.833
12 26 157 0.725
12 27 135 0.856
12 28 144 0.836
12 29 168 0.827
12 30 157 0.791
12 31 161 0.767
12 32 157 0.855
12 33 154 0.851
12 34 145 0.842
12 35 159 0.828
12 36 157 0.791
12 37 175 0.733
12 38 164 0.807
12 39 136 0.84
12 40 170 0.845
12 41 152 0.901
12 42 136 0.849
12 43 150 0.828
12 44 0 0.0
12 45 174 0.807
12 46 135 0.703
12 47 248 0.751
12 48 294 0.789
13 1 264 0.874
13 2 196 0.821
13 3 168 0.827
13 4 76 0.924
13 5 175 0.85
13 6 163 0.784
13 7 164 0.863
13 8 149 0.823
13 9 137 0.816
13 10 142 0.864
13 11 138 0.83
13 12 137 0.795
13 13 140 0.673
13 14 152 0.665
13 15 129 0.818
13 16 140 0.842
13 17 137 0.816
13 18 119 0.801
13 19 136 0.744
13 20 146 0.729
13 21 162 0.79
13 22 158 0.864
13 23 79 0.9
13 24 165 0.902
13 25 142 0.824
13 26 149 0.823
13 27 114 0.723
13 28 123 0.899
13 29 143 0.86
13 30 155 0.808
13 31 184 0.726
13 32 146 0.798
13 33 159 0.878
13 34 138 0.83
13 35 161 0.889
13 36 149 0.776
13 37 159 0.801
13 38 156 0.832
13 39 149 0.865
13 40 166 0.733
13 41 153 0.875
13 42 130 0.865
13 43 163 0.795
13 44 152 0.692
13 45 156 0.883
13 46 187 0.888
13 47 229 0.693
13 48 320 0.779
14 1 269 0.729
14 2 182 0.689
14 3 166 0.886
14 4 169 0.795
14 5 167 0.841
14 6 177 0.88
14 7 169 0.687
14 8 161 0.831
14 9 142 0.877
14 10 158 0.788
14 11 131 0.896
14 12 168 0.719
14 13 145 0.882
14 14 113 0.612
14 15 138 0.822
14 16 126 0.77
14 17 157 0.889
14 18 141 0.904
14 19 124 0.907
14 20 151 0.69
14 21 0 0.0
14 22 90 0.806
14 23 132 0.878
14 24 143 0.714
14 25 164 0.717
14 26 23 0.878
14 27 83 0.662
14 28 146 0.911
14 29 161 0.859
14 30 91 0.794
14 31 137 0.69
14 32 108 0.759
14 33 150 0.69
14 34 145 0.714
14 35 143 0.801
14 36 189 0.722
14 37 157 0.876
14 38 143 0.801
14 39 145 0.738
14 40 145 0.829
14 41 152 0.869
14 42 108 0.812
14 43 143 0.827
14 44 143 0.893
14 45 164 0.875
14 46 196 0.787
14 47 207 0.883
14 48 265 0.788
15 1 301 0.728
15 2 203 0.885
15 3 209 0.883
15 4 168 0.79
15 5 162 0.836
15 6 159 0.9
15 7 146 0.736
15 8 138 0.861
15 9 143 0.839
15 10 99 0.823
15 11 147 0.717
15 12 151 0.834
15 13 142 0.92
15 14 166 0.825
15 15 142 0.733
15 16 146 0.771
15 17 151 0.855
15 18 142 0.74
15 19 149 0.751
15 20 132 0.878
15 21 148 0.798
15 22 161 0.717
15 23 154 0.784
15 24 141 0.88
15 25 138 0.81
15 26 160 0.842
15 27 112 0.8
15 28 104 0.677
15 29 160 0.854
15 30 171 0.739
15 31 131 0.83
15 32 144 0.743
15 33 177 0.748
15 34 102 0.848
15 35 145 0.782
15 36 149 0.852
15 37 146 0.787
15 38 154 0.701
15 39 132 0.815
15 40 149 0.844
15 41 154 0.881
15 42 153 0.825
15 43 132 0.729
15 44 158 0.852
15 45 164 0.639
15 46 179 0.842
15 47 206 0.778
15 48 297 0.852
16 1 292 0.82
16 2 228 0.897
16 3 0 0.0
16 4 19 -1.0
16 5 181 0.824
16 6 188 0.778
16 7 142 0.715
16 8 143 0.631
16 9 148 0.753
16 10 165 0.638
16 11 149 0.815
16 12 159 0.783
16 13 147 0.885
16 14 141 0.904
16 15 146 0.856
16 16 188 0.876
16 17 146 0.761
16 18 154 0.83
16 19 148 0.705
16 20 154 0.659
16 21 139 0.845
16 22 144 0.836
16 23 155 0.819
16 24 143 0.81
16 25 143 0.763
16 26 148 0.722
16 27 110 0.705
16 28 142 0.864
16 29 161 0.8
16 30 156 0.853
16 31 167 0.841
16 32 144 0.686
16 33 170 0.712
16 34 153 0.837
16 35 151 0.895
16 36 178 0.8
16 37 139 0.779
16 38 132 0.722
16 39 159 0.79
16 40 133 0.862
16 41 132 0.747
16 42 130 0.64
16 43 154 0.851
16 44 142 0.776
16 45 192 0.812
16 46 198 0.769
16 47 209 0.847
16 48 284 0.787
17 1 307 0.812
17 2 221 0.664
17 3 186 0.696
17 4 162 0.895
17 5 186 0.821
17 6 146 0.835
17 7 154 0.927
17 8 208 0.947
17 9 145 0.748
17 10 146 0.761
17 11 144 0.743
17 12 162 0.797
17 13 154 0.765
17 14 140 0.729
17 15 150 0.781
17 16 155 0.819
17 17 141 0.871
17 18 120 0.65
17 19 160 0.762
17 20 167 0.708
17 21 141 0.858
17 22 144 0.889
17 23 129 0.601
17 24 140 0.864
17 25 158 0.904
17 26 117 0.75
17 27 123 0.874
17 28 139 0.836
17 29 142 0.886
17 30 150 0.889
17 31 144 0.768
17 32 141 0.848
17 33 157 0.799
17 34 167 0.665
17 35 141 0.913
17 36 164 0.781
17 37 167 0.665
17 38 152 0.773
17 39 138 0.643
17 40 174 0.742
17 41 137 0.804
17 42 137 0.776
17 43 144 0.65
17 44 125 0.855
17 45 116 0.838
17 46 174 0.81
17 47 246 0.799
17 48 256 0.711
18 1 211 0.9
18 2 228 0.836
18 3 199 0.878
18 4 167 0.771
18 5 157 0.81
18 6 162 0.836
18 7 160 0.803
18 8 139 0.768
18 9 150 0.781
18 10 173 0.689
18 11 144 0.867
18 12 144 0.733
18 13 151 0.806
18 14 161 0.785
18 15 140 0.83
18 16 149 0.897
18 17 155 0.722
18 18 148 0.753
18 19 150 0.699
18 20 145 0.882
18 21 154 0.822
18 22 137 0.724
18 23 137 0.897
18 24 150 0.781
18 25 139 0.636
18 26 72 0.744
18 27 136 0.685
18 28 128 0.811
18 29 182 0.793
18 30 165 0.713
18 31 155 0.77
18 32 146 0.787
18 33 146 0.806
18 34 161 0.8
18 35 135 0.843
18 36 147 0.841
18 37 122 0.782
18 38 145 0.813
18 39 156 0.892
18 40 140 0.887
18 41 142 0.75
18 42 108 0.872
18 43 139 0.868
18 44 155 0.781
18 45 172 0.705
18 46 186 0.875
18 47 226 0.662
18 48 271 0.871
19 1 235 0.736
19 2 177 0.86
19 3 183 0.833
19 4 189 0.861
19 5 153 0.825
19 6 160 0.845
19 7 154 0.872
19 8 157 0.799
19 9 129 0.849
19 10 158 0.668
19 11 156 0.832
19 12 171 0.9
19 13 127 0.913
19 14 155 0.887
19 15 113 0.86
19 16 123 0.52
19 17 146 0.815
19 18 158 0.864
19 19 153 0.866
19 20 146 0.771
19 21 154 0.776
19 22 87 0.842
19 23 121 0.692
19 24 138 0.83
19 25 141 0.642
19 26 157 0.846
19 27 106 0.698
19 28 189 0.743
19 29 146 0.601
19 30 137 0.757
19 31 146 0.856
19 32 162 0.816
19 33 164 0.823
19 34 151 0.673
19 35 157 0.931
19 36 147 0.894
19 37 150 0.692
19 38 137 0.757
19 39 164 0.925
19 40 154 0.802
19 41 165 0.86
19 42 134 0.759
19 43 135 0.772
19 44 82 0.872
19 45 174 0.916
19 46 211 0.855
19 47 206 0.878
19 48 279 0.845
20 1 283 0.826
20 2 184 0.732
20 3 187 0.86
20 4 183 0.909
20 5 156 0.713
20 6 156 0.736
20 7 115 0.901
20 8 167 0.796
20 9 151 0.787
20 10 162 0.864
20 11 110 0.877
20 12 142 0.854
20 13 134 0.722
20 14 150 0.812
20 15 156 0.906
20 16 132 0.747
20 17 138 0.83
20 18 166 0.749
20 19 152 0.848
20 20 148 0.782
20 21 131 0.872
20 22 145 0.873
20 23 137 0.776
20 24 138 0.918
20 25 153 0.719
20 26 143 0.704
20 27 152 0.892
20 28 143 0.763
20 29 140 0.821
20 30 136 0.77
20 31 152 0.861
20 32 168 0.875
20 33 142 0.833
20 34 139 0.824
20 35 148 0.779
20 36 159 0.878
20 37 145 0.766
20 38 136 0.905
20 39 149 0.726
20 40 101 0.71
20 41 79 0.686
20 42 67 0.912
20 43 147 0.792
20 44 151 0.761
20 45 182 0.867
20 46 229 0.857
20 47 227 0.81
20 48 290 0.847
21 1 300 0.76
21 2 206 0.737
21 3 185 0.85
21 4 179 0.773
21 5 165 0.595
21 6 167 0.737
21 7 164 0.807
21 8 150 0.871
21 9 152 0.773
21 10 158 0.843
21 11 131 0.849
21 12 165 0.812
21 13 148 0.668
21 14 152 0.831
21 15 140 0.773
21 16 151 0.864
21 17 106 0.893
21 18 141 0.848
21 19 155 0.715
21 20 159 0.848
21 21 140 0.834
21 22 138 0.755
21 23 140 0.793
21 24 125 0.801
21 25 148 0.809
21 26 153 0.845
21 27 143 0.851
21 28 149 0.741
21 29 151 0.806
21 30 149 0.815
21 31 152 0.882
21 32 157 0.799
21 33 142 0.833
21 34 171 0.681
21 35 158 0.697
21 36 136 0.744
21 37 136 0.84
21 38 172 0.743
21 39 140 0.813
21 40 141 0.815
21 41 134 0.827
21 42 126 0.816
21 43 130 0.833
21 44 150 0.731
21 45 208 0.843
21 46 201 0.717
21 47 152 0.84
21 48 307 0.81
22 1 250 0.844
22 2 288 0.692
22 3 215 0.821
22 4 190 0.873
22 5 193 0.907
22 6 169 0.714
22 7 214 0.698
22 8 146 0.865
22 9 156 0.805
22 10 155 0.808
22 11 169 0.84
22 12 152 0.665
22 13 135 0.843
22 14 145 0.615
22 15 149 0.844
22 16 153 0.789
22 17 157 0.876
22 18 128 0.875
22 19 114 0.805
22 20 132 0.747
22 21 156 0.853
22 22 96 0.844
22 23 157 0.625
22 24 149 0.576
22 25 198 0.687
22 26 160 0.834
22 27 131 0.818
22 28 143 0.818
22 29 155 0.658
22 30 153 0.897
22 31 146 0.806
22 32 144 0.776
22 33 162 0.844
22 34 186 0.855
22 35 165 0.868
22 36 143 0.72
22 37 133 0.839
22 38 114 0.662
22 39 147 0.784
22 40 135 0.865
22 41 138 0.861
22 42 149 0.776
22 43 129 0.757
22 44 165 0.839
22 45 288 0.765
22 46 220 0.876
22 47 236 0.424
22 48 337 0.647
23 1 316 0.757
23 2 271 0.507
23 3 221 0.834
23 4 187 0.815
23 5 160 0.862
23 6 195 0.696
23 7 160 0.594
23 8 171 0.862
23 9 156 0.862
23 10 150 0.809
23 11 154 0.868
23 12 154 0.903
23 13 160 0.795
23 14 144 0.702
23 15 137 0.764
23 16 132 0.824
23 17 0 0.0
23 18 139 0.836
23 19 146 0.659
23 20 95 0.79
23 21 100 0.774
23 22 154 0.765
23 23 154 0.734
23 24 144 0.726
23 25 157 0.709
23 26 152 0.741
23 27 174 0.856
23 28 89 0.773
23 29 130 0.736
23 30 149 0.883
23 31 158 0.75
23 32 122 0.857
23 33 154 0.851
23 34 158 0.785
23 35 153 0.778
23 36 160 0.706
23 37 141 0.848
23 38 146 0.911
23 39 139 0.787
23 40 142 0.733
23 41 138 0.773
23 42 126 0.807
23 43 137 0.738
23 44 164 0.781
23 45 207 0.856
23 46 218 0.857
23 47 246 0.745
23 48 366 0.631
24 1 242 0.873
24 2 231 0.765
24 3 0 0.0
24 4 0 0.0
24 5 139 0.749
24 6 190 0.839
24 7 186 0.786
24 8 186 0.705
24 9 156 0.832
24 10 139 0.815
24 11 168 0.689
24 12 140 0.834
24 13 141 0.899
24 14 142 0.854
24 15 198 0.595
24 16 141 0.79
24 17 124 0.795
24 18 155 0.808
24 19 145 0.882
24 20 129 0.768
24 21 149 0.874
24 22 144 0.824
24 23 162 0.762
24 24 147 0.832
24 25 165 0.735
24 26 131 0.699
24 27 144 0.768
24 28 134 0.836
24 29 134 0.722
24 30 152 0.766
24 31 148 0.607
24 32 138 0.658
24 33 146 0.696
24 34 140 0.874
24 35 150 0.8
24 36 144 0.709
24 37 160 0.795
24 38 174 0.758
24 39 135 0.71
24 40 144 0.824
24 41 142 0.784
24 42 127 0.814
24 43 174 0.865
24 44 194 0.796
24 45 203 0.724
24 46 225 0.743
24 47 266 0.744
24 48 362 0.649
25 1 274 0.823
25 2 232 0.633
25 3 215 0.617
25 4 178 0.811
25 5 186 0.658
25 6 196 0.78
25 7 181 0.63
25 8 134 0.859
25 9 178 0.837
25 10 173 0.798
25 11 174 0.707
25 12 152 0.811
25 13 122 0.745
25 14 142 0.733
25 15 124 0.858
25 16 126 0.896
25 17 128 0.852
25 18 133 0.852
25 19 133 0.895
25 20 160 0.676
25 21 157 0.826
25 22 139 0.787
25 23 134 0.767
25 24 147 0.741
25 25 161 0.792
25 26 145 0.721
25 27 142 0.784
25 28 130 0.856
25 29 153 0.837
25 30 132 0.766
25 31 130 0.833
25 32 156 0.841
25 33 155 0.763
25 34 150 0.837
25 35 149 0.844
25 36 160 0.834
25 37 140 0.712
25 38 136 0.555
25 39 138 0.773
25 40 117 0.77
25 41 122 0.674
25 42 146 0.815
25 43 168 0.884
25 44 193 0.841
25 45 237 0.699
25 46 232 0.673
25 47 248 0.628
25 48 338 0.703
26 1 361 0.722
26 2 283 0.568
26 3 230 0.715
26 4 209 0.776
26 5 192 0.764
26 6 192 0.829
26 7 186 0.863
26 8 158 0.713
26 9 144 0.578
26 10 120 0.853
26 11 156 0.778
26 12 150 0.763
26 13 138 0.839
26 14 128 0.82
26 15 134 0.733
26 16 119 0.709
26 17 141 0.752
26 18 134 0.636
26 19 152 0.831
26 20 144 0.68
26 21 149 0.664
26 22 147 0.841
26 23 149 0.815
26 24 148 0.79
26 25 133 0.745
26 26 139 0.727
26 27 148 0.809
26 28 102 0.777
26 29 12 0.579
26 30 15 0.481
26 31 136 0.744
26 32 137 0.787
26 33 172 0.855
26 34 121 0.874
26 35 138 0.781
26 36 133 0.852
26 37 138 0.843
26 38 150 0.849
26 39 148 0.722
26 40 148 0.674
26 41 128 0.717
26 42 159 0.633
26 43 211 0.847
26 44 213 0.769
26 45 313 0.632
26 46 281 0.584
26 47 287 0.717
26 48 365 0.685
27 1 313 0.799
27 2 231 0.847
27 3 229 0.901
27 4 272 0.596
27 5 196 0.821
27 6 129 0.629
27 7 162 0.873
27 8 162 0.772
27 9 179 0.808
27 10 165 0.86
27 11 167 0.85
27 12 169 0.813
27 13 118 0.703
27 14 132 0.722
27 15 147 0.812
27 16 156 0.743
27 17 134 0.798
27 18 141 0.894
27 19 131 0.651
27 20 154 0.851
27 21 137 0.888
27 22 164 0.826
27 23 104 0.805
27 24 159 0.869
27 25 135 0.792
27 26 135 0.615
27 27 155 0.693
27 28 155 0.781
27 29 148 0.76
27 30 136 0.818
27 31 123 0.707
27 32 206 0.852
27 33 176 0.847
27 34 150 0.912
27 35 132 0.803
27 36 107 0.752
27 37 160 0.788
27 38 149 0.795
27 39 140 0.821
27 40 143 0.782
27 41 152 0.766
27 42 184 0.846
27 43 203 0.667
27 44 219 0.673
27 45 168 0.872
27 46 186 0.563
27 47 233 0.604
27 48 428 0.578
28 1 308 0.679
28 2 322 0.65
28 3 357 0.599
28 4 262 0.808
28 5 228 0.578
28 6 201 0.857
28 7 181 0.782
28 8 178 0.793
28 9 164 0.693
28 10 160 0.795
28 11 187 0.8
28 12 173 0.852
28 13 159 0.765
28 14 169 0.805
28 15 143 0.714
28 16 131 0.742
28 17 150 0.789
28 18 150 0.708
28 19 159 0.798
28 20 139 0.891
28 21 178 0.837
28 22 146 0.911
28 23 157 0.818
28 24 146 0.798
28 25 143 0.81
28 26 154 0.859
28 27 144 0.768
28 28 145 0.842
28 29 139 0.687
28 30 143 0.79
28 31 148 0.847
28 32 147 0.82
28 33 149 0.611
28 34 154 0.695
28 35 154 0.784
28 36 171 0.823
28 37 167 0.822
28 38 170 0.916
28 39 138 0.871
28 40 149 0.726
28 41 181 0.758
28 42 184 0.788
28 43 197 0.859
28 44 214 0.885
28 45 282 0.626
28 46 294 0.852
28 47 337 0.455
28 48 425 0.672
29 1 335 0.774
29 2 353 0.551
29 3 366 0.509
29 4 281 0.724
29 5 241 0.798
29 6 252 0.59
29 7 192 0.771
29 8 205 0.893
29 9 185 0.881
29 10 171 0.83
29 11 141 0.836
29 12 165 0.921
29 13 155 0.756
29 14 169 0.723
29 15 149 0.883
29 16 175 0.878
29 17 155 0.756
29 18 172 0.801
29 19 144 0.845
29 20 165 0.898
29 21 154 0.913
29 22 165 0.86
29 23 161 0.921
29 24 167 0.841
29 25 170 0.926
29 26 181 0.824
29 27 144 0.899
29 28 111 0.935
29 29 174 0.856
29 30 170 0.792
29 31 114 0.704
29 32 162 0.664
29 33 153 0.729
29 34 176 0.839
29 35 42 0.971
29 36 152 0.748
29 37 151 0.864
29 38 160 0.732
29 39 180 0.624
29 40 171 0.624
29 41 191 0.843
29 42 209 0.865
29 43 238 0.767
29 44 243 0.802
29 45 248 0.73
29 46 249 0.594
29 47 291 0.637
29 48 299 0.696
30 1 323 0.633
30 2 314 0.461
30 3 361 0.547
30 4 290 0.587
30 5 268 0.727
30 6 235 0.664
30 7 186 0.836
30 8 216 0.809
30 9 153 0.845
30 10 194 0.75
30 11 197 0.791
30 12 176 0.827
30 13 174 0.837
30 14 177 0.788
30 15 190 0.796
30 16 171 0.834
30 17 192 0.638
30 18 200 0.675
30 19 170 0.81
30 20 169 0.721
30 21 154 0.751
30 22 177 0.799
30 23 176 0.895
30 24 172 0.743
30 25 218 0.833
30 26 194 0.838
30 27 175 0.861
30 28 172 0.794
30 29 174 0.916
30 30 194 0.756
30 31 137 0.807
30 32 172 0.809
30 33 171 0.85
30 34 177 0.888
30 35 179 0.651
30 36 170 0.767
30 37 171 0.695
30 38 187 0.899
30 39 172 0.801
30 40 186 0.663
30 41 199 0.754
30 42 227 0.875
30 43 237 0.67
30 44 299 0.852
30 45 258 0.722
30 46 261 0.684
30 47 264 0.604
30 48 343 0.641
31 1 399 0.436
31 2 366 0.631
31 3 422 0.518
31 4 331 0.741
31 5 152 0.869
31 6 251 0.741
31 7 227 0.615
31 8 207 0.842
31 9 231 0.795
31 10 239 0.745
31 11 198 0.741
31 12 141 0.752
31 13 196 0.498
31 14 218 0.85
31 15 268 0.777
31 16 188 0.83
31 17 196 0.821
31 18 205 0.848
31 19 229 0.764
31 20 200 0.728
31 21 149 0.795
31 22 202 0.88
31 23 240 0.651
31 24 241 0.789
31 25 202 0.794
31 26 240 0.573
31 27 250 0.821
31 28 241 0.73
31 29 157 0.898
31 30 217 0.829
31 31 165 0.839
31 32 243 0.639
31 33 239 0.731
31 34 246 0.56
31 35 222 0.855
31 36 224 0.889
31 37 216 0.715
31 38 205 0.494
31 39 117 0.891
31 40 224 0.616
31 41 229 0.59
31 42 153 0.669
31 43 293 0.806
31 44 274 0.713
31 45 280 0.734
31 46 270 0.861
31 47 282 0.676
31 48 350 0.744
32 1 390 0.311
32 2 425 0.483
32 3 477 0.426
32 4 361 0.533
32 5 455 0.482
32 6 298 0.792
32 7 295 0.511
32 8 280 0.637
32 9 282 0.598
32 10 287 0.699
32 11 377 0.754
32 12 287 0.712
32 13 257 0.732
32 14 342 0.606
32 15 327 0.606
32 16 306 0.807
32 17 359 0.683
32 18 348 0.624
32 19 348 0.656
32 20 294 0.776
32 21 216 0.678
32 22 322 0.85
32 23 252 0.66
32 24 351 0.605
32 25 253 0.658
32 26 361 0.744
32 27 212 0.736
32 28 345 0.636
32 29 321 0.708
32 30 277 0.716
32 31 284 0.821
32 32 360 0.711
32 33 281 0.712
32 34 342 0.694
32 35 323 0.536
32 36 313 0.788
32 37 286 0.715
32 38 278 0.709
32 39 302 0.73
32 40 298 0.868
32 41 284 0.775
32 42 274 0.754
32 43 383 0.766
32 44 419 0.556
32 45 384 0.615
32 46 390 0.738
32 47 428 0.647
32 48 334 0.678
