row  column  size-1  circ-1
1 1 190 0.923
1 2 203 0.904
1 3 166 0.959
1 4 195 0.888
1 5 197 0.886
1 6 229 0.875
1 7 239 0.877
1 8 200 0.827
1 9 128 0.936
1 10 226 0.784
1 11 167 0.841
1 12 160 0.948
1 13 124 0.907
1 14 166 0.95
1 15 180 0.895
1 16 188 0.884
1 17 99 0.799
1 18 109 0.907
1 19 195 0.861
1 20 181 0.9
1 21 197 0.878
1 22 214 0.824
1 23 204 0.909
1 24 205 0.783
1 25 217 0.898
1 26 199 0.849
1 27 213 0.828
1 28 210 0.877
1 29 217 0.879
1 30 191 0.898
1 31 203 0.885
1 32 238 0.856
1 33 224 0.87
1 34 244 0.903
1 35 30 0.857
1 36 52 0.956
1 37 269 0.865
1 38 216 0.91
1 39 219 0.788
1 40 239 0.711
1 41 348 0.789
1 42 311 0.826
1 43 418 0.886
1 44 402 0.846
1 45 400 0.755
1 46 418 0.719
1 47 475 0.435
1 48 508 0.442
2 1 169 0.953
2 2 194 0.872
2 3 200 0.928
2 4 194 0.912
2 5 188 0.913
2 6 199 0.895
2 7 150 0.912
2 8 157 0.898
2 9 169 0.911
2 10 167 0.932
2 11 168 0.846
2 12 164 0.972
2 13 160 0.915
2 14 174 0.894
2 15 182 0.803
2 16 184 0.945
2 17 166 0.895
2 18 167 0.811
2 19 207 0.894
2 20 162 0.917
2 21 157 0.931
2 22 160 0.925
2 23 167 0.932
2 24 163 0.9
2 25 151 0.928
2 26 156 0.925
2 27 169 0.92
2 28 112 0.915
2 29 166 0.926
2 30 155 0.878
2 31 147 0.894
2 32 176 0.875
2 33 101 0.888
2 34 101 0.946
2 35 200 0.82
2 36 200 0.872
2 37 189 0.842
2 38 188 0.904
2 39 239 0.813
2 40 210 0.869
2 41 181 0.952
2 42 214 0.933
2 43 260 0.845
2 44 307 0.747
2 45 236 0.883
2 46 311 0.783
2 47 364 0.707
2 48 456 0.815
3 1 154 0.961
3 2 216 0.921
3 3 150 0.912
3 4 175 0.899
3 5 170 0.894
3 6 158 0.913
3 7 150 0.936
3 8 158 0.937
3 9 150 0.88
3 10 174 0.885
3 11 170 0.894
3 12 163 0.879
3 13 0 0.0
3 14 0 0.0
3 15 160 0.902
3 16 159 0.933
3 17 160 0.893
3 18 148 0.847
3 19 155 0.909
3 20 141 0.949
3 21 135 0.96
3 22 160 0.893
3 23 146 0.921
3 24 159 0.91
3 25 157 0.921
3 26 161 0.912
3 27 160 0.834
3 28 156 0.853
3 29 171 0.922
3 30 157 0.921
3 31 163 0.733
3 32 156 0.87
3 33 168 0.855
3 34 165 0.86
3 35 119 0.906
3 36 93 0.924
3 37 187 0.871
3 38 162 0.722
3 39 176 0.895
3 40 157 0.867
3 41 175 0.842
3 42 196 0.818
3 43 186 0.903
3 44 194 0.921
3 45 224 0.822
3 46 277 0.686
3 47 226 0.86
3 48 349 0.767
4 1 205 0.838
4 2 200 0.88
4 3 159 0.91
4 4 165 0.921
4 5 164 0.906
4 6 153 0.907
4 7 150 0.871
4 8 157 0.931
4 9 157 0.921
4 10 139 0.925
4 11 150 0.88
4 12 165 0.86
4 13 151 0.918
4 14 143 0.86
4 15 141 0.964
4 16 149 0.93
4 17 145 0.891
4 18 148 0.934
4 19 146 0.806
4 20 113 0.923
4 21 139 0.901
4 22 144 0.923
4 23 151 0.886
4 24 155 0.933
4 25 152 0.84
4 26 152 0.901
4 27 156 0.915
4 28 146 0.911
4 29 153 0.888
4 30 161 0.889
4 31 148 0.959
4 32 187 0.879
4 33 166 0.895
4 34 156 0.892
4 35 150 0.912
4 36 165 0.898
4 37 172 0.905
4 38 156 0.949
4 39 155 0.919
4 40 149 0.916
4 41 177 0.871
4 42 171 0.85
4 43 172 0.773
4 44 197 0.866
4 45 208 0.906
4 46 200 0.864
4 47 233 0.831
4 48 348 0.834
5 1 176 0.935
5 2 188 0.943
5 3 211 0.873
5 4 163 0.9
5 5 164 0.893
5 6 163 0.932
5 7 158 0.895
5 8 143 0.902
5 9 144 0.899
5 10 130 0.856
5 11 157 0.889
5 12 142 0.877
5 13 130 0.951
5 14 125 0.914
5 15 147 0.894
5 16 126 0.921
5 17 122 0.848
5 18 140 0.897
5 19 145 0.882
5 20 132 0.913
5 21 137 0.958
5 22 122 0.903
5 23 123 0.925
5 24 137 0.902
5 25 139 0.868
5 26 146 0.921
5 27 158 0.873
5 28 154 0.903
5 29 157 0.907
5 30 147 0.832
5 31 172 0.827
5 32 142 0.837
5 33 150 0.871
5 34 159 0.91
5 35 143 0.952
5 36 155 0.953
5 37 174 0.521
5 38 165 0.889
5 39 128 0.91
5 40 171 0.891
5 41 162 0.861
5 42 188 0.884
5 43 293 0.935
5 44 175 0.858
5 45 204 0.897
5 46 196 0.787
5 47 232 0.876
5 48 346 0.756
6 1 196 0.913
6 2 178 0.856
6 3 173 0.942
6 4 166 0.904
6 5 160 0.939
6 6 144 0.909
6 7 141 0.904
6 8 131 0.921
6 9 146 0.869
6 10 148 0.868
6 11 125 0.879
6 12 115 0.901
6 13 124 0.907
6 14 127 0.903
6 15 131 0.906
6 16 134 0.906
6 17 138 0.884
6 18 134 0.953
6 19 111 0.896
6 20 97 0.88
6 21 101 0.946
6 22 127 0.868
6 23 138 0.852
6 24 130 0.924
6 25 131 0.839
6 26 129 0.907
6 27 143 0.916
6 28 150 0.936
6 29 146 0.921
6 30 153 0.897
6 31 141 0.88
6 32 143 0.893
6 33 143 0.893
6 34 144 0.958
6 35 160 0.915
6 36 165 0.868
6 37 170 0.75
6 38 163 0.932
6 39 175 0.842
6 40 178 0.868
6 41 178 0.829
6 42 185 0.89
6 43 198 0.874
6 44 161 0.921
6 45 205 0.866
6 46 221 0.834
6 47 266 0.826
6 48 426 0.703
7 1 192 0.911
7 2 192 0.812
7 3 171 0.879
7 4 165 0.911
7 5 166 0.873
7 6 153 0.875
7 7 132 0.837
7 8 161 0.898
7 9 137 0.912
7 10 131 0.872
7 11 150 0.88
7 12 127 0.903
7 13 121 0.755
7 14 142 0.945
7 15 128 0.91
7 16 128 0.9
7 17 155 0.909
7 18 142 0.845
7 19 117 0.944
7 20 137 0.912
7 21 118 0.953
7 22 134 0.892
7 23 140 0.842
7 24 141 0.871
7 25 134 0.927
7 26 126 0.959
7 27 139 0.925
7 28 134 0.98
7 29 143 0.893
7 30 150 0.936
7 31 139 0.891
7 32 140 0.887
7 33 144 0.933
7 34 157 0.898
7 35 147 0.871
7 36 157 0.931
7 37 180 0.846
7 38 168 0.835
7 39 164 0.915
7 40 170 0.939
7 41 179 0.834
7 42 179 0.911
7 43 167 0.87
7 44 176 0.866
7 45 200 0.899
7 46 260 0.852
7 47 263 0.704
7 48 389 0.522
8 1 209 0.872
8 2 180 0.947
8 3 160 0.788
8 4 162 0.927
8 5 85 0.891
8 6 151 0.864
8 7 130 0.924
8 8 155 0.865
8 9 117 0.944
8 10 141 0.871
8 11 131 0.896
8 12 112 0.904
8 13 134 0.916
8 14 138 0.781
8 15 130 0.879
8 16 124 0.795
8 17 131 0.921
8 18 141 0.904
8 19 129 0.907
8 20 134 0.882
8 21 132 0.869
8 22 141 0.904
8 23 103 0.894
8 24 92 0.789
8 25 125 0.889
8 26 146 0.901
8 27 115 0.891
8 28 125 0.914
8 29 125 0.94
8 30 141 0.89
8 31 137 0.912
8 32 141 0.928
8 33 133 0.885
8 34 139 0.891
8 35 149 0.874
8 36 153 0.897
8 37 153 0.897
8 38 158 0.951
8 39 0 0.0
8 40 0 0.0
8 41 174 0.845
8 42 184 0.857
8 43 173 0.91
8 44 182 0.926
8 45 194 0.786
8 46 257 0.813
8 47 314 0.73
8 48 434 0.601
9 1 187 0.929
9 2 204 0.87
9 3 163 0.879
9 4 178 0.856
9 5 154 0.872
9 6 167 0.841
9 7 127 0.893
9 8 127 0.929
9 9 139 0.807
9 10 131 0.886
9 11 155 0.856
9 12 137 0.937
9 13 112 0.904
9 14 149 0.93
9 15 137 0.846
9 16 133 0.866
9 17 116 0.936
9 18 123 0.874
9 19 142 0.877
9 20 135 0.934
9 21 113 0.886
9 22 111 0.896
9 23 115 0.928
9 24 128 0.875
9 25 124 0.896
9 26 143 0.87
9 27 76 0.824
9 28 93 0.871
9 29 129 0.954
9 30 149 0.874
9 31 139 0.901
9 32 150 0.858
9 33 138 0.884
9 34 137 0.912
9 35 127 0.814
9 36 126 0.875
9 37 157 0.921
9 38 144 0.876
9 39 155 0.856
9 40 162 0.917
9 41 155 0.878
9 42 156 0.841
9 43 152 0.882
9 44 180 0.846
9 45 182 0.848
9 46 210 0.884
9 47 272 0.699
9 48 379 0.661
10 1 196 0.742
10 2 189 0.897
10 3 171 0.944
10 4 164 0.906
10 5 109 0.907
10 6 147 0.885
10 7 147 0.894
10 8 116 0.92
10 9 139 0.836
10 10 131 0.809
10 11 76 0.911
10 12 63 0.943
10 13 132 0.892
10 14 130 0.951
10 15 131 0.872
10 16 136 0.871
10 17 120 0.867
10 18 138 0.918
10 19 115 0.928
10 20 119 0.885
10 21 99 0.887
10 22 116 0.873
10 23 132 0.903
10 24 87 0.912
10 25 129 0.849
10 26 150 0.88
10 27 113 0.964
10 28 139 0.925
10 29 141 0.88
10 30 144 0.876
10 31 133 0.946
10 32 146 0.848
10 33 133 0.909
10 34 125 0.879
10 35 146 0.888
10 36 148 0.924
10 37 126 0.896
10 38 138 0.822
10 39 151 0.834
10 40 145 0.929
10 41 161 0.921
10 42 163 0.91
10 43 169 0.88
10 44 180 0.916
10 45 189 0.813
10 46 216 0.786
10 47 340 0.801
10 48 411 0.695
11 1 171 0.931
11 2 190 0.865
11 3 155 0.909
11 4 163 0.887
11 5 103 0.894
11 6 129 0.849
11 7 131 0.896
11 8 125 0.914
11 9 115 0.891
11 10 129 0.917
11 11 129 0.872
11 12 135 0.898
11 13 54 0.606
11 14 52 0.708
11 15 124 0.917
11 16 135 0.908
11 17 117 0.928
11 18 109 0.918
11 19 129 0.917
11 20 117 0.779
11 21 131 0.958
11 22 125 0.879
11 23 135 0.888
11 24 136 0.93
11 25 134 0.927
11 26 106 0.909
11 27 125 0.914
11 28 150 0.936
11 29 141 0.904
11 30 127 0.903
11 31 122 0.929
11 32 137 0.937
11 33 133 0.899
11 34 142 0.945
11 35 147 0.853
11 36 150 0.946
11 37 149 0.874
11 38 144 0.923
11 39 152 0.892
11 40 157 0.898
11 41 155 0.909
11 42 170 0.894
11 43 170 0.894
11 44 184 0.795
11 45 181 0.843
11 46 220 0.858
11 47 263 0.808
11 48 345 0.77
12 1 190 0.821
12 2 183 0.94
12 3 150 0.936
12 4 158 0.891
12 5 112 0.878
12 6 164 0.897
12 7 108 0.883
12 8 137 0.937
12 9 133 0.935
12 10 125 0.914
12 11 117 0.917
12 12 127 0.918
12 13 110 0.888
12 14 141 0.871
12 15 109 0.918
12 16 132 0.878
12 17 134 0.906
12 18 134 0.868
12 19 112 0.843
12 20 133 0.866
12 21 140 0.907
12 22 133 0.885
12 23 118 0.839
12 24 148 0.924
12 25 137 0.937
12 26 136 0.93
12 27 123 0.899
12 28 136 0.905
12 29 150 0.922
12 30 143 0.902
12 31 147 0.862
12 32 149 0.93
12 33 160 0.884
12 34 137 0.878
12 35 134 0.916
12 36 139 0.891
12 37 135 0.898
12 38 150 0.867
12 39 151 0.864
12 40 137 0.912
12 41 157 0.955
12 42 179 0.869
12 43 196 0.893
12 44 148 0.891
12 45 178 0.856
12 46 193 0.844
12 47 191 0.843
12 48 427 0.693
13 1 148 0.9
13 2 183 0.901
13 3 171 0.922
13 4 155 0.943
13 5 13 0.753
13 6 22 0.552
13 7 142 0.854
13 8 132 0.913
13 9 132 0.846
13 10 119 0.906
13 11 117 0.87
13 12 129 0.882
13 13 129 0.827
13 14 136 0.895
13 15 132 0.865
13 16 108 0.898
13 17 140 0.897
13 18 119 0.921
13 19 134 0.916
13 20 152 0.861
13 21 47 0.947
13 22 47 0.904
13 23 115 0.928
13 24 81 0.891
13 25 129 0.741
13 26 124 0.907
13 27 115 0.777
13 28 124 0.933
13 29 113 0.836
13 30 143 0.952
13 31 112 0.843
13 32 123 0.936
13 33 129 0.868
13 34 157 0.889
13 35 143 0.952
13 36 142 0.896
13 37 140 0.907
13 38 152 0.949
13 39 132 0.938
13 40 152 0.924
13 41 167 0.838
13 42 168 0.863
13 43 166 0.917
13 44 168 0.897
13 45 186 0.883
13 46 203 0.833
13 47 211 0.816
13 48 326 0.751
14 1 199 0.906
14 2 172 0.905
14 3 166 0.895
14 4 145 0.882
14 5 162 0.904
14 6 156 0.74
14 7 134 0.786
14 8 129 0.882
14 9 116 0.815
14 10 127 0.893
14 11 127 0.859
14 12 132 0.938
14 13 129 0.907
14 14 109 0.946
14 15 116 0.898
14 16 109 0.918
14 17 125 0.879
14 18 125 0.903
14 19 128 0.91
14 20 118 0.953
14 21 129 0.882
14 22 125 0.94
14 23 130 0.914
14 24 114 0.948
14 25 126 0.948
14 26 120 0.903
14 27 113 0.964
14 28 110 0.985
14 29 120 0.929
14 30 146 0.911
14 31 139 0.95
14 32 154 0.903
14 33 154 0.903
14 34 111 0.935
14 35 142 0.956
14 36 149 0.93
14 37 148 0.847
14 38 158 0.873
14 39 174 0.907
14 40 140 0.851
14 41 167 0.778
14 42 146 0.911
14 43 182 0.905
14 44 178 0.856
14 45 165 0.82
14 46 188 0.913
14 47 257 0.732
14 48 327 0.749
15 1 167 0.715
15 2 152 0.901
15 3 172 0.936
15 4 164 0.884
15 5 171 0.922
15 6 191 0.898
15 7 104 0.892
15 8 102 0.926
15 9 198 0.855
15 10 139 0.915
15 11 124 0.872
15 12 118 0.863
15 13 134 0.916
15 14 112 0.904
15 15 115 0.928
15 16 127 0.929
15 17 122 0.929
15 18 98 0.918
15 19 118 0.925
15 20 117 0.87
15 21 137 0.878
15 22 158 0.86
15 23 132 0.903
15 24 96 0.887
15 25 98 0.759
15 26 137 0.846
15 27 133 0.862
15 28 139 0.891
15 29 138 0.801
15 30 126 0.886
15 31 99 0.927
15 32 149 0.897
15 33 146 0.879
15 34 139 0.891
15 35 124 0.882
15 36 122 0.857
15 37 159 0.828
15 38 141 0.848
15 39 152 0.84
15 40 147 0.952
15 41 132 0.903
15 42 134 0.859
15 43 169 0.902
15 44 172 0.905
15 45 170 0.865
15 46 191 0.825
15 47 240 0.792
15 48 449 0.878
16 1 183 0.757
16 2 162 0.873
16 3 185 0.87
16 4 161 0.868
16 5 156 0.915
16 6 140 0.874
16 7 148 0.924
16 8 124 0.816
16 9 122 0.892
16 10 100 0.735
16 11 114 0.909
16 12 117 0.88
16 13 120 0.79
16 14 118 0.829
16 15 111 0.935
16 16 116 0.862
16 17 133 0.909
16 18 131 0.872
16 19 109 0.88
16 20 112 0.889
16 21 148 0.826
16 22 77 0.745
16 23 96 0.86
16 24 143 0.86
16 25 129 0.932
16 26 132 0.878
16 27 138 0.852
16 28 143 0.926
16 29 122 0.903
16 30 148 0.9
16 31 148 0.79
16 32 137 0.855
16 33 137 0.888
16 34 145 0.929
16 35 159 0.887
16 36 130 0.914
16 37 162 0.852
16 38 147 0.812
16 39 166 0.926
16 40 178 0.776
16 41 143 0.839
16 42 160 0.762
16 43 185 0.941
16 44 181 0.921
16 45 190 0.77
16 46 197 0.878
16 47 267 0.768
16 48 392 0.712
17 1 179 0.842
17 2 163 0.81
17 3 156 0.862
17 4 147 0.871
17 5 102 0.897
17 6 147 0.841
17 7 103 0.906
17 8 158 0.873
17 9 129 0.943
17 10 140 0.932
17 11 128 0.79
17 12 119 0.836
17 13 127 0.836
17 14 119 0.895
17 15 25 0.896
17 16 33 0.965
17 17 131 0.591
17 18 104 0.805
17 19 120 0.821
17 20 124 0.858
17 21 134 0.892
17 22 105 0.953
17 23 122 0.892
17 24 115 0.901
17 25 140 0.874
17 26 131 0.839
17 27 121 0.86
17 28 149 0.906
17 29 108 0.872
17 30 127 0.868
17 31 110 0.888
17 32 118 0.853
17 33 152 0.915
17 34 141 0.871
17 35 149 0.906
17 36 121 0.921
17 37 137 0.868
17 38 145 0.895
17 39 131 0.862
17 40 142 0.864
17 41 138 0.954
17 42 131 0.809
17 43 170 0.857
17 44 175 0.899
17 45 189 0.861
17 46 199 0.789
17 47 302 0.737
17 48 368 0.811
18 1 200 0.903
18 2 174 0.894
18 3 155 0.8
18 4 155 0.896
18 5 144 0.876
18 6 141 0.88
18 7 133 0.852
18 8 131 0.872
18 9 135 0.908
18 10 135 0.875
18 11 124 0.882
18 12 136 0.849
18 13 131 0.931
18 14 126 0.886
18 15 117 0.88
18 16 127 0.94
18 17 124 0.896
18 18 119 0.906
18 19 116 0.936
18 20 119 0.906
18 21 125 0.914
18 22 121 0.775
18 23 118 0.898
18 24 128 0.875
18 25 117 0.88
18 26 123 0.91
18 27 124 0.933
18 28 112 0.915
18 29 123 0.899
18 30 127 0.918
18 31 132 0.833
18 32 140 0.907
18 33 130 0.914
18 34 134 0.882
18 35 146 0.921
18 36 142 0.91
18 37 134 0.916
18 38 149 0.776
18 39 139 0.901
18 40 146 0.856
18 41 159 0.848
18 42 172 0.884
18 43 174 0.678
18 44 165 0.898
18 45 194 0.803
18 46 209 0.832
18 47 227 0.875
18 48 465 0.872
19 1 195 0.709
19 2 167 0.87
19 3 148 0.859
19 4 156 0.915
19 5 0 0.0
19 6 0 0.0
19 7 38 0.607
19 8 33 0.786
19 9 127 0.868
19 10 131 0.862
19 11 137 0.855
19 12 123 0.864
19 13 122 0.918
19 14 125 0.869
19 15 117 0.917
19 16 132 0.913
19 17 125 0.925
19 18 125 0.94
19 19 114 0.948
19 20 121 0.91
19 21 134 0.927
19 22 132 0.903
19 23 134 0.836
19 24 104 0.839
19 25 141 0.871
19 26 114 0.92
19 27 125 0.914
19 28 141 0.938
19 29 135 0.865
19 30 126 0.896
19 31 146 0.888
19 32 123 0.864
19 33 133 0.875
19 34 142 0.91
19 35 146 0.869
19 36 160 0.906
19 37 146 0.911
19 38 166 0.817
19 39 143 0.962
19 40 139 0.891
19 41 137 0.878
19 42 146 0.726
19 43 160 0.915
19 44 172 0.801
19 45 179 0.911
19 46 205 0.809
19 47 223 0.835
19 48 364 0.724
20 1 196 0.901
20 2 151 0.895
20 3 147 0.707
20 4 159 0.933
20 5 144 0.845
20 6 142 0.886
20 7 122 0.918
20 8 118 0.909
20 9 130 0.951
20 10 124 0.907
20 11 105 0.884
20 12 145 0.954
20 13 130 0.865
20 14 123 0.899
20 15 67 0.864
20 16 79 0.913
20 17 132 0.949
20 18 123 0.899
20 19 107 0.839
20 20 104 0.944
20 21 140 0.864
20 22 142 0.896
20 23 151 0.886
20 24 103 0.947
20 25 146 0.936
20 26 135 0.884
20 27 141 0.904
20 28 118 0.925
20 29 137 0.912
20 30 128 0.799
20 31 145 0.851
20 32 124 0.882
20 33 132 0.778
20 34 148 0.9
20 35 127 0.859
20 36 153 0.845
20 37 144 0.815
20 38 151 0.886
20 39 161 0.868
20 40 155 0.9
20 41 159 0.91
20 42 162 0.844
20 43 145 0.939
20 44 168 0.897
20 45 164 0.789
20 46 181 0.765
20 47 223 0.877
20 48 453 0.607
21 1 186 0.933
21 2 157 0.898
21 3 157 0.867
21 4 152 0.811
21 5 157 0.931
21 6 130 0.924
21 7 139 0.891
21 8 135 0.875
21 9 140 0.942
21 10 131 0.931
21 11 119 0.933
21 12 140 0.897
21 13 96 0.899
21 14 124 0.848
21 15 104 0.815
21 16 130 0.924
21 17 126 0.932
21 18 139 0.881
21 19 134 0.892
21 20 132 0.923
21 21 95 0.919
21 22 126 0.932
21 23 136 0.831
21 24 94 0.909
21 25 137 0.69
21 26 125 0.855
21 27 114 0.96
21 28 113 0.912
21 29 131 0.862
21 30 130 0.889
21 31 105 0.924
21 32 124 0.917
21 33 127 0.929
21 34 133 0.935
21 35 133 0.93
21 36 133 0.895
21 37 44 0.747
21 38 39 0.929
21 39 131 0.872
21 40 139 0.836
21 41 159 0.869
21 42 156 0.892
21 43 155 0.887
21 44 168 0.893
21 45 174 0.856
21 46 184 0.885
21 47 153 0.697
21 48 353 0.442
22 1 245 0.575
22 2 161 0.868
22 3 153 0.897
22 4 165 0.911
22 5 154 0.913
22 6 139 0.925
22 7 135 0.865
22 8 116 0.858
22 9 125 0.832
22 10 116 0.909
22 11 131 0.809
22 12 127 0.903
22 13 128 0.852
22 14 136 0.881
22 15 124 0.907
22 16 108 0.95
22 17 127 0.878
22 18 139 0.915
22 19 107 0.864
22 20 121 0.96
22 21 126 0.921
22 22 118 0.839
22 23 118 0.914
22 24 123 0.936
22 25 123 0.899
22 26 128 0.875
22 27 133 0.92
22 28 146 0.911
22 29 131 0.921
22 30 122 0.761
22 31 131 0.862
22 32 126 0.838
22 33 134 0.882
22 34 126 0.948
22 35 136 0.849
22 36 137 0.878
22 37 110 0.852
22 38 135 0.913
22 39 128 0.865
22 40 175 0.823
22 41 160 0.884
22 42 185 0.928
22 43 173 0.852
22 44 163 0.849
22 45 196 0.881
22 46 187 0.7
22 47 239 0.852
22 48 372 0.844
23 1 247 0.831
23 2 168 0.947
23 3 155 0.943
23 4 158 0.895
23 5 128 0.9
23 6 151 0.918
23 7 146 0.879
23 8 146 0.911
23 9 118 0.941
23 10 122 0.918
23 11 133 0.843
23 12 117 0.917
23 13 125 0.899
23 14 129 0.907
23 15 141 0.928
23 16 130 0.914
23 17 131 0.862
23 18 112 0.867
23 19 150 0.88
23 20 130 0.924
23 21 107 0.971
23 22 111 0.86
23 23 140 0.864
23 24 123 0.925
23 25 150 0.912
23 26 133 0.885
23 27 157 0.818
23 28 136 0.905
23 29 143 0.883
23 30 143 0.916
23 31 129 0.797
23 32 146 0.921
23 33 143 0.782
23 34 177 0.788
23 35 138 0.918
23 36 166 0.845
23 37 143 0.902
23 38 154 0.937
23 39 161 0.898
23 40 174 0.885
23 41 36 0.761
23 42 33 -1.0
23 43 182 0.884
23 44 167 0.879
23 45 171 0.85
23 46 183 0.833
23 47 265 0.676
23 48 439 0.761
24 1 241 0.73
24 2 158 0.882
24 3 160 0.884
24 4 147 0.952
24 5 130 0.924
24 6 116 0.909
24 7 127 0.903
24 8 136 0.895
24 9 132 0.888
24 10 130 0.899
24 11 125 0.801
24 12 136 0.895
24 13 138 0.861
24 14 158 0.823
24 15 123 0.899
24 16 131 0.921
24 17 139 0.824
24 18 124 0.907
24 19 125 0.879
24 20 117 0.917
24 21 151 0.826
24 22 157 0.921
24 23 140 0.907
24 24 131 0.862
24 25 130 0.903
24 26 87 0.912
24 27 150 0.88
24 28 164 0.884
24 29 144 0.573
24 30 121 0.921
24 31 156 0.87
24 32 140 0.907
24 33 145 0.882
24 34 158 0.852
24 35 119 0.944
24 36 132 0.878
24 37 140 0.851
24 38 117 0.77
24 39 142 0.91
24 40 135 0.753
24 41 163 0.9
24 42 152 0.901
24 43 170 0.799
24 44 189 0.909
24 45 200 0.845
24 46 209 0.876
24 47 327 0.789
24 48 440 0.738
25 1 247 0.686
25 2 164 0.938
25 3 164 0.863
25 4 135 0.923
25 5 130 0.924
25 6 129 0.858
25 7 115 0.876
25 8 148 0.9
25 9 122 0.716
25 10 115 0.94
25 11 114 0.883
25 12 141 0.88
25 13 118 0.925
25 14 125 0.864
25 15 138 0.884
25 16 143 0.916
25 17 135 0.923
25 18 130 0.824
25 19 151 0.855
25 20 130 0.951
25 21 139 0.881
25 22 144 0.889
25 23 105 0.848
25 24 129 0.849
25 25 132 0.869
25 26 135 0.898
25 27 140 0.917
25 28 135 0.865
25 29 148 0.868
25 30 148 0.829
25 31 120 0.914
25 32 146 0.911
25 33 151 0.864
25 34 153 0.931
25 35 146 0.921
25 36 155 0.909
25 37 153 0.854
25 38 158 0.895
25 39 165 0.794
25 40 162 0.895
25 41 152 0.819
25 42 171 0.931
25 43 147 0.928
25 44 183 0.94
25 45 201 0.832
25 46 168 0.775
25 47 252 0.619
25 48 347 0.792
26 1 257 0.865
26 2 161 0.868
26 3 149 0.852
26 4 149 0.906
26 5 131 0.896
26 6 121 0.86
26 7 126 0.921
26 8 127 0.893
26 9 146 0.921
26 10 157 0.644
26 11 125 0.869
26 12 132 0.878
26 13 115 0.901
26 14 128 0.852
26 15 125 0.855
26 16 129 0.882
26 17 112 0.853
26 18 137 0.902
26 19 118 0.888
26 20 139 0.925
26 21 133 0.909
26 22 153 0.875
26 23 142 0.91
26 24 137 0.776
26 25 146 0.888
26 26 135 0.865
26 27 104 0.944
26 28 133 0.821
26 29 158 0.843
26 30 165 0.86
26 31 145 0.842
26 32 160 0.884
26 33 142 0.833
26 34 130 0.803
26 35 139 0.901
26 36 135 0.865
26 37 153 0.931
26 38 153 0.888
26 39 146 0.888
26 40 127 0.929
26 41 157 0.898
26 42 163 0.802
26 43 175 0.912
26 44 181 0.843
26 45 199 0.834
26 46 240 0.651
26 47 298 0.559
26 48 323 0.761
27 1 295 0.84
27 2 185 0.87
27 3 169 0.911
27 4 160 0.915
27 5 141 0.904
27 6 138 0.884
27 7 154 0.961
27 8 129 0.928
27 9 123 0.925
27 10 136 0.905
27 11 129 0.868
27 12 120 0.843
27 13 130 0.889
27 14 125 0.925
27 15 134 0.892
27 16 134 0.902
27 17 133 0.885
27 18 136 0.871
27 19 161 0.811
27 20 132 0.913
27 21 149 0.883
27 22 166 0.873
27 23 135 0.898
27 24 145 0.905
27 25 153 0.907
27 26 170 0.865
27 27 158 0.904
27 28 162 0.864
27 29 155 0.909
27 30 165 0.911
27 31 165 0.86
27 32 148 0.9
27 33 150 0.871
27 34 162 0.904
27 35 161 0.851
27 36 174 0.865
27 37 147 0.871
27 38 151 0.909
27 39 147 0.928
27 40 163 0.858
27 41 181 0.9
27 42 176 0.895
27 43 192 0.742
27 44 188 0.837
27 45 188 0.864
27 46 194 0.796
27 47 273 0.864
27 48 390 0.693
28 1 278 0.751
28 2 189 0.869
28 3 168 0.915
28 4 155 0.919
28 5 156 0.892
28 6 132 0.938
28 7 133 0.885
28 8 127 0.893
28 9 135 0.898
28 10 137 0.922
28 11 140 0.842
28 12 126 0.906
28 13 128 0.875
28 14 141 0.88
28 15 135 0.792
28 16 132 0.869
28 17 134 0.902
28 18 126 0.896
28 19 141 0.913
28 20 125 0.879
28 21 150 0.903
28 22 153 0.931
28 23 152 0.949
28 24 158 0.895
28 25 156 0.862
28 26 150 0.936
28 27 148 0.868
28 28 141 0.904
28 29 163 0.932
28 30 168 0.884
28 31 151 0.918
28 32 151 0.787
28 33 167 0.9
28 34 158 0.927
28 35 174 0.907
28 36 167 0.838
28 37 152 0.949
28 38 164 0.834
28 39 158 0.904
28 40 164 0.884
28 41 195 0.832
28 42 215 0.814
28 43 209 0.872
28 44 296 0.789
28 45 216 0.867
28 46 225 0.911
28 47 320 0.824
28 48 469 0.817
29 1 235 0.88
29 2 173 0.919
29 3 182 0.856
29 4 167 0.909
29 5 148 0.868
29 6 185 0.911
29 7 149 0.93
29 8 146 0.936
29 9 128 0.947
29 10 134 0.953
29 11 142 0.854
29 12 146 0.946
29 13 139 0.868
29 14 126 0.932
29 15 145 0.895
29 16 139 0.901
29 17 139 0.925
29 18 144 0.899
29 19 152 0.901
29 20 153 0.875
29 21 143 0.926
29 22 155 0.943
29 23 137 0.922
29 24 164 0.906
29 25 156 0.902
29 26 160 0.825
29 27 156 0.915
29 28 159 0.828
29 29 157 0.898
29 30 174 0.885
29 31 172 0.875
29 32 162 0.913
29 33 189 0.869
29 34 183 0.931
29 35 191 0.89
29 36 164 0.834
29 37 181 0.93
29 38 161 0.898
29 39 177 0.88
29 40 208 0.795
29 41 196 0.881
29 42 219 0.887
29 43 179 0.873
29 44 219 0.83
29 45 203 0.885
29 46 253 0.786
29 47 252 0.67
29 48 346 0.842
30 1 254 0.825
30 2 199 0.915
30 3 191 0.907
30 4 188 0.884
30 5 212 0.676
30 6 161 0.898
30 7 146 0.946
30 8 162 0.882
30 9 160 0.842
30 10 143 0.941
30 11 168 0.884
30 12 150 0.922
30 13 160 0.925
30 14 171 0.944
30 15 180 0.895
30 16 156 0.925
30 17 139 0.925
30 18 154 0.894
30 19 149 0.874
30 20 155 0.887
30 21 153 0.931
30 22 153 0.931
30 23 176 0.866
30 24 186 0.875
30 25 170 0.894
30 26 164 0.915
30 27 158 0.913
30 28 164 0.906
30 29 185 0.928
30 30 183 0.88
30 31 184 0.894
30 32 116 0.909
30 33 175 0.797
30 34 203 0.904
30 35 184 0.838
30 36 209 0.857
30 37 208 0.906
30 38 219 0.887
30 39 215 0.782
30 40 152 0.915
30 41 217 0.879
30 42 251 0.771
30 43 195 0.888
30 44 267 0.852
30 45 225 0.842
30 46 229 0.908
30 47 289 0.844
30 48 452 0.68
31 1 295 0.874
31 2 295 0.884
31 3 267 0.644
31 4 193 0.759
31 5 240 0.83
31 6 217 0.879
31 7 180 0.947
31 8 186 0.839
31 9 187 0.899
31 10 197 0.926
31 11 158 0.86
31 12 158 0.904
31 13 194 0.912
31 14 190 0.893
31 15 203 0.893
31 16 202 0.88
31 17 186 0.924
31 18 193 0.86
31 19 168 0.884
31 20 171 0.954
31 21 177 0.901
31 22 176 0.926
31 23 172 0.896
31 24 184 0.894
31 25 167 0.866
31 26 187 0.879
31 27 168 0.893
31 28 184 0.865
31 29 191 0.859
31 30 205 0.866
31 31 186 0.875
31 32 196 0.846
31 33 191 0.898
31 34 199 0.841
31 35 205 0.874
31 36 206 0.787
31 37 206 0.771
31 38 226 0.726
31 39 216 0.886
31 40 212 0.904
31 41 224 0.899
31 42 231 0.718
31 43 266 0.864
31 44 306 0.807
31 45 300 0.831
31 46 286 0.857
31 47 335 0.843
31 48 451 0.732
32 1 360 0.889
32 2 399 0.875
32 3 421 0.602
32 4 280 0.627
32 5 364 0.826
32 6 370 0.612
32 7 229 0.85
32 8 432 0.783
32 9 315 0.71
32 10 264 0.833
32 11 323 0.568
32 12 228 0.444
32 13 311 0.762
32 14 67 0.912
32 15 308 0.868
32 16 292 0.644
32 17 215 0.897
32 18 278 0.688
32 19 343 0.756
32 20 189 0.869
32 21 211 0.83
32 22 261 0.862
32 23 314 0.843
32 24 182 0.926
32 25 240 0.839
32 26 175 0.899
32 27 224 0.889
32 28 244 0.808
32 29 198 0.91
32 30 249 0.76
32 31 249 0.847
32 32 256 0.861
32 33 269 0.758
32 34 251 0.786
32 35 261 0.902
32 36 281 0.896
32 37 271 0.772
32 38 336 0.739
32 39 351 0.715
32 40 320 0.805
32 41 334 0.793
32 42 240 0.833
32 43 418 0.796
32 44 382 0.804
32 45 429 0.8
32 46 464 0.791
32 47 361 0.707
32 48 236 0.866
