row  column  size-1  circ-1
1 1 247 0.881
1 2 277 0.89
1 3 216 0.902
1 4 212 0.877
1 5 234 0.876
1 6 187 0.899
1 7 208 0.887
1 8 218 0.865
1 9 234 0.901
1 10 203 0.904
1 11 206 0.871
1 12 216 0.894
1 13 216 0.913
1 14 215 0.909
1 15 65 0.779
1 16 42 0.971
1 17 228 0.897
1 18 263 0.673
1 19 57 0.927
1 20 70 0.709
1 21 192 0.924
1 22 210 0.888
1 23 63 0.943
1 24 205 0.922
1 25 211 0.911
1 26 210 0.915
1 27 204 0.909
1 28 207 0.922
1 29 201 0.904
1 30 208 0.906
1 31 214 0.878
1 32 203 0.904
1 33 191 0.87
1 34 213 0.908
1 35 218 0.93
1 36 208 0.927
1 37 218 0.875
1 38 240 0.906
1 39 251 0.822
1 40 268 0.797
1 41 195 0.896
1 42 200 0.919
1 43 247 0.896
1 44 275 0.809
1 45 85 0.738
1 46 80 0.674
1 47 367 0.521
1 48 341 0.516
2 1 248 0.797
2 2 223 0.877
2 3 195 0.861
2 4 204 0.812
2 5 193 0.895
2 6 172 0.927
2 7 182 0.884
2 8 178 0.937
2 9 182 0.935
2 10 196 0.922
2 11 142 0.92
2 12 159 0.943
2 13 186 0.924
2 14 187 0.899
2 15 180 0.916
2 16 189 0.889
2 17 176 0.866
2 18 185 0.919
2 19 188 0.876
2 20 209 0.94
2 21 174 0.916
2 22 162 0.904
2 23 188 0.856
2 24 191 0.919
2 25 183 0.909
2 26 194 0.892
2 27 181 0.871
2 28 169 0.911
2 29 145 0.891
2 30 166 0.904
2 31 174 0.907
2 32 177 0.88
2 33 178 0.876
2 34 195 0.917
2 35 188 0.913
2 36 188 0.904
2 37 176 0.949
2 38 237 0.51
2 39 190 0.865
2 40 240 0.88
2 41 219 0.906
2 42 233 0.898
2 43 206 0.878
2 44 229 0.875
2 45 281 0.88
2 46 278 0.784
2 47 361 0.621
2 48 304 0.627
3 1 233 0.924
3 2 237 0.8
3 3 198 0.874
3 4 214 0.904
3 5 182 0.896
3 6 177 0.88
3 7 177 0.901
3 8 168 0.937
3 9 168 0.928
3 10 166 0.895
3 11 157 0.921
3 12 163 0.879
3 13 171 0.891
3 14 157 0.898
3 15 91 0.954
3 16 78 0.949
3 17 179 0.911
3 18 157 0.867
3 19 158 0.895
3 20 180 0.97
3 21 162 0.95
3 22 163 0.9
3 23 174 0.894
3 24 148 0.914
3 25 163 0.9
3 26 158 0.904
3 27 151 0.855
3 28 164 0.854
3 29 157 0.965
3 30 165 0.944
3 31 180 0.907
3 32 187 0.908
3 33 145 0.965
3 34 154 0.937
3 35 186 0.916
3 36 175 0.87
3 37 183 0.901
3 38 203 0.825
3 39 186 0.847
3 40 186 0.855
3 41 186 0.916
3 42 197 0.906
3 43 201 0.924
3 44 223 0.852
3 45 229 0.786
3 46 264 0.805
3 47 302 0.791
3 48 229 0.893
4 1 238 0.917
4 2 213 0.908
4 3 218 0.91
4 4 128 0.963
4 5 158 0.904
4 6 161 0.868
4 7 143 0.926
4 8 150 0.912
4 9 177 0.871
4 10 152 0.949
4 11 162 0.927
4 12 136 0.905
4 13 89 0.902
4 14 174 0.898
4 15 166 0.865
4 16 121 0.921
4 17 158 0.873
4 18 139 0.925
4 19 93 0.943
4 20 174 0.894
4 21 150 0.849
4 22 148 0.891
4 23 121 0.921
4 24 151 0.918
4 25 158 0.843
4 26 91 0.88
4 27 155 0.856
4 28 155 0.909
4 29 170 0.865
4 30 102 0.886
4 31 157 0.898
4 32 166 0.873
4 33 159 0.848
4 34 158 0.873
4 35 117 0.917
4 36 172 0.776
4 37 158 0.937
4 38 173 0.88
4 39 135 0.934
4 40 184 0.865
4 41 177 0.954
4 42 189 0.918
4 43 176 0.926
4 44 228 0.861
4 45 218 0.93
4 46 249 0.871
4 47 147 0.918
4 48 270 0.577
5 1 245 0.662
5 2 221 0.914
5 3 190 0.902
5 4 167 0.879
5 5 147 0.894
5 6 129 0.907
5 7 129 0.892
5 8 138 0.884
5 9 122 0.892
5 10 115 0.876
5 11 135 0.898
5 12 144 0.923
5 13 138 0.894
5 14 124 0.882
5 15 27 -1.0
5 16 37 -1.0
5 17 148 0.924
5 18 146 0.879
5 19 52 -1.0
5 20 41 0.997
5 21 145 0.873
5 22 142 0.854
5 23 144 0.857
5 24 128 0.9
5 25 133 0.946
5 26 144 0.867
5 27 144 0.836
5 28 130 0.889
5 29 150 0.88
5 30 152 0.892
5 31 157 0.867
5 32 145 0.829
5 33 173 0.965
5 34 150 0.912
5 35 163 0.87
5 36 161 0.898
5 37 160 0.862
5 38 152 0.792
5 39 147 0.894
5 40 180 0.866
5 41 90 0.882
5 42 107 0.696
5 43 185 0.919
5 44 234 0.579
5 45 229 0.928
5 46 57 0.985
5 47 270 0.901
5 48 366 0.612
6 1 167 0.87
6 2 189 0.909
6 3 140 0.883
6 4 171 0.922
6 5 153 0.931
6 6 153 0.907
6 7 135 0.888
6 8 126 0.932
6 9 117 0.906
6 10 126 0.921
6 11 137 0.888
6 12 134 0.892
6 13 122 0.956
6 14 137 0.902
6 15 150 0.722
6 16 137 0.888
6 17 123 0.936
6 18 133 0.924
6 19 146 0.936
6 20 132 0.965
6 21 147 0.885
6 22 135 0.888
6 23 140 0.921
6 24 137 0.804
6 25 148 0.859
6 26 150 0.912
6 27 153 0.931
6 28 152 0.949
6 29 157 0.955
6 30 131 0.896
6 31 130 0.889
6 32 163 0.849
6 33 125 0.814
6 34 135 0.898
6 35 147 0.862
6 36 150 0.961
6 37 150 0.922
6 38 143 0.926
6 39 149 0.906
6 40 162 0.873
6 41 170 0.949
6 42 162 0.904
6 43 153 0.931
6 44 175 0.831
6 45 204 0.917
6 46 238 0.816
6 47 251 0.722
6 48 341 0.591
7 1 319 0.836
7 2 172 0.847
7 3 168 0.884
7 4 157 0.81
7 5 141 0.861
7 6 165 0.88
7 7 134 0.827
7 8 113 0.901
7 9 125 0.864
7 10 132 0.846
7 11 132 0.903
7 12 121 0.874
7 13 126 0.896
7 14 149 0.874
7 15 126 0.911
7 16 137 0.878
7 17 124 0.882
7 18 126 0.921
7 19 119 0.856
7 20 152 0.892
7 21 125 0.823
7 22 129 0.928
7 23 140 0.842
7 24 109 0.88
7 25 125 0.855
7 26 119 0.87
7 27 123 0.788
7 28 141 0.84
7 29 119 0.933
7 30 117 0.813
7 31 152 0.869
7 32 151 0.909
7 33 141 0.871
7 34 160 0.834
7 35 95 0.932
7 36 140 0.855
7 37 136 0.93
7 38 136 0.871
7 39 126 0.886
7 40 130 0.736
7 41 146 0.911
7 42 160 0.862
7 43 107 0.849
7 44 170 0.818
7 45 188 0.802
7 46 211 0.873
7 47 269 0.806
7 48 291 0.779
8 1 216 0.894
8 2 178 0.927
8 3 162 0.904
8 4 158 0.951
8 5 149 0.93
8 6 149 0.865
8 7 148 0.924
8 8 88 0.88
8 9 133 0.875
8 10 119 0.814
8 11 80 0.868
8 12 135 0.898
8 13 134 0.868
8 14 145 0.882
8 15 132 0.878
8 16 152 0.848
8 17 127 0.893
8 18 120 0.888
8 19 113 0.923
8 20 118 0.863
8 21 128 0.947
8 22 129 0.872
8 23 137 0.878
8 24 133 0.909
8 25 107 0.901
8 26 103 0.857
8 27 80 0.925
8 28 138 0.894
8 29 153 0.875
8 30 120 0.941
8 31 131 0.872
8 32 124 0.907
8 33 140 0.874
8 34 135 0.898
8 35 134 0.786
8 36 145 0.905
8 37 150 0.946
8 38 133 0.909
8 39 149 0.865
8 40 146 0.911
8 41 164 0.893
8 42 142 0.864
8 43 163 0.9
8 44 186 0.855
8 45 193 0.887
8 46 178 0.856
8 47 244 0.885
8 48 337 0.465
9 1 201 0.868
9 2 184 0.923
9 3 175 0.921
9 4 151 0.918
9 5 162 0.873
9 6 135 0.923
9 7 148 0.9
9 8 121 0.948
9 9 115 0.865
9 10 126 0.921
9 11 122 0.892
9 12 117 0.891
9 13 133 0.821
9 14 129 0.943
9 15 48 0.967
9 16 46 0.927
9 17 139 0.915
9 18 128 0.921
9 19 128 0.885
9 20 103 0.906
9 21 117 0.917
9 22 132 0.903
9 23 118 0.898
9 24 87 0.943
9 25 116 0.858
9 26 123 0.899
9 27 135 0.865
9 28 139 0.901
9 29 132 0.938
9 30 110 0.888
9 31 137 0.902
9 32 155 0.887
9 33 117 0.944
9 34 125 0.879
9 35 136 0.941
9 36 136 0.881
9 37 80 0.911
9 38 121 0.921
9 39 157 0.889
9 40 149 0.874
9 41 151 0.834
9 42 169 0.911
9 43 181 0.921
9 44 208 0.861
9 45 65 0.935
9 46 65 0.82
9 47 282 0.64
9 48 297 0.554
10 1 218 0.921
10 2 208 0.895
10 3 173 0.901
10 4 147 0.928
10 5 143 0.893
10 6 125 0.914
10 7 157 0.867
10 8 129 0.917
10 9 121 0.948
10 10 126 0.921
10 11 121 0.921
10 12 119 0.895
10 13 130 0.924
10 14 114 0.73
10 15 134 0.859
10 16 100 0.937
10 17 130 0.962
10 18 141 0.913
10 19 133 0.852
10 20 127 0.929
10 21 138 0.875
10 22 132 0.786
10 23 139 0.868
10 24 121 0.827
10 25 111 0.907
10 26 127 0.868
10 27 118 0.888
10 28 133 0.946
10 29 131 0.896
10 30 103 0.894
10 31 103 0.878
10 32 125 0.855
10 33 125 0.889
10 34 144 0.958
10 35 132 0.869
10 36 122 0.903
10 37 150 0.889
10 38 126 0.921
10 39 139 0.845
10 40 131 0.906
10 41 150 0.912
10 42 159 0.943
10 43 156 0.892
10 44 180 0.838
10 45 211 0.928
10 46 218 0.8
10 47 234 0.603
10 48 295 0.765
11 1 207 0.875
11 2 175 0.89
11 3 106 0.909
11 4 0 0.0
11 5 139 0.891
11 6 128 0.875
11 7 138 0.918
11 8 128 0.875
11 9 146 0.856
11 10 126 0.959
11 11 142 0.91
11 12 119 0.846
11 13 103 0.906
11 14 103 0.935
11 15 117 0.917
11 16 99 0.887
11 17 128 0.91
11 18 110 0.828
11 19 139 0.891
11 20 135 0.934
11 21 142 0.92
11 22 116 0.898
11 23 128 0.875
11 24 116 0.825
11 25 133 0.83
11 26 139 0.868
11 27 103 0.857
11 28 137 0.846
11 29 123 0.964
11 30 131 0.872
11 31 124 0.848
11 32 140 0.874
11 33 155 0.896
11 34 115 0.917
11 35 138 0.944
11 36 141 0.904
11 37 149 0.874
11 38 134 0.849
11 39 138 0.861
11 40 144 0.933
11 41 153 0.921
11 42 153 0.825
11 43 156 0.892
11 44 165 0.86
11 45 199 0.915
11 46 208 0.887
11 47 250 0.66
11 48 214 0.683
12 1 212 0.904
12 2 204 0.881
12 3 195 0.917
12 4 77 0.942
12 5 169 0.911
12 6 169 0.889
12 7 139 0.891
12 8 136 0.881
12 9 138 0.918
12 10 115 0.94
12 11 113 0.826
12 12 124 0.872
12 13 136 0.93
12 14 113 0.886
12 15 145 0.851
12 16 100 0.907
12 17 133 0.843
12 18 101 0.782
12 19 146 0.892
12 20 122 0.918
12 21 145 0.838
12 22 127 0.868
12 23 78 0.846
12 24 149 0.906
12 25 103 0.894
12 26 111 0.896
12 27 148 0.868
12 28 137 0.912
12 29 137 0.937
12 30 144 0.867
12 31 144 0.889
12 32 92 0.932
12 33 125 0.889
12 34 130 0.899
12 35 110 0.926
12 36 159 0.9
12 37 154 0.961
12 38 139 0.925
12 39 121 0.874
12 40 135 0.934
12 41 148 0.959
12 42 152 0.924
12 43 138 0.954
12 44 190 0.885
12 45 146 0.897
12 46 170 0.873
12 47 215 0.812
12 48 358 0.365
13 1 198 0.91
13 2 190 0.873
13 3 162 0.927
13 4 150 0.88
13 5 158 0.917
13 6 150 0.946
13 7 145 0.895
13 8 119 0.895
13 9 120 0.952
13 10 115 0.94
13 11 126 0.896
13 12 158 0.895
13 13 141 0.88
13 14 123 0.874
13 15 32 0.865
13 16 156 0.862
13 17 127 0.868
13 18 116 0.936
13 19 84 0.72
13 20 114 0.801
13 21 121 0.91
13 22 187 0.833
13 23 164 0.897
13 24 110 0.888
13 25 127 0.868
13 26 121 0.874
13 27 85 0.935
13 28 107 0.829
13 29 146 0.869
13 30 128 0.91
13 31 142 0.886
13 32 149 0.852
13 33 138 0.929
13 34 130 0.856
13 35 124 0.907
13 36 125 0.879
13 37 46 0.868
13 38 20 -1.0
13 39 156 0.915
13 40 142 0.842
13 41 91 0.88
13 42 93 0.93
13 43 153 0.816
13 44 176 0.926
13 45 61 0.913
13 46 54 0.878
13 47 222 0.899
13 48 216 0.825
14 1 115 0.94
14 2 142 0.804
14 3 194 0.912
14 4 172 0.927
14 5 84 0.924
14 6 171 0.891
14 7 118 0.925
14 8 127 0.929
14 9 117 0.906
14 10 123 0.899
14 11 138 0.852
14 12 118 0.863
14 13 130 0.951
14 14 149 0.897
14 15 148 0.868
14 16 154 0.784
14 17 112 0.809
14 18 87 0.991
14 19 136 0.716
14 20 136 0.862
14 21 146 0.911
14 22 134 0.682
14 23 161 0.839
14 24 178 0.837
14 25 168 0.928
14 26 140 0.874
14 27 183 0.88
14 28 136 0.751
14 29 159 0.9
14 30 119 0.87
14 31 136 0.849
14 32 133 0.895
14 33 163 0.849
14 34 133 0.885
14 35 135 0.898
14 36 144 0.867
14 37 148 0.934
14 38 146 0.856
14 39 137 0.878
14 40 145 0.882
14 41 145 0.905
14 42 154 0.89
14 43 159 0.866
14 44 193 0.683
14 45 177 0.774
14 46 214 0.859
14 47 228 0.897
14 48 389 0.394
15 1 233 0.848
15 2 208 0.927
15 3 173 0.788
15 4 164 0.906
15 5 148 0.838
15 6 145 0.793
15 7 133 0.852
15 8 134 0.892
15 9 129 0.788
15 10 142 0.824
15 11 118 0.863
15 12 126 0.932
15 13 116 0.92
15 14 131 0.872
15 15 137 0.937
15 16 197 0.926
15 17 119 0.86
15 18 188 0.704
15 19 113 0.569
15 20 160 0.472
15 21 152 0.792
15 22 120 0.843
15 23 141 0.88
15 24 149 0.874
15 25 152 0.84
15 26 153 0.897
15 27 122 0.857
15 28 129 0.943
15 29 95 0.8
15 30 155 0.827
15 31 139 0.915
15 32 134 0.892
15 33 127 0.868
15 34 133 0.909
15 35 126 0.921
15 36 132 0.903
15 37 153 0.888
15 38 122 0.844
15 39 140 0.907
15 40 155 0.835
15 41 143 0.86
15 42 161 0.912
15 43 138 0.861
15 44 152 0.848
15 45 208 0.861
15 46 195 0.842
15 47 213 0.863
15 48 190 0.584
16 1 203 0.913
16 2 202 0.854
16 3 185 0.898
16 4 160 0.906
16 5 129 0.907
16 6 127 0.94
16 7 118 0.964
16 8 148 0.891
16 9 123 0.841
16 10 112 0.819
16 11 117 0.906
16 12 121 0.85
16 13 136 0.905
16 14 131 0.862
16 15 173 0.817
16 16 186 0.847
16 17 140 0.813
16 18 140 0.883
16 19 145 0.774
16 20 148 0.855
16 21 141 0.913
16 22 162 0.664
16 23 150 0.849
16 24 141 0.858
16 25 136 0.849
16 26 184 0.795
16 27 189 0.834
16 28 115 0.876
16 29 151 0.864
16 30 142 0.886
16 31 145 0.915
16 32 152 0.959
16 33 125 0.889
16 34 130 0.889
16 35 134 0.859
16 36 121 0.91
16 37 139 0.961
16 38 156 0.925
16 39 142 0.873
16 40 140 0.957
16 41 156 0.786
16 42 142 0.896
16 43 178 0.885
16 44 166 0.817
16 45 192 0.932
16 46 180 0.838
16 47 131 0.942
16 48 263 0.902
17 1 185 0.85
17 2 169 0.911
17 3 168 0.884
17 4 167 0.841
17 5 151 0.873
17 6 146 0.946
17 7 154 0.822
17 8 115 0.876
17 9 142 0.886
17 10 131 0.931
17 11 121 0.91
17 12 137 0.974
17 13 147 0.894
17 14 140 0.921
17 15 40 0.906
17 16 63 0.906
17 17 139 0.868
17 18 136 0.858
17 19 110 0.888
17 20 107 0.773
17 21 42 0.426
17 22 53 0.841
17 23 85 0.822
17 24 109 0.854
17 25 148 0.868
17 26 119 0.91
17 27 28 0.702
17 28 38 0.861
17 29 149 0.94
17 30 117 0.88
17 31 134 0.892
17 32 126 0.886
17 33 124 0.944
17 34 141 0.89
17 35 147 0.862
17 36 146 0.911
17 37 140 0.907
17 38 150 0.889
17 39 168 0.897
17 40 73 0.972
17 41 96 0.911
17 42 83 0.913
17 43 171 0.762
17 44 179 0.805
17 45 181 0.908
17 46 17 0.911
17 47 224 0.899
17 48 404 0.311
18 1 200 0.899
18 2 153 0.837
18 3 163 0.91
18 4 144 0.909
18 5 135 0.843
18 6 130 0.879
18 7 118 0.888
18 8 141 0.904
18 9 135 0.923
18 10 115 0.94
18 11 81 0.81
18 12 108 0.91
18 13 134 0.892
18 14 126 0.886
18 15 183 0.86
18 16 147 0.862
18 17 167 0.932
18 18 143 0.745
18 19 129 0.907
18 20 118 0.863
18 21 107 0.792
18 22 117 0.917
18 23 145 0.905
18 24 148 0.868
18 25 147 0.885
18 26 137 0.816
18 27 136 0.905
18 28 156 0.915
18 29 92 0.932
18 30 154 0.872
18 31 144 0.845
18 32 136 0.871
18 33 146 0.879
18 34 132 0.903
18 35 139 0.881
18 36 133 0.852
18 37 126 0.881
18 38 136 0.941
18 39 144 0.899
18 40 163 0.87
18 41 133 0.946
18 42 155 0.919
18 43 156 0.841
18 44 137 0.855
18 45 175 0.89
18 46 170 0.886
18 47 179 0.861
18 48 180 0.886
19 1 195 0.917
19 2 183 0.953
19 3 165 0.88
19 4 144 0.899
19 5 82 0.902
19 6 135 0.923
19 7 91 0.922
19 8 128 0.936
19 9 138 0.954
19 10 154 0.81
19 11 131 0.849
19 12 126 0.948
19 13 152 0.901
19 14 105 0.924
19 15 77 0.877
19 16 105 0.848
19 17 102 0.897
19 18 81 0.891
19 19 114 0.883
19 20 124 0.882
19 21 172 0.59
19 22 154 0.872
19 23 169 0.763
19 24 141 0.727
19 25 152 0.848
19 26 165 0.812
19 27 148 0.9
19 28 159 0.919
19 29 133 0.946
19 30 128 0.79
19 31 146 0.798
19 32 131 0.872
19 33 150 0.8
19 34 133 0.92
19 35 132 0.938
19 36 121 0.885
19 37 89 0.933
19 38 74 0.887
19 39 149 0.823
19 40 146 0.844
19 41 145 0.905
19 42 153 0.884
19 43 168 0.855
19 44 156 0.87
19 45 179 0.861
19 46 199 0.895
19 47 199 0.867
19 48 210 0.78
20 1 200 0.891
20 2 170 0.894
20 3 172 0.835
20 4 155 0.887
20 5 135 0.898
20 6 176 0.875
20 7 143 0.883
20 8 120 0.914
20 9 142 0.886
20 10 136 0.905
20 11 144 0.876
20 12 136 0.871
20 13 136 0.881
20 14 136 0.895
20 15 151 0.886
20 16 156 0.915
20 17 179 0.898
20 18 152 0.84
20 19 155 0.9
20 20 116 0.936
20 21 145 0.707
20 22 113 0.952
20 23 134 0.806
20 24 134 0.708
20 25 162 0.844
20 26 132 0.928
20 27 125 0.914
20 28 159 0.933
20 29 139 0.911
20 30 145 0.939
20 31 76 0.944
20 32 150 0.849
20 33 130 0.924
20 34 141 0.836
20 35 105 0.912
20 36 134 0.902
20 37 128 0.852
20 38 151 0.909
20 39 121 0.921
20 40 154 0.947
20 41 143 0.87
20 42 153 0.907
20 43 163 0.942
20 44 174 0.938
20 45 175 0.882
20 46 183 0.88
20 47 192 0.733
20 48 201 0.761
21 1 150 0.899
21 2 178 0.864
21 3 164 0.884
21 4 166 0.895
21 5 72 0.895
21 6 37 0.948
21 7 139 0.891
21 8 121 0.837
21 9 134 0.892
21 10 87 0.882
21 11 143 0.87
21 12 136 0.93
21 13 25 -1.0
21 14 0 0.0
21 15 41 0.928
21 16 88 0.851
21 17 191 0.878
21 18 186 0.847
21 19 149 0.93
21 20 136 0.905
21 21 141 0.904
21 22 145 0.829
21 23 186 0.699
21 24 130 0.889
21 25 131 0.872
21 26 133 0.885
21 27 102 0.886
21 28 101 0.851
21 29 118 0.898
21 30 139 0.836
21 31 117 0.88
21 32 123 0.818
21 33 125 0.903
21 34 139 0.868
21 35 137 0.912
21 36 151 0.864
21 37 135 0.934
21 38 143 0.926
21 39 140 0.842
21 40 150 0.88
21 41 89 0.979
21 42 92 0.932
21 43 157 0.921
21 44 156 0.87
21 45 0 0.0
21 46 188 0.856
21 47 202 0.88
21 48 215 0.871
22 1 173 0.91
22 2 181 0.879
22 3 183 0.909
22 4 152 0.901
22 5 137 0.855
22 6 106 0.882
22 7 137 0.937
22 8 157 0.885
22 9 152 0.901
22 10 143 0.86
22 11 139 0.836
22 12 143 0.916
22 13 123 0.936
22 14 116 0.873
22 15 163 0.932
22 16 138 0.904
22 17 155 0.827
22 18 159 0.933
22 19 164 0.938
22 20 135 0.923
22 21 146 0.879
22 22 108 0.812
22 23 139 0.925
22 24 166 0.873
22 25 147 0.885
22 26 124 0.872
22 27 165 0.868
22 28 119 0.933
22 29 130 0.899
22 30 106 0.893
22 31 166 0.926
22 32 136 0.915
22 33 132 0.794
22 34 129 0.917
22 35 139 0.891
22 36 150 0.946
22 37 129 0.858
22 38 138 0.894
22 39 143 0.926
22 40 138 0.871
22 41 149 0.883
22 42 137 0.804
22 43 174 0.885
22 44 158 0.815
22 45 170 0.886
22 46 177 0.909
22 47 214 0.867
22 48 219 0.797
23 1 86 0.946
23 2 200 0.94
23 3 178 0.885
23 4 172 0.927
23 5 135 0.821
23 6 117 0.891
23 7 56 0.722
23 8 49 0.885
23 9 134 0.836
23 10 144 0.854
23 11 158 0.873
23 12 144 0.899
23 13 173 0.91
23 14 114 0.858
23 15 141 0.894
23 16 125 0.864
23 17 28 0.757
23 18 31 0.777
23 19 152 0.892
23 20 154 0.937
23 21 155 0.919
23 22 106 0.92
23 23 123 0.91
23 24 140 0.921
23 25 162 0.904
23 26 152 0.892
23 27 169 0.889
23 28 133 0.899
23 29 158 0.927
23 30 165 0.868
23 31 125 0.889
23 32 138 0.894
23 33 112 0.904
23 34 141 0.848
23 35 170 0.792
23 36 128 0.885
23 37 155 0.909
23 38 148 0.924
23 39 42 0.951
23 40 142 0.945
23 41 153 0.897
23 42 162 0.895
23 43 138 0.904
23 44 153 0.808
23 45 174 0.818
23 46 204 0.826
23 47 205 0.841
23 48 217 0.89
24 1 238 0.891
24 2 207 0.902
24 3 191 0.878
24 4 163 0.942
24 5 165 0.889
24 6 150 0.858
24 7 142 0.886
24 8 167 0.87
24 9 160 0.893
24 10 88 0.922
24 11 143 0.86
24 12 151 0.968
24 13 151 0.814
24 14 158 0.882
24 15 130 0.951
24 16 147 0.918
24 17 144 0.867
24 18 137 0.837
24 19 141 0.88
24 20 157 0.931
24 21 146 0.879
24 22 138 0.894
24 23 165 0.911
24 24 119 0.836
24 25 159 0.91
24 26 139 0.925
24 27 162 0.873
24 28 134 0.902
24 29 141 0.89
24 30 126 0.896
24 31 137 0.937
24 32 144 0.985
24 33 149 0.874
24 34 145 0.905
24 35 168 0.928
24 36 156 0.862
24 37 139 0.961
24 38 177 0.88
24 39 136 0.915
24 40 148 0.809
24 41 127 0.845
24 42 140 0.874
24 43 87 0.991
24 44 180 0.866
24 45 164 0.884
24 46 189 0.842
24 47 227 0.692
24 48 273 0.66
25 1 228 0.897
25 2 234 0.812
25 3 178 0.927
25 4 184 0.857
25 5 181 0.93
25 6 155 0.869
25 7 135 0.865
25 8 116 0.948
25 9 140 0.932
25 10 150 0.837
25 11 79 0.882
25 12 43 0.797
25 13 116 0.909
25 14 48 0.967
25 15 51 0.881
25 16 69 0.939
25 17 113 0.836
25 18 112 0.932
25 19 128 0.865
25 20 165 0.868
25 21 150 0.88
25 22 158 0.852
25 23 148 0.934
25 24 29 0.898
25 25 127 0.878
25 26 129 0.943
25 27 164 0.826
25 28 121 0.932
25 29 148 0.877
25 30 150 0.903
25 31 149 0.823
25 32 132 0.913
25 33 130 0.865
25 34 153 0.875
25 35 158 0.904
25 36 140 0.864
25 37 139 0.915
25 38 138 0.929
25 39 135 0.865
25 40 140 0.842
25 41 84 0.924
25 42 88 0.968
25 43 168 0.863
25 44 176 0.751
25 45 43 0.994
25 46 53 0.813
25 47 249 0.746
25 48 228 0.836
26 1 113 0.886
26 2 139 0.935
26 3 201 0.884
26 4 163 0.942
26 5 169 0.86
26 6 152 0.892
26 7 171 0.87
26 8 170 0.894
26 9 154 0.89
26 10 149 0.94
26 11 138 0.894
26 12 156 0.902
26 13 48 0.866
26 14 50 0.813
26 15 115 0.891
26 16 157 0.765
26 17 140 0.874
26 18 171 0.879
26 19 114 0.893
26 20 133 0.852
26 21 139 0.925
26 22 118 0.92
26 23 142 0.864
26 24 142 0.956
26 25 143 0.848
26 26 162 0.95
26 27 137 0.574
26 28 131 0.83
26 29 124 0.882
26 30 136 0.905
26 31 149 0.897
26 32 148 0.881
26 33 154 0.903
26 34 154 0.872
26 35 140 0.932
26 36 144 0.899
26 37 138 0.861
26 38 159 0.775
26 39 154 0.913
26 40 160 0.884
26 41 180 0.925
26 42 180 0.925
26 43 184 0.82
26 44 186 0.847
26 45 201 0.857
26 46 206 0.845
26 47 232 0.661
26 48 251 0.895
27 1 233 0.898
27 2 208 0.879
27 3 180 0.925
27 4 175 0.85
27 5 181 0.9
27 6 160 0.884
27 7 154 0.872
27 8 139 0.925
27 9 155 0.943
27 10 155 0.878
27 11 185 0.87
27 12 158 0.843
27 13 110 0.926
27 14 104 0.815
27 15 147 0.908
27 16 152 0.924
27 17 155 0.856
27 18 124 0.882
27 19 142 0.896
27 20 226 0.908
27 21 147 0.885
27 22 144 0.899
27 23 165 0.921
27 24 145 0.939
27 25 148 0.859
27 26 125 0.914
27 27 147 0.908
27 28 194 0.884
27 29 133 0.946
27 30 144 0.899
27 31 158 0.913
27 32 162 0.873
27 33 0 0.0
27 34 165 0.911
27 35 219 0.926
27 36 161 0.859
27 37 141 0.84
27 38 151 0.855
27 39 65 0.92
27 40 55 0.91
27 41 168 0.906
27 42 206 0.926
27 43 167 0.932
27 44 177 0.88
27 45 161 0.889
27 46 199 0.867
27 47 238 0.759
27 48 293 0.826
28 1 244 0.888
28 2 211 0.928
28 3 176 0.875
28 4 194 0.933
28 5 170 0.916
28 6 158 0.904
28 7 172 0.875
28 8 119 0.846
28 9 141 0.904
28 10 155 0.909
28 11 173 0.88
28 12 165 0.889
28 13 161 0.889
28 14 157 0.898
28 15 167 0.9
28 16 172 0.905
28 17 185 0.89
28 18 151 0.895
28 19 150 0.903
28 20 134 0.916
28 21 142 0.854
28 22 156 0.902
28 23 180 0.925
28 24 220 0.848
28 25 160 0.806
28 26 156 0.915
28 27 167 0.85
28 28 132 0.949
28 29 140 0.813
28 30 178 0.746
28 31 156 0.902
28 32 167 0.811
28 33 175 0.882
28 34 161 0.898
28 35 162 0.904
28 36 151 0.834
28 37 145 0.873
28 38 153 0.797
28 39 187 0.951
28 40 166 0.886
28 41 179 0.869
28 42 178 0.906
28 43 144 0.845
28 44 184 0.827
28 45 202 0.88
28 46 222 0.899
28 47 270 0.735
28 48 303 0.642
29 1 266 0.864
29 2 230 0.807
29 3 138 0.929
29 4 42 0.713
29 5 186 0.895
29 6 182 0.917
29 7 162 0.873
29 8 179 0.853
29 9 185 0.898
29 10 176 0.895
29 11 60 0.936
29 12 52 0.861
29 13 173 0.901
29 14 176 0.847
29 15 57 0.943
29 16 58 0.889
29 17 159 0.933
29 18 167 0.9
29 19 150 0.903
29 20 176 0.866
29 21 187 0.86
29 22 178 0.906
29 23 158 0.937
29 24 155 0.887
29 25 174 0.885
29 26 157 0.889
29 27 159 0.943
29 28 171 0.922
29 29 152 0.892
29 30 164 0.884
29 31 169 0.821
29 32 157 0.876
29 33 167 0.922
29 34 171 0.891
29 35 181 0.891
29 36 174 0.865
29 37 161 0.847
29 38 164 0.893
29 39 157 0.898
29 40 180 0.854
29 41 177 0.832
29 42 200 0.891
29 43 214 0.824
29 44 178 0.873
29 45 192 0.932
29 46 214 0.921
29 47 226 0.754
29 48 271 0.864
30 1 267 0.852
30 2 223 0.903
30 3 192 0.837
30 4 204 0.889
30 5 201 0.876
30 6 170 0.894
30 7 192 0.903
30 8 198 0.882
30 9 212 0.859
30 10 176 0.926
30 11 141 0.949
30 12 203 0.925
30 13 194 0.942
30 14 188 0.913
30 15 173 0.932
30 16 168 0.915
30 17 179 0.933
30 18 185 0.928
30 19 121 0.885
30 20 182 0.856
30 21 179 0.662
30 22 168 0.855
30 23 182 0.905
30 24 192 0.903
30 25 169 0.86
30 26 194 0.864
30 27 198 0.94
30 28 131 0.872
30 29 167 0.891
30 30 182 0.913
30 31 202 0.9
30 32 185 0.85
30 33 179 0.92
30 34 183 0.88
30 35 209 0.911
30 36 186 0.779
30 37 169 0.821
30 38 167 0.768
30 39 163 0.91
30 40 170 0.939
30 41 181 0.93
30 42 191 0.928
30 43 190 0.839
30 44 230 0.886
30 45 205 0.882
30 46 249 0.864
30 47 249 0.709
30 48 328 0.761
31 1 286 0.841
31 2 288 0.895
31 3 260 0.829
31 4 246 0.885
31 5 234 0.912
31 6 213 0.855
31 7 196 0.881
31 8 218 0.902
31 9 211 0.865
31 10 219 0.906
31 11 229 0.89
31 12 230 0.854
31 13 124 0.944
31 14 191 0.898
31 15 194 0.892
31 16 198 0.837
31 17 166 0.856
31 18 227 0.912
31 19 229 0.864
31 20 208 0.906
31 21 194 0.884
31 22 182 0.967
31 23 208 0.918
31 24 194 0.904
31 25 174 0.916
31 26 197 0.906
31 27 189 0.869
31 28 212 0.924
31 29 183 0.918
31 30 229 0.857
31 31 212 0.859
31 32 215 0.871
31 33 41 0.74
31 34 44 0.887
31 35 246 0.94
31 36 207 0.902
31 37 199 0.957
31 38 178 0.837
31 39 118 0.898
31 40 115 0.94
31 41 228 0.77
31 42 214 0.842
31 43 229 0.706
31 44 242 0.856
31 45 204 0.862
31 46 231 0.857
31 47 285 0.803
31 48 360 0.627
32 1 322 0.631
32 2 312 0.809
32 3 311 0.679
32 4 278 0.818
32 5 274 0.922
32 6 285 0.863
32 7 266 0.864
32 8 247 0.871
32 9 258 0.878
32 10 313 0.882
32 11 270 0.788
32 12 311 0.728
32 13 200 0.813
32 14 274 0.78
32 15 267 0.909
32 16 178 0.906
32 17 252 0.769
32 18 243 0.936
32 19 182 0.926
32 20 249 0.816
32 21 213 0.917
32 22 162 0.873
32 23 213 0.852
32 24 228 0.904
32 25 241 0.899
32 26 240 0.823
32 27 201 0.945
32 28 280 0.757
32 29 276 0.904
32 30 278 0.784
32 31 337 0.826
32 32 296 0.814
32 33 211 0.908
32 34 95 0.8
32 35 325 0.693
32 36 277 0.726
32 37 227 0.9
32 38 223 0.877
32 39 244 0.799
32 40 236 0.902
32 41 244 0.877
32 42 292 0.875
32 43 359 0.814
32 44 321 0.74
32 45 307 0.865
32 46 293 0.894
32 47 293 0.72
32 48 448 0.577
