row  column  size-1  circ-1
1 1 198 0.94
1 2 252 0.871
1 3 247 0.871
1 4 230 0.854
1 5 210 0.888
1 6 153 0.866
1 7 176 0.887
1 8 195 0.917
1 9 195 0.85
1 10 217 0.674
1 11 189 0.918
1 12 185 0.89
1 13 196 0.913
1 14 176 0.883
1 15 182 0.905
1 16 176 0.904
1 17 206 0.86
1 18 194 0.892
1 19 158 0.796
1 20 186 0.895
1 21 192 0.891
1 22 177 0.871
1 23 181 0.9
1 24 207 0.902
1 25 198 0.902
1 26 211 0.865
1 27 199 0.886
1 28 206 0.926
1 29 175 0.921
1 30 193 0.904
1 31 178 0.893
1 32 170 0.916
1 33 185 0.941
1 34 177 0.941
1 35 199 0.789
1 36 209 0.854
1 37 221 0.869
1 38 224 0.768
1 39 285 0.803
1 40 317 0.857
1 41 221 0.844
1 42 267 0.78
1 43 338 0.848
1 44 327 0.899
1 45 270 0.877
1 46 312 0.714
1 47 305 0.731
1 48 252 0.775
2 1 163 0.891
2 2 225 0.893
2 3 0 0.0
2 4 15 0.898
2 5 167 0.879
2 6 170 0.916
2 7 161 0.921
2 8 163 0.9
2 9 171 0.954
2 10 168 0.937
2 11 0 0.0
2 12 135 0.944
2 13 142 0.896
2 14 154 0.923
2 15 0 0.0
2 16 159 0.91
2 17 40 0.953
2 18 29 0.898
2 19 0 0.0
2 20 0 0.0
2 21 170 0.894
2 22 153 0.965
2 23 0 0.0
2 24 142 0.864
2 25 155 0.919
2 26 155 0.919
2 27 122 0.929
2 28 120 0.914
2 29 152 0.949
2 30 145 0.976
2 31 202 0.811
2 32 201 0.868
2 33 187 0.86
2 34 212 0.869
2 35 153 0.897
2 36 147 0.862
2 37 177 0.909
2 38 169 0.851
2 39 172 0.914
2 40 204 0.889
2 41 192 0.804
2 42 196 0.881
2 43 213 0.863
2 44 199 0.841
2 45 67 0.64
2 46 80 0.507
2 47 230 0.709
2 48 318 0.86
3 1 208 0.835
3 2 184 0.914
3 3 175 0.899
3 4 158 0.927
3 5 163 0.87
3 6 159 0.857
3 7 153 0.897
3 8 144 0.909
3 9 158 0.864
3 10 153 0.875
3 11 140 0.917
3 12 135 0.908
3 13 144 0.899
3 14 143 0.926
3 15 141 0.938
3 16 149 0.861
3 17 141 0.904
3 18 143 0.952
3 19 145 0.905
3 20 138 0.894
3 21 135 0.923
3 22 129 0.917
3 23 138 0.918
3 24 145 0.873
3 25 121 0.921
3 26 155 0.878
3 27 142 0.833
3 28 151 0.918
3 29 156 0.892
3 30 164 0.807
3 31 166 0.904
3 32 167 0.822
3 33 172 0.905
3 34 158 0.904
3 35 149 0.874
3 36 141 0.858
3 37 160 0.915
3 38 166 0.873
3 39 163 0.841
3 40 166 0.825
3 41 158 0.937
3 42 186 0.855
3 43 184 0.906
3 44 206 0.871
3 45 212 0.844
3 46 219 0.854
3 47 282 0.838
3 48 334 0.793
4 1 208 0.861
4 2 201 0.895
4 3 144 0.933
4 4 162 0.895
4 5 163 0.91
4 6 170 0.857
4 7 162 0.882
4 8 148 0.868
4 9 160 0.884
4 10 105 0.953
4 11 125 0.903
4 12 139 0.925
4 13 119 0.906
4 14 141 0.904
4 15 132 0.878
4 16 130 0.914
4 17 113 0.886
4 18 124 0.882
4 19 133 0.875
4 20 134 0.916
4 21 148 0.924
4 22 190 0.873
4 23 148 0.877
4 24 168 0.875
4 25 150 0.912
4 26 132 0.892
4 27 128 0.947
4 28 153 0.875
4 29 154 0.913
4 30 159 0.943
4 31 32 0.936
4 32 26 0.577
4 33 167 0.941
4 34 161 0.898
4 35 169 0.795
4 36 146 0.888
4 37 143 0.771
4 38 150 0.912
4 39 161 0.912
4 40 172 0.905
4 41 148 0.959
4 42 176 0.866
4 43 179 0.89
4 44 165 0.898
4 45 199 0.878
4 46 196 0.922
4 47 215 0.889
4 48 399 0.74
5 1 193 0.841
5 2 179 0.942
5 3 159 0.919
5 4 162 0.882
5 5 150 0.936
5 6 134 0.815
5 7 155 0.878
5 8 159 0.933
5 9 139 0.925
5 10 139 0.891
5 11 125 0.864
5 12 126 0.829
5 13 123 0.936
5 14 133 0.875
5 15 144 0.909
5 16 133 0.935
5 17 124 0.896
5 18 127 0.859
5 19 141 0.848
5 20 126 0.921
5 21 127 0.929
5 22 142 0.896
5 23 108 0.938
5 24 122 0.929
5 25 134 0.878
5 26 127 0.929
5 27 140 0.874
5 28 144 0.909
5 29 127 0.903
5 30 130 0.899
5 31 174 0.894
5 32 166 0.865
5 33 164 0.875
5 34 151 0.886
5 35 155 0.865
5 36 159 0.943
5 37 149 0.93
5 38 164 0.884
5 39 148 0.847
5 40 172 0.896
5 41 178 0.893
5 42 205 0.823
5 43 198 0.882
5 44 218 0.865
5 45 196 0.881
5 46 224 0.907
5 47 283 0.804
5 48 225 0.825
6 1 187 0.879
6 2 176 0.895
6 3 171 0.922
6 4 146 0.888
6 5 0 0.0
6 6 0 0.0
6 7 131 0.906
6 8 145 0.882
6 9 27 0.714
6 10 0 0.0
6 11 133 0.875
6 12 143 0.848
6 13 128 0.91
6 14 138 0.918
6 15 138 0.884
6 16 113 0.94
6 17 162 0.927
6 18 126 0.921
6 19 123 0.874
6 20 126 0.911
6 21 135 0.865
6 22 137 0.846
6 23 151 0.909
6 24 146 0.936
6 25 148 0.838
6 26 154 0.903
6 27 136 0.862
6 28 130 0.924
6 29 133 0.946
6 30 145 0.929
6 31 150 0.946
6 32 164 0.875
6 33 48 0.986
6 34 55 0.894
6 35 147 0.952
6 36 157 0.818
6 37 26 0.932
6 38 34 0.77
6 39 161 0.898
6 40 169 0.88
6 41 121 0.91
6 42 142 0.864
6 43 231 0.928
6 44 185 0.898
6 45 52 0.882
6 46 41 0.708
6 47 254 0.888
6 48 221 0.705
7 1 175 0.823
7 2 175 0.87
7 3 145 0.939
7 4 153 0.897
7 5 128 0.91
7 6 138 0.918
7 7 120 0.952
7 8 134 0.859
7 9 136 0.941
7 10 139 0.915
7 11 120 0.929
7 12 132 0.938
7 13 172 0.884
7 14 141 0.913
7 15 149 0.874
7 16 136 0.941
7 17 137 0.902
7 18 129 0.84
7 19 124 0.816
7 20 133 0.935
7 21 135 0.865
7 22 119 0.961
7 23 147 0.862
7 24 142 0.896
7 25 109 0.918
7 26 133 0.885
7 27 123 0.91
7 28 129 0.907
7 29 144 0.889
7 30 128 0.875
7 31 108 0.872
7 32 99 0.927
7 33 161 0.889
7 34 169 0.86
7 35 98 0.918
7 36 139 0.868
7 37 184 0.914
7 38 162 0.904
7 39 143 0.848
7 40 154 0.872
7 41 184 0.785
7 42 189 0.918
7 43 182 0.905
7 44 206 0.898
7 45 188 0.856
7 46 224 0.815
7 47 248 0.776
7 48 318 0.697
8 1 230 0.868
8 2 166 0.886
8 3 174 0.916
8 4 181 0.871
8 5 166 0.95
8 6 160 0.825
8 7 130 0.856
8 8 130 0.889
8 9 79 0.933
8 10 125 0.903
8 11 105 0.953
8 12 154 0.89
8 13 130 0.94
8 14 134 0.859
8 15 111 0.964
8 16 130 0.889
8 17 120 0.877
8 18 129 0.917
8 19 126 0.921
8 20 130 0.962
8 21 70 0.857
8 22 68 0.713
8 23 108 0.95
8 24 123 0.925
8 25 128 0.936
8 26 122 0.857
8 27 115 0.969
8 28 133 0.909
8 29 119 0.933
8 30 146 0.946
8 31 139 0.925
8 32 134 0.892
8 33 174 0.845
8 34 134 0.916
8 35 130 0.903
8 36 144 0.876
8 37 153 0.921
8 38 124 0.907
8 39 156 0.925
8 40 182 0.926
8 41 194 0.856
8 42 156 0.915
8 43 184 0.885
8 44 165 0.944
8 45 194 0.838
8 46 201 0.876
8 47 209 0.883
8 48 319 0.814
9 1 179 0.881
9 2 201 0.895
9 3 186 0.895
9 4 169 0.889
9 5 166 0.926
9 6 167 0.85
9 7 111 0.87
9 8 149 0.93
9 9 105 0.912
9 10 106 0.92
9 11 144 0.899
9 12 126 0.921
9 13 117 0.956
9 14 129 0.932
9 15 135 0.898
9 16 139 0.935
9 17 130 0.889
9 18 121 0.91
9 19 115 0.952
9 20 131 0.896
9 21 110 0.926
9 22 112 0.955
9 23 121 0.885
9 24 119 0.961
9 25 120 0.877
9 26 117 0.917
9 27 117 0.917
9 28 124 0.872
9 29 141 0.938
9 30 154 0.851
9 31 82 0.962
9 32 94 0.853
9 33 141 0.904
9 34 134 0.882
9 35 155 0.909
9 36 120 0.952
9 37 134 0.892
9 38 119 0.906
9 39 145 0.929
9 40 142 0.945
9 41 184 0.914
9 42 156 0.892
9 43 161 0.921
9 44 189 0.869
9 45 177 0.851
9 46 205 0.942
9 47 238 0.78
9 48 228 0.878
10 1 173 0.88
10 2 189 0.824
10 3 88 0.788
10 4 69 0.89
10 5 37 0.948
10 6 43 0.954
10 7 125 0.792
10 8 121 0.921
10 9 51 0.829
10 10 44 0.949
10 11 112 0.878
10 12 148 0.924
10 13 0 0.0
10 14 0 0.0
10 15 131 0.872
10 16 134 0.882
10 17 109 0.891
10 18 115 0.891
10 19 117 0.88
10 20 111 0.907
10 21 116 0.909
10 22 107 0.839
10 23 119 0.933
10 24 118 0.925
10 25 115 0.969
10 26 122 0.929
10 27 131 0.931
10 28 132 0.903
10 29 131 0.906
10 30 161 0.839
10 31 128 0.875
10 32 143 0.87
10 33 136 0.905
10 34 125 0.889
10 35 118 0.898
10 36 123 0.936
10 37 116 0.898
10 38 120 0.853
10 39 167 0.706
10 40 173 0.852
10 41 147 0.908
10 42 167 0.922
10 43 191 0.89
10 44 201 0.933
10 45 45 0.925
10 46 30 0.986
10 47 145 0.64
10 48 304 0.552
11 1 196 0.885
11 2 161 0.898
11 3 188 0.788
11 4 148 0.868
11 5 149 0.874
11 6 108 0.79
11 7 110 0.899
11 8 122 0.867
11 9 134 0.892
11 10 142 0.854
11 11 133 0.875
11 12 121 0.827
11 13 137 0.912
11 14 109 0.918
11 15 105 0.858
11 16 144 0.885
11 17 128 0.936
11 18 116 0.815
11 19 133 0.852
11 20 119 0.906
11 21 103 0.878
11 22 129 0.954
11 23 105 0.912
11 24 129 0.928
11 25 118 0.863
11 26 117 0.917
11 27 76 0.944
11 28 99 0.898
11 29 132 0.878
11 30 130 0.924
11 31 118 0.839
11 32 112 0.843
11 33 137 0.947
11 34 137 0.937
11 35 145 0.873
11 36 128 0.875
11 37 141 0.928
11 38 140 0.883
11 39 141 0.913
11 40 0 0.0
11 41 176 0.82
11 42 129 0.954
11 43 163 0.829
11 44 197 0.859
11 45 187 0.751
11 46 203 0.858
11 47 234 0.775
11 48 273 0.751
12 1 145 0.915
12 2 151 0.843
12 3 170 0.894
12 4 198 0.829
12 5 134 0.892
12 6 133 0.862
12 7 150 0.858
12 8 141 0.871
12 9 143 0.893
12 10 131 0.931
12 11 128 0.875
12 12 118 0.953
12 13 130 0.924
12 14 137 0.912
12 15 140 0.957
12 16 115 0.865
12 17 124 0.907
12 18 97 0.807
12 19 112 0.904
12 20 130 0.914
12 21 68 0.926
12 22 79 0.9
12 23 115 0.841
12 24 126 0.886
12 25 132 0.903
12 26 130 0.899
12 27 123 0.936
12 28 133 0.909
12 29 145 0.882
12 30 168 0.897
12 31 145 0.895
12 32 136 0.818
12 33 133 0.909
12 34 116 0.883
12 35 131 0.958
12 36 157 0.931
12 37 140 0.793
12 38 147 0.894
12 39 135 0.852
12 40 173 0.852
12 41 147 0.952
12 42 178 0.937
12 43 32 0.803
12 44 40 0.806
12 45 230 0.861
12 46 233 0.855
12 47 221 0.834
12 48 296 0.541
13 1 183 0.88
13 2 156 0.841
13 3 157 0.876
13 4 184 0.846
13 5 180 0.723
13 6 129 0.849
13 7 146 0.865
13 8 133 0.909
13 9 88 0.922
13 10 93 0.9
13 11 135 0.934
13 12 117 0.87
13 13 123 0.899
13 14 121 0.948
13 15 131 0.921
13 16 74 0.802
13 17 100 0.949
13 18 107 0.864
13 19 119 0.917
13 20 127 0.918
13 21 118 0.898
13 22 95 0.919
13 23 119 0.921
13 24 129 0.882
13 25 118 0.925
13 26 114 0.96
13 27 133 0.875
13 28 139 0.925
13 29 144 0.867
13 30 145 0.915
13 31 142 0.886
13 32 142 0.896
13 33 151 0.895
13 34 151 0.909
13 35 144 0.899
13 36 149 0.861
13 37 153 0.907
13 38 149 0.874
13 39 152 0.861
13 40 145 0.905
13 41 133 0.852
13 42 174 0.865
13 43 182 0.926
13 44 188 0.856
13 45 222 0.817
13 46 234 0.92
13 47 234 0.901
13 48 253 0.691
14 1 165 0.911
14 2 163 0.849
14 3 107 0.929
14 4 110 0.926
14 5 154 0.903
14 6 146 0.925
14 7 148 0.891
14 8 119 0.933
14 9 139 0.925
14 10 0 0.0
14 11 111 0.87
14 12 117 0.917
14 13 26 0.993
14 14 23 0.756
14 15 130 0.951
14 16 126 0.948
14 17 122 0.892
14 18 130 0.899
14 19 121 0.885
14 20 126 0.959
14 21 125 0.903
14 22 0 0.0
14 23 135 0.898
14 24 141 0.88
14 25 43 0.827
14 26 50 0.886
14 27 134 0.836
14 28 120 0.914
14 29 113 0.964
14 30 122 0.929
14 31 0 0.0
14 32 0 0.0
14 33 55 0.95
14 34 53 0.957
14 35 135 0.898
14 36 129 0.907
14 37 159 0.91
14 38 152 0.924
14 39 155 0.844
14 40 167 0.879
14 41 135 0.843
14 42 130 0.962
14 43 165 0.921
14 44 246 0.929
14 45 40 0.88
14 46 29 0.802
14 47 235 0.838
14 48 265 0.861
15 1 211 0.876
15 2 170 0.916
15 3 155 0.919
15 4 156 0.925
15 5 139 0.925
15 6 141 0.88
15 7 134 0.902
15 8 126 0.886
15 9 132 0.913
15 10 117 0.856
15 11 101 0.917
15 12 120 0.929
15 13 132 0.869
15 14 118 0.829
15 15 107 0.901
15 16 109 0.976
15 17 124 0.882
15 18 120 0.952
15 19 123 0.936
15 20 124 0.944
15 21 132 0.938
15 22 135 0.865
15 23 133 0.92
15 24 138 0.944
15 25 121 0.885
15 26 126 0.862
15 27 132 0.913
15 28 124 0.882
15 29 126 0.875
15 30 134 0.836
15 31 120 0.877
15 32 119 0.917
15 33 142 0.91
15 34 139 0.925
15 35 138 0.83
15 36 138 0.83
15 37 109 0.869
15 38 129 0.868
15 39 116 0.936
15 40 96 0.911
15 41 144 0.74
15 42 147 0.812
15 43 154 0.859
15 44 223 0.811
15 45 228 0.889
15 46 197 0.851
15 47 216 0.755
15 48 265 0.755
16 1 184 0.927
16 2 141 0.913
16 3 160 0.915
16 4 140 0.932
16 5 144 0.933
16 6 163 0.784
16 7 142 0.896
16 8 128 0.936
16 9 133 0.852
16 10 120 0.877
16 11 85 0.891
16 12 104 0.903
16 13 128 0.936
16 14 126 0.862
16 15 117 0.906
16 16 114 0.883
16 17 89 0.915
16 18 102 0.955
16 19 133 0.895
16 20 126 0.932
16 21 131 0.931
16 22 137 0.888
16 23 144 0.899
16 24 133 0.909
16 25 140 0.932
16 26 143 0.926
16 27 35 0.917
16 28 35 0.947
16 29 146 0.946
16 30 141 0.752
16 31 137 0.855
16 32 157 0.838
16 33 137 0.888
16 34 140 0.864
16 35 144 0.923
16 36 116 0.883
16 37 132 0.938
16 38 144 0.867
16 39 133 0.885
16 40 147 0.918
16 41 164 0.915
16 42 175 0.899
16 43 135 0.865
16 44 181 0.871
16 45 190 0.828
16 46 227 0.912
16 47 212 0.787
16 48 274 0.553
17 1 197 0.851
17 2 172 0.936
17 3 132 0.903
17 4 124 0.872
17 5 147 0.871
17 6 162 0.917
17 7 122 0.892
17 8 144 0.923
17 9 67 0.948
17 10 70 0.903
17 11 136 0.905
17 12 123 0.899
17 13 126 0.948
17 14 107 0.89
17 15 87 0.882
17 16 79 0.9
17 17 105 0.941
17 18 122 0.929
17 19 126 0.838
17 20 136 0.967
17 21 130 0.865
17 22 142 0.886
17 23 138 0.918
17 24 124 0.944
17 25 149 0.906
17 26 119 0.895
17 27 140 0.942
17 28 141 0.819
17 29 144 0.923
17 30 142 0.896
17 31 132 0.913
17 32 152 0.901
17 33 166 0.845
17 34 137 0.912
17 35 133 0.909
17 36 143 0.87
17 37 127 0.878
17 38 144 0.933
17 39 151 0.942
17 40 164 0.884
17 41 145 0.905
17 42 148 0.868
17 43 174 0.837
17 44 191 0.878
17 45 199 0.906
17 46 242 0.694
17 47 179 0.684
17 48 260 0.659
18 1 185 0.919
18 2 180 0.846
18 3 0 0.0
18 4 179 0.861
18 5 37 0.948
18 6 36 0.923
18 7 0 0.0
18 8 0 0.0
18 9 129 0.917
18 10 124 0.907
18 11 0 0.0
18 12 129 0.858
18 13 110 0.915
18 14 100 0.907
18 15 0 0.0
18 16 109 0.788
18 17 116 0.848
18 18 115 0.891
18 19 126 0.829
18 20 120 0.877
18 21 28 0.702
18 22 37 0.948
18 23 111 0.923
18 24 92 0.862
18 25 36 0.923
18 26 43 0.867
18 27 133 0.839
18 28 139 0.877
18 29 27 0.91
18 30 29 0.898
18 31 134 0.845
18 32 136 0.905
18 33 34 0.81
18 34 49 0.885
18 35 143 0.893
18 36 139 0.901
18 37 42 0.808
18 38 33 0.943
18 39 159 0.91
18 40 161 0.868
18 41 29 0.977
18 42 36 0.974
18 43 192 0.915
18 44 210 0.861
18 45 197 0.87
18 46 209 0.782
18 47 227 0.68
18 48 185 0.898
19 1 193 0.879
19 2 195 0.869
19 3 150 0.849
19 4 154 0.903
19 5 140 0.874
19 6 146 0.946
19 7 140 0.932
19 8 152 0.879
19 9 129 0.943
19 10 139 0.925
19 11 124 0.872
19 12 128 0.82
19 13 116 0.936
19 14 124 0.907
19 15 115 0.901
19 16 114 0.932
19 17 115 0.912
19 18 126 0.921
19 19 122 0.956
19 20 128 0.91
19 21 121 0.921
19 22 137 0.922
19 23 135 0.923
19 24 141 0.894
19 25 130 0.889
19 26 135 0.908
19 27 105 0.953
19 28 125 0.864
19 29 148 0.9
19 30 139 0.845
19 31 142 0.864
19 32 139 0.836
19 33 147 0.904
19 34 139 0.961
19 35 131 0.921
19 36 147 0.841
19 37 159 0.857
19 38 157 0.889
19 39 139 0.935
19 40 106 0.797
19 41 146 0.911
19 42 155 0.856
19 43 167 0.879
19 44 177 0.892
19 45 185 0.87
19 46 240 0.88
19 47 182 0.776
19 48 316 0.628
20 1 190 0.846
20 2 166 0.895
20 3 170 0.792
20 4 142 0.91
20 5 171 0.9
20 6 154 0.937
20 7 121 0.91
20 8 126 0.906
20 9 136 0.905
20 10 138 0.929
20 11 124 0.907
20 12 127 0.888
20 13 115 0.901
20 14 128 0.9
20 15 91 0.922
20 16 111 0.964
20 17 134 0.892
20 18 137 0.888
20 19 120 0.941
20 20 121 0.91
20 21 0 0.0
20 22 0 0.0
20 23 125 0.914
20 24 138 0.918
20 25 208 0.772
20 26 140 0.793
20 27 54 0.878
20 28 44 0.976
20 29 66 0.898
20 30 150 0.922
20 31 159 0.91
20 32 180 0.895
20 33 134 0.882
20 34 159 0.837
20 35 144 0.889
20 36 150 0.809
20 37 137 0.922
20 38 145 0.873
20 39 111 0.935
20 40 138 0.918
20 41 142 0.854
20 42 144 0.909
20 43 163 0.9
20 44 170 0.886
20 45 191 0.851
20 46 236 0.917
20 47 161 0.908
20 48 12 0.394
21 1 191 0.878
21 2 162 0.895
21 3 157 0.945
21 4 153 0.931
21 5 177 0.868
21 6 152 0.901
21 7 138 0.918
21 8 137 0.947
21 9 130 0.924
21 10 109 0.88
21 11 125 0.889
21 12 114 0.834
21 13 118 0.853
21 14 123 0.864
21 15 87 0.925
21 16 83 0.959
21 17 121 0.85
21 18 108 0.926
21 19 126 0.838
21 20 127 0.94
21 21 127 0.903
21 22 118 0.964
21 23 137 0.912
21 24 133 0.875
21 25 150 0.889
21 26 124 0.933
21 27 133 0.92
21 28 142 0.896
21 29 119 0.944
21 30 135 0.865
21 31 150 0.88
21 32 148 0.934
21 33 163 0.9
21 34 147 0.885
21 35 166 0.853
21 36 137 0.864
21 37 147 0.952
21 38 161 0.912
21 39 151 0.909
21 40 160 0.795
21 41 132 0.869
21 42 139 0.925
21 43 162 0.873
21 44 183 0.841
21 45 186 0.836
21 46 180 0.895
21 47 229 0.882
21 48 213 0.9
22 1 207 0.922
22 2 198 0.882
22 3 176 0.935
22 4 159 0.943
22 5 43 0.927
22 6 44 0.996
22 7 133 0.909
22 8 138 0.929
22 9 32 0.762
22 10 30 0.986
22 11 116 0.909
22 12 121 0.96
22 13 143 0.926
22 14 115 0.94
22 15 108 0.921
22 16 106 0.92
22 17 122 0.929
22 18 114 0.948
22 19 119 0.895
22 20 110 0.899
22 21 122 0.956
22 22 131 0.931
22 23 96 0.871
22 24 55 0.879
22 25 46 0.927
22 26 35 0.947
22 27 155 0.865
22 28 143 0.926
22 29 116 0.909
22 30 119 0.933
22 31 142 0.877
22 32 133 0.839
22 33 141 0.867
22 34 138 0.929
22 35 155 0.933
22 36 166 0.926
22 37 152 0.84
22 38 138 0.929
22 39 145 0.895
22 40 134 0.878
22 41 38 0.905
22 42 53 0.957
22 43 166 0.917
22 44 177 0.88
22 45 186 0.875
22 46 206 0.926
22 47 240 0.925
22 48 219 0.934
23 1 227 0.893
23 2 176 0.855
23 3 185 0.87
23 4 152 0.861
23 5 154 0.937
23 6 139 0.925
23 7 126 0.948
23 8 124 0.907
23 9 126 0.932
23 10 114 0.92
23 11 106 0.841
23 12 121 0.86
23 13 124 0.944
23 14 129 0.917
23 15 135 0.934
23 16 138 0.918
23 17 130 0.962
23 18 132 0.965
23 19 121 0.885
23 20 140 0.942
23 21 144 0.876
23 22 143 0.893
23 23 138 0.918
23 24 142 0.92
23 25 131 0.872
23 26 136 0.827
23 27 148 0.891
23 28 131 0.872
23 29 156 0.883
23 30 141 0.913
23 31 127 0.878
23 32 146 0.787
23 33 142 0.873
23 34 158 0.927
23 35 122 0.918
23 36 174 0.865
23 37 149 0.874
23 38 132 0.869
23 39 151 0.895
23 40 110 0.915
23 41 168 0.915
23 42 184 0.894
23 43 179 0.869
23 44 153 0.866
23 45 189 0.889
23 46 230 0.905
23 47 267 0.898
23 48 227 0.705
24 1 198 0.788
24 2 175 0.815
24 3 150 0.88
24 4 152 0.924
24 5 167 0.879
24 6 164 0.863
24 7 143 0.86
24 8 136 0.905
24 9 137 0.833
24 10 135 0.865
24 11 138 0.894
24 12 122 0.929
24 13 128 0.947
24 14 119 0.961
24 15 100 0.949
24 16 128 0.91
24 17 131 0.818
24 18 126 0.959
24 19 138 0.839
24 20 143 0.893
24 21 0 0.0
24 22 10 0.382
24 23 140 0.932
24 24 124 0.907
24 25 143 0.883
24 26 134 0.892
24 27 55 0.823
24 28 44 0.809
24 29 153 0.825
24 30 158 0.852
24 31 152 0.924
24 32 163 0.91
24 33 135 0.949
24 34 137 0.912
24 35 137 0.888
24 36 129 0.878
24 37 139 0.925
24 38 162 0.927
24 39 124 0.917
24 40 130 0.924
24 41 177 0.909
24 42 157 0.88
24 43 134 0.882
24 44 143 0.86
24 45 161 0.898
24 46 214 0.834
24 47 268 0.895
24 48 270 0.761
25 1 210 0.819
25 2 179 0.942
25 3 190 0.893
25 4 181 0.908
25 5 171 0.891
25 6 159 0.809
25 7 154 0.881
25 8 145 0.905
25 9 123 0.91
25 10 125 0.879
25 11 145 0.882
25 12 142 0.956
25 13 132 0.878
25 14 135 0.934
25 15 102 0.886
25 16 93 0.9
25 17 134 0.778
25 18 138 0.954
25 19 130 0.899
25 20 145 0.915
25 21 147 0.952
25 22 141 0.88
25 23 157 0.921
25 24 160 0.906
25 25 146 0.888
25 26 149 0.883
25 27 146 0.921
25 28 140 0.821
25 29 138 0.918
25 30 135 0.898
25 31 158 0.815
25 32 167 0.858
25 33 167 0.822
25 34 165 0.889
25 35 139 0.891
25 36 157 0.876
25 37 138 0.929
25 38 167 0.932
25 39 149 0.831
25 40 148 0.91
25 41 183 0.918
25 42 215 0.897
25 43 147 0.862
25 44 192 0.874
25 45 168 0.875
25 46 184 0.894
25 47 309 0.862
25 48 305 0.755
26 1 213 0.928
26 2 171 0.879
26 3 179 0.92
26 4 143 0.952
26 5 44 0.93
26 6 39 0.865
26 7 97 0.964
26 8 119 0.944
26 9 148 0.934
26 10 126 0.959
26 11 124 0.933
26 12 119 0.933
26 13 112 0.955
26 14 142 0.92
26 15 117 0.928
26 16 138 0.918
26 17 120 0.941
26 18 126 0.886
26 19 126 0.932
26 20 152 0.901
26 21 129 0.872
26 22 137 0.947
26 23 145 0.939
26 24 156 0.902
26 25 38 0.905
26 26 49 0.764
26 27 135 0.908
26 28 144 0.909
26 29 156 0.786
26 30 161 0.921
26 31 162 0.927
26 32 161 0.889
26 33 41 0.866
26 34 34 0.994
26 35 146 0.921
26 36 138 0.929
26 37 154 0.937
26 38 147 0.894
26 39 135 0.96
26 40 128 0.91
26 41 54 0.777
26 42 32 -1.0
26 43 157 0.826
26 44 165 0.911
26 45 212 0.827
26 46 236 0.689
26 47 262 0.899
26 48 267 0.814
27 1 223 0.951
27 2 188 0.856
27 3 164 0.893
27 4 167 0.932
27 5 163 0.91
27 6 161 0.868
27 7 141 0.938
27 8 153 0.825
27 9 134 0.868
27 10 136 0.881
27 11 125 0.98
27 12 155 0.919
27 13 146 0.936
27 14 128 0.875
27 15 121 0.86
27 16 115 0.901
27 17 133 0.909
27 18 129 0.907
27 19 139 0.95
27 20 132 0.965
27 21 123 0.976
27 22 148 0.924
27 23 129 0.943
27 24 139 0.901
27 25 156 0.813
27 26 153 0.931
27 27 141 0.913
27 28 138 0.954
27 29 135 0.96
27 30 160 0.884
27 31 171 0.823
27 32 168 0.835
27 33 178 0.864
27 34 168 0.875
27 35 160 0.906
27 36 125 0.952
27 37 162 0.904
27 38 136 0.905
27 39 138 0.918
27 40 158 0.882
27 41 204 0.812
27 42 204 0.819
27 43 168 0.863
27 44 186 0.863
27 45 189 0.869
27 46 251 0.831
27 47 244 0.604
27 48 296 0.903
28 1 258 0.91
28 2 191 0.949
28 3 193 0.916
28 4 170 0.949
28 5 142 0.945
28 6 166 0.886
28 7 137 0.912
28 8 136 0.881
28 9 157 0.898
28 10 140 0.874
28 11 148 0.934
28 12 138 0.884
28 13 157 0.898
28 14 139 0.915
28 15 136 0.871
28 16 149 0.897
28 17 125 0.952
28 18 133 0.885
28 19 129 0.892
28 20 147 0.894
28 21 181 0.871
28 22 203 0.893
28 23 150 0.858
28 24 170 0.873
28 25 160 0.788
28 26 157 0.907
28 27 29 0.898
28 28 27 -1.0
28 29 164 0.872
28 30 172 0.855
28 31 182 0.864
28 32 176 0.855
28 33 142 0.804
28 34 146 0.911
28 35 159 0.837
28 36 138 0.702
28 37 162 0.844
28 38 156 0.925
28 39 188 0.845
28 40 198 0.844
28 41 204 0.862
28 42 204 0.862
28 43 184 0.795
28 44 216 0.786
28 45 226 0.829
28 46 248 0.706
28 47 300 0.797
28 48 345 0.749
29 1 291 0.856
29 2 180 0.838
29 3 193 0.887
29 4 184 0.914
29 5 168 0.928
29 6 182 0.926
29 7 114 0.96
29 8 119 0.895
29 9 148 0.9
29 10 138 0.981
29 11 142 0.886
29 12 163 0.879
29 13 153 0.888
29 14 137 0.922
29 15 131 0.872
29 16 143 0.926
29 17 136 0.941
29 18 133 0.984
29 19 138 0.894
29 20 185 0.89
29 21 152 0.892
29 22 144 0.919
29 23 110 0.852
29 24 130 0.962
29 25 183 0.94
29 26 178 0.937
29 27 162 0.927
29 28 151 0.905
29 29 144 0.933
29 30 159 0.91
29 31 171 0.931
29 32 192 0.863
29 33 179 0.92
29 34 177 0.954
29 35 150 0.867
29 36 171 0.891
29 37 161 0.8
29 38 184 0.902
29 39 195 0.869
29 40 196 0.873
29 41 175 0.85
29 42 196 0.873
29 43 190 0.902
29 44 197 0.935
29 45 158 0.882
29 46 177 0.888
29 47 287 0.784
29 48 311 0.74
30 1 32 0.865
30 2 61 0.968
30 3 187 0.951
30 4 190 0.893
30 5 52 0.939
30 6 60 0.883
30 7 166 0.904
30 8 171 0.931
30 9 146 0.911
30 10 0 0.0
30 11 161 0.898
30 12 163 0.932
30 13 78 0.984
30 14 88 0.892
30 15 163 0.9
30 16 154 0.851
30 17 146 0.946
30 18 154 0.903
30 19 160 0.884
30 20 152 0.819
30 21 128 0.91
30 22 0 0.0
30 23 109 0.797
30 24 108 0.79
30 25 39 0.824
30 26 44 0.93
30 27 160 0.915
30 28 165 0.921
30 29 132 0.913
30 30 139 0.925
30 31 196 0.862
30 32 182 0.856
30 33 29 0.784
30 34 21 0.802
30 35 190 0.902
30 36 184 0.914
30 37 0 0.0
30 38 0 0.0
30 39 185 0.878
30 40 216 0.902
30 41 24 0.743
30 42 18 0.629
30 43 245 0.847
30 44 243 0.769
30 45 284 0.744
30 46 276 0.704
30 47 263 0.871
30 48 391 0.604
31 1 306 0.863
31 2 198 0.656
31 3 220 0.918
31 4 206 0.906
31 5 199 0.944
31 6 187 0.879
31 7 196 0.873
31 8 187 0.929
31 9 180 0.903
31 10 173 0.91
31 11 171 0.842
31 12 220 0.938
31 13 168 0.915
31 14 172 0.884
31 15 200 0.803
31 16 167 0.932
31 17 178 0.915
31 18 172 0.96
31 19 176 0.875
31 20 164 0.884
31 21 157 0.907
31 22 180 0.903
31 23 151 0.918
31 24 164 0.796
31 25 180 0.895
31 26 178 0.893
31 27 167 0.887
31 28 192 0.911
31 29 193 0.916
31 30 190 0.902
31 31 193 0.895
31 32 200 0.853
31 33 214 0.763
31 34 198 0.902
31 35 218 0.823
31 36 213 0.831
31 37 191 0.87
31 38 230 0.747
31 39 202 0.959
31 40 222 0.848
31 41 181 0.859
31 42 167 0.941
31 43 264 0.842
31 44 284 0.889
31 45 264 0.836
31 46 250 0.804
31 47 366 0.629
31 48 185 0.743
32 1 234 0.858
32 2 324 0.827
32 3 322 0.777
32 4 285 0.892
32 5 269 0.786
32 6 250 0.892
32 7 250 0.812
32 8 243 0.899
32 9 232 0.834
32 10 234 0.876
32 11 163 0.932
32 12 227 0.794
32 13 233 0.88
32 14 238 0.891
32 15 266 0.833
32 16 220 0.938
32 17 183 0.94
32 18 387 0.851
32 19 152 0.949
32 20 225 0.803
32 21 193 0.928
32 22 193 0.887
32 23 176 0.958
32 24 226 0.863
32 25 224 0.927
32 26 200 0.949
32 27 57 0.943
32 28 52 0.681
32 29 243 0.811
32 30 242 0.87
32 31 257 0.826
32 32 227 0.816
32 33 247 0.825
32 34 192 0.863
32 35 228 0.69
32 36 226 0.813
32 37 242 0.846
32 38 262 0.696
32 39 319 0.868
32 40 212 0.851
32 41 185 0.824
32 42 328 0.721
32 43 369 0.551
32 44 332 0.602
32 45 204 0.87
32 46 210 0.843
32 47 211 0.738
32 48 217 0.861
