row  column  size-1  circ-1
1 1 284 0.889
1 2 281 0.896
1 3 192 0.932
1 4 188 0.934
1 5 216 0.913
1 6 214 0.885
1 7 216 0.886
1 8 221 0.914
1 9 245 0.891
1 10 217 0.906
1 11 198 0.874
1 12 190 0.923
1 13 208 0.879
1 14 234 0.869
1 15 72 0.98
1 16 70 0.826
1 17 253 0.845
1 18 228 0.916
1 19 64 0.885
1 20 56 0.873
1 21 177 0.888
1 22 192 0.954
1 23 69 0.976
1 24 213 0.9
1 25 221 0.914
1 26 226 0.889
1 27 197 0.926
1 28 202 0.929
1 29 223 0.903
1 30 194 0.912
1 31 198 0.94
1 32 198 0.863
1 33 190 0.923
1 34 190 0.923
1 35 227 0.9
1 36 189 0.939
1 37 215 0.917
1 38 221 0.869
1 39 226 0.889
1 40 231 0.865
1 41 166 0.873
1 42 159 0.919
1 43 226 0.871
1 44 235 0.852
1 45 65 0.852
1 46 65 0.65
1 47 326 0.478
1 48 325 0.533
2 1 225 0.911
2 2 203 0.696
2 3 174 0.907
2 4 177 0.931
2 5 176 0.895
2 6 166 0.95
2 7 167 0.932
2 8 164 0.915
2 9 217 0.864
2 10 210 0.888
2 11 145 0.851
2 12 165 0.877
2 13 178 0.906
2 14 172 0.887
2 15 163 0.91
2 16 187 0.899
2 17 181 0.921
2 18 186 0.895
2 19 173 0.932
2 20 194 0.933
2 21 177 0.922
2 22 184 0.885
2 23 178 0.885
2 24 165 0.921
2 25 191 0.898
2 26 198 0.89
2 27 174 0.916
2 28 168 0.875
2 29 125 0.925
2 30 166 0.926
2 31 164 0.938
2 32 171 0.922
2 33 174 0.894
2 34 172 0.927
2 35 174 0.938
2 36 179 0.911
2 37 151 0.953
2 38 176 0.895
2 39 157 0.898
2 40 196 0.93
2 41 203 0.913
2 42 242 0.88
2 43 189 0.889
2 44 231 0.89
2 45 234 0.928
2 46 238 0.794
2 47 264 0.757
2 48 246 0.617
3 1 231 0.865
3 2 195 0.917
3 3 172 0.896
3 4 166 0.886
3 5 154 0.894
3 6 178 0.906
3 7 146 0.911
3 8 157 0.945
3 9 156 0.915
3 10 152 0.949
3 11 161 0.889
3 12 169 0.902
3 13 147 0.938
3 14 198 0.894
3 15 86 0.946
3 16 73 0.942
3 17 158 0.927
3 18 175 0.882
3 19 158 0.882
3 20 170 0.907
3 21 184 0.914
3 22 174 0.885
3 23 162 0.895
3 24 177 0.901
3 25 151 0.932
3 26 152 0.892
3 27 151 0.886
3 28 152 0.974
3 29 149 0.897
3 30 158 0.937
3 31 159 0.857
3 32 170 0.907
3 33 148 0.91
3 34 157 0.898
3 35 166 0.926
3 36 159 0.91
3 37 178 0.893
3 38 209 0.911
3 39 173 0.901
3 40 180 0.925
3 41 187 0.908
3 42 190 0.932
3 43 175 0.858
3 44 218 0.816
3 45 257 0.784
3 46 209 0.865
3 47 255 0.899
3 48 170 0.949
4 1 221 0.851
4 2 173 0.86
4 3 156 0.915
4 4 131 0.958
4 5 150 0.946
4 6 143 0.893
4 7 155 0.878
4 8 158 0.843
4 9 139 0.858
4 10 133 0.8
4 11 150 0.903
4 12 145 0.905
4 13 79 0.869
4 14 157 0.921
4 15 159 0.878
4 16 105 0.924
4 17 164 0.915
4 18 140 0.842
4 19 82 0.902
4 20 175 0.861
4 21 135 0.923
4 22 154 0.903
4 23 107 0.913
4 24 130 0.924
4 25 149 0.874
4 26 111 0.87
4 27 145 0.929
4 28 145 0.929
4 29 145 0.905
4 30 113 0.912
4 31 167 0.87
4 32 151 0.909
4 33 165 0.889
4 34 158 0.927
4 35 84 0.971
4 36 145 0.929
4 37 157 0.931
4 38 168 0.915
4 39 143 0.902
4 40 177 0.86
4 41 190 0.865
4 42 190 0.923
4 43 167 0.887
4 44 185 0.87
4 45 182 0.935
4 46 194 0.912
4 47 190 0.902
4 48 205 0.79
5 1 202 0.9
5 2 194 0.856
5 3 156 0.892
5 4 145 0.929
5 5 148 0.91
5 6 153 0.921
5 7 126 0.921
5 8 134 0.892
5 9 131 0.862
5 10 131 0.931
5 11 146 0.921
5 12 143 0.926
5 13 131 0.849
5 14 154 0.83
5 15 39 0.883
5 16 36 0.923
5 17 156 0.892
5 18 127 0.893
5 19 36 0.974
5 20 41 0.774
5 21 153 0.921
5 22 133 0.909
5 23 164 0.863
5 24 138 0.83
5 25 155 0.919
5 26 132 0.913
5 27 137 0.912
5 28 159 0.933
5 29 138 0.918
5 30 139 0.891
5 31 133 0.895
5 32 157 0.898
5 33 136 0.905
5 34 140 0.932
5 35 129 0.917
5 36 146 0.888
5 37 158 0.927
5 38 178 0.885
5 39 155 0.909
5 40 169 0.889
5 41 130 0.889
5 42 114 0.932
5 43 174 0.925
5 44 186 0.924
5 45 188 0.922
5 46 60 0.914
5 47 199 0.823
5 48 215 0.889
6 1 157 0.885
6 2 167 0.941
6 3 122 0.956
6 4 167 0.932
6 5 144 0.958
6 6 138 0.884
6 7 136 0.93
6 8 124 0.944
6 9 143 0.87
6 10 128 0.82
6 11 123 0.874
6 12 130 0.924
6 13 129 0.943
6 14 160 0.906
6 15 136 0.905
6 16 164 0.928
6 17 114 0.932
6 18 138 0.918
6 19 138 0.894
6 20 168 0.919
6 21 133 0.909
6 22 128 0.852
6 23 159 0.933
6 24 159 0.933
6 25 147 0.885
6 26 131 0.839
6 27 128 0.865
6 28 122 0.956
6 29 125 0.903
6 30 162 0.836
6 31 151 0.864
6 32 145 0.965
6 33 146 0.921
6 34 159 0.943
6 35 135 0.923
6 36 140 0.917
6 37 157 0.921
6 38 141 0.913
6 39 143 0.926
6 40 181 0.921
6 41 164 0.915
6 42 159 0.91
6 43 167 0.922
6 44 180 0.925
6 45 177 0.909
6 46 202 0.888
6 47 248 0.704
6 48 240 0.495
7 1 310 0.929
7 2 156 0.892
7 3 150 0.936
7 4 139 0.961
7 5 149 0.883
7 6 176 0.904
7 7 127 0.913
7 8 130 0.899
7 9 131 0.886
7 10 148 0.9
7 11 121 0.921
7 12 127 0.776
7 13 132 0.903
7 14 123 0.899
7 15 129 0.917
7 16 148 0.938
7 17 134 0.859
7 18 118 0.888
7 19 155 0.919
7 20 165 0.779
7 21 153 0.907
7 22 125 0.914
7 23 133 0.909
7 24 152 0.766
7 25 153 0.921
7 26 127 0.929
7 27 137 0.902
7 28 159 0.91
7 29 147 0.853
7 30 134 0.942
7 31 161 0.921
7 32 148 0.938
7 33 148 0.891
7 34 140 0.942
7 35 110 0.888
7 36 130 0.899
7 37 130 0.889
7 38 143 0.902
7 39 145 0.965
7 40 138 0.81
7 41 144 0.909
7 42 140 0.932
7 43 99 0.927
7 44 184 0.873
7 45 193 0.737
7 46 198 0.91
7 47 216 0.792
7 48 219 0.844
8 1 215 0.909
8 2 162 0.927
8 3 144 0.867
8 4 141 0.88
8 5 139 0.925
8 6 135 0.923
8 7 123 0.889
8 8 88 0.935
8 9 127 0.868
8 10 127 0.929
8 11 98 0.889
8 12 137 0.926
8 13 137 0.947
8 14 153 0.921
8 15 125 0.914
8 16 128 0.889
8 17 131 0.958
8 18 129 0.943
8 19 137 0.902
8 20 123 0.889
8 21 148 0.924
8 22 123 0.899
8 23 138 0.875
8 24 129 0.907
8 25 145 0.873
8 26 128 0.9
8 27 100 0.937
8 28 141 0.858
8 29 155 0.919
8 30 145 0.873
8 31 136 0.84
8 32 140 0.874
8 33 134 0.836
8 34 121 0.921
8 35 141 0.904
8 36 147 0.875
8 37 138 0.918
8 38 143 0.839
8 39 144 0.815
8 40 156 0.892
8 41 159 0.91
8 42 159 0.91
8 43 186 0.855
8 44 170 0.894
8 45 188 0.913
8 46 153 0.884
8 47 239 0.852
8 48 234 0.909
9 1 203 0.885
9 2 157 0.921
9 3 156 0.892
9 4 165 0.889
9 5 132 0.938
9 6 167 0.879
9 7 134 0.892
9 8 98 0.851
9 9 129 0.858
9 10 113 0.875
9 11 141 0.938
9 12 127 0.805
9 13 160 0.906
9 14 137 0.902
9 15 48 0.986
9 16 38 0.803
9 17 147 0.885
9 18 144 0.857
9 19 133 0.899
9 20 152 0.869
9 21 156 0.883
9 22 121 0.921
9 23 111 0.86
9 24 122 0.857
9 25 132 0.869
9 26 142 0.92
9 27 117 0.944
9 28 131 0.931
9 29 154 0.937
9 30 148 0.9
9 31 160 0.862
9 32 135 0.875
9 33 139 0.925
9 34 132 0.903
9 35 127 0.967
9 36 121 0.895
9 37 77 0.78
9 38 107 0.901
9 39 143 0.926
9 40 158 0.927
9 41 171 0.891
9 42 170 0.949
9 43 182 0.905
9 44 206 0.935
9 45 51 0.921
9 46 43 0.812
9 47 313 0.905
9 48 222 0.808
10 1 226 0.923
10 2 177 0.901
10 3 151 0.953
10 4 134 0.953
10 5 135 0.865
10 6 135 0.888
10 7 117 0.917
10 8 130 0.889
10 9 133 0.812
10 10 120 0.903
10 11 112 0.904
10 12 121 0.85
10 13 132 0.869
10 14 130 0.924
10 15 136 0.905
10 16 149 0.897
10 17 158 0.927
10 18 138 0.884
10 19 126 0.932
10 20 147 0.853
10 21 147 0.908
10 22 155 0.909
10 23 151 0.942
10 24 138 0.954
10 25 124 0.907
10 26 136 0.798
10 27 144 0.867
10 28 129 0.882
10 29 158 0.895
10 30 130 0.951
10 31 129 0.882
10 32 130 0.924
10 33 142 0.956
10 34 109 0.918
10 35 141 0.938
10 36 128 0.875
10 37 153 0.897
10 38 128 0.91
10 39 145 0.965
10 40 155 0.943
10 41 143 0.902
10 42 160 0.822
10 43 175 0.921
10 44 179 0.92
10 45 199 0.867
10 46 204 0.87
10 47 203 0.773
10 48 227 0.826
11 1 228 0.897
11 2 151 0.895
11 3 118 0.863
11 4 0 0.0
11 5 154 0.903
11 6 133 0.92
11 7 116 0.92
11 8 130 0.856
11 9 133 0.852
11 10 130 0.889
11 11 117 0.917
11 12 125 0.903
11 13 127 0.929
11 14 114 0.948
11 15 142 0.864
11 16 108 0.91
11 17 141 0.88
11 18 131 0.768
11 19 118 0.898
11 20 131 0.872
11 21 121 0.827
11 22 150 0.936
11 23 127 0.719
11 24 113 0.886
11 25 119 0.87
11 26 121 0.948
11 27 138 0.954
11 28 123 0.925
11 29 151 0.942
11 30 158 0.937
11 31 123 0.936
11 32 121 0.932
11 33 114 0.96
11 34 140 0.942
11 35 150 0.912
11 36 157 0.81
11 37 126 0.921
11 38 138 0.918
11 39 136 0.93
11 40 136 0.93
11 41 133 0.875
11 42 151 0.886
11 43 162 0.936
11 44 177 0.871
11 45 192 0.894
11 46 209 0.883
11 47 202 0.9
11 48 166 0.917
12 1 199 0.915
12 2 168 0.906
12 3 152 0.869
12 4 97 0.853
12 5 121 0.86
12 6 134 0.927
12 7 123 0.899
12 8 108 0.898
12 9 127 0.893
12 10 114 0.883
12 11 111 0.885
12 12 90 0.871
12 13 125 0.879
12 14 109 0.88
12 15 127 0.94
12 16 96 0.899
12 17 129 0.943
12 18 104 0.944
12 19 145 0.929
12 20 118 0.807
12 21 156 0.915
12 22 146 0.911
12 23 108 0.95
12 24 129 0.917
12 25 133 0.92
12 26 141 0.827
12 27 123 0.936
12 28 136 0.905
12 29 152 0.901
12 30 130 0.889
12 31 108 0.846
12 32 105 0.912
12 33 144 0.899
12 34 146 0.936
12 35 69 0.876
12 36 169 0.943
12 37 132 0.903
12 38 128 0.91
12 39 135 0.875
12 40 147 0.942
12 41 147 0.832
12 42 150 0.828
12 43 149 0.906
12 44 198 0.863
12 45 168 0.915
12 46 176 0.895
12 47 214 0.859
12 48 251 0.822
13 1 192 0.874
13 2 155 0.887
13 3 186 0.875
13 4 158 0.913
13 5 141 0.938
13 6 125 0.864
13 7 129 0.917
13 8 123 0.936
13 9 129 0.882
13 10 115 0.928
13 11 132 0.878
13 12 126 0.921
13 13 136 0.915
13 14 125 0.879
13 15 37 -1.0
13 16 153 0.921
13 17 73 0.815
13 18 99 0.898
13 19 122 0.892
13 20 129 0.928
13 21 171 0.9
13 22 148 0.847
13 23 116 0.848
13 24 146 0.961
13 25 92 0.89
13 26 127 0.903
13 27 102 0.886
13 28 91 0.757
13 29 154 0.802
13 30 155 0.9
13 31 147 0.862
13 32 142 0.945
13 33 151 0.834
13 34 144 0.876
13 35 131 0.896
13 36 81 0.971
13 37 34 0.919
13 38 0 0.0
13 39 146 0.818
13 40 145 0.939
13 41 100 0.907
13 42 96 0.899
13 43 174 0.8
13 44 173 0.91
13 45 50 0.896
13 46 49 0.961
13 47 210 0.915
13 48 199 0.867
14 1 103 0.867
14 2 165 0.88
14 3 179 0.881
14 4 149 0.94
14 5 83 0.913
14 6 132 0.913
14 7 108 0.938
14 8 127 0.868
14 9 119 0.895
14 10 115 0.865
14 11 121 0.895
14 12 104 0.944
14 13 121 0.827
14 14 129 0.892
14 15 123 0.91
14 16 123 0.851
14 17 128 0.91
14 18 91 0.91
14 19 115 0.901
14 20 147 0.853
14 21 139 0.891
14 22 117 0.88
14 23 129 0.892
14 24 125 0.914
14 25 124 0.972
14 26 117 0.856
14 27 110 0.862
14 28 113 0.86
14 29 127 0.929
14 30 116 0.873
14 31 132 0.903
14 32 140 0.907
14 33 142 0.864
14 34 149 0.897
14 35 124 0.882
14 36 134 0.927
14 37 128 0.91
14 38 119 0.944
14 39 150 0.936
14 40 156 0.883
14 41 148 0.9
14 42 152 0.924
14 43 159 0.919
14 44 182 0.913
14 45 196 0.862
14 46 213 0.874
14 47 195 0.869
14 48 200 0.764
15 1 188 0.904
15 2 168 0.884
15 3 144 0.889
15 4 146 0.921
15 5 152 0.869
15 6 154 0.927
15 7 128 0.91
15 8 112 0.915
15 9 124 0.907
15 10 118 0.807
15 11 116 0.862
15 12 117 0.891
15 13 120 0.914
15 14 162 0.873
15 15 121 0.885
15 16 122 0.907
15 17 142 0.93
15 18 119 0.933
15 19 107 0.829
15 20 117 0.944
15 21 113 0.826
15 22 145 0.882
15 23 166 0.873
15 24 148 0.868
15 25 147 0.894
15 26 140 0.897
15 27 124 0.882
15 28 155 0.847
15 29 115 0.901
15 30 135 0.96
15 31 122 0.867
15 32 150 0.903
15 33 146 0.972
15 34 119 0.921
15 35 145 0.939
15 36 127 0.903
15 37 147 0.942
15 38 125 0.925
15 39 131 0.906
15 40 140 0.932
15 41 134 0.927
15 42 145 0.939
15 43 151 0.855
15 44 173 0.91
15 45 197 0.851
15 46 199 0.895
15 47 183 0.889
15 48 141 0.88
16 1 185 0.898
16 2 166 0.853
16 3 158 0.937
16 4 137 0.947
16 5 143 0.952
16 6 140 0.932
16 7 130 0.889
16 8 114 0.932
16 9 123 0.899
16 10 116 0.858
16 11 123 0.889
16 12 119 0.906
16 13 143 0.926
16 14 115 0.928
16 15 110 0.915
16 16 131 0.862
16 17 145 0.895
16 18 143 0.952
16 19 115 0.831
16 20 121 0.921
16 21 144 0.899
16 22 126 0.896
16 23 162 0.873
16 24 153 0.866
16 25 147 0.928
16 26 119 0.933
16 27 113 0.886
16 28 152 0.901
16 29 153 0.897
16 30 154 0.894
16 31 104 0.944
16 32 122 0.929
16 33 148 0.891
16 34 119 0.961
16 35 142 0.91
16 36 115 0.928
16 37 125 0.914
16 38 145 0.905
16 39 120 0.941
16 40 139 0.925
16 41 134 0.906
16 42 138 0.918
16 43 167 0.887
16 44 181 0.879
16 45 187 0.938
16 46 224 0.927
16 47 118 0.652
16 48 263 0.878
17 1 204 0.909
17 2 164 0.906
17 3 175 0.842
17 4 133 0.946
17 5 128 0.91
17 6 124 0.872
17 7 154 0.872
17 8 107 0.839
17 9 119 0.87
17 10 101 0.917
17 11 121 0.885
17 12 120 0.903
17 13 122 0.956
17 14 151 0.895
17 15 41 0.826
17 16 44 0.949
17 17 122 0.857
17 18 121 0.874
17 19 147 0.918
17 20 157 0.889
17 21 44 0.887
17 22 54 0.782
17 23 136 0.84
17 24 146 0.901
17 25 154 0.903
17 26 146 0.879
17 27 12 0.781
17 28 22 0.988
17 29 154 0.881
17 30 138 0.894
17 31 144 0.876
17 32 159 0.9
17 33 141 0.904
17 34 146 0.921
17 35 150 0.946
17 36 154 0.927
17 37 153 0.866
17 38 152 0.892
17 39 160 0.834
17 40 88 0.813
17 41 90 0.882
17 42 89 0.902
17 43 152 0.879
17 44 177 0.909
17 45 211 0.9
17 46 18 0.895
17 47 201 0.876
17 48 201 0.887
18 1 196 0.873
18 2 161 0.921
18 3 151 0.918
18 4 152 0.861
18 5 136 0.915
18 6 134 0.892
18 7 141 0.904
18 8 111 0.923
18 9 115 0.876
18 10 118 0.888
18 11 90 0.925
18 12 112 0.927
18 13 134 0.916
18 14 109 0.946
18 15 120 0.969
18 16 123 0.899
18 17 111 0.935
18 18 124 0.896
18 19 162 0.873
18 20 155 0.835
18 21 150 0.722
18 22 118 0.888
18 23 166 0.865
18 24 155 0.865
18 25 151 0.886
18 26 110 0.862
18 27 146 0.946
18 28 119 0.973
18 29 124 0.882
18 30 120 0.941
18 31 144 0.815
18 32 150 0.922
18 33 127 0.893
18 34 145 0.915
18 35 139 0.925
18 36 141 0.848
18 37 137 0.897
18 38 127 0.868
18 39 139 0.925
18 40 158 0.904
18 41 133 0.83
18 42 166 0.825
18 43 158 0.913
18 44 138 0.954
18 45 178 0.856
18 46 167 0.879
18 47 213 0.928
18 48 177 0.86
19 1 199 0.878
19 2 151 0.886
19 3 157 0.867
19 4 163 0.829
19 5 62 0.928
19 6 113 0.886
19 7 105 0.896
19 8 116 0.92
19 9 129 0.868
19 10 127 0.903
19 11 159 0.919
19 12 147 0.942
19 13 97 0.951
19 14 152 0.901
19 15 128 0.91
19 16 116 0.898
19 17 98 0.918
19 18 102 0.886
19 19 119 0.906
19 20 142 0.886
19 21 119 0.86
19 22 117 0.88
19 23 114 0.932
19 24 143 0.941
19 25 118 0.898
19 26 118 0.888
19 27 109 0.891
19 28 120 0.877
19 29 123 0.874
19 30 136 0.915
19 31 128 0.91
19 32 148 0.9
19 33 117 0.944
19 34 164 0.938
19 35 124 0.882
19 36 117 0.944
19 37 97 0.88
19 38 92 0.902
19 39 136 0.915
19 40 148 0.924
19 41 142 0.91
19 42 140 0.842
19 43 156 0.902
19 44 156 0.809
19 45 172 0.936
19 46 191 0.89
19 47 203 0.904
19 48 200 0.899
20 1 202 0.892
20 2 172 0.875
20 3 157 0.931
20 4 131 0.906
20 5 147 0.894
20 6 135 0.898
20 7 129 0.882
20 8 120 0.941
20 9 124 0.872
20 10 129 0.907
20 11 132 0.903
20 12 98 0.889
20 13 142 0.877
20 14 142 0.92
20 15 130 0.889
20 16 148 0.924
20 17 150 0.88
20 18 117 0.88
20 19 99 0.898
20 20 145 0.821
20 21 111 0.835
20 22 126 0.862
20 23 133 0.885
20 24 148 0.847
20 25 125 0.925
20 26 126 0.896
20 27 130 0.899
20 28 140 0.874
20 29 125 0.889
20 30 156 0.892
20 31 89 0.861
20 32 172 0.905
20 33 150 0.936
20 34 132 0.903
20 35 101 0.888
20 36 141 0.88
20 37 147 0.928
20 38 128 0.778
20 39 100 0.949
20 40 142 0.886
20 41 151 0.918
20 42 144 0.943
20 43 165 0.921
20 44 165 0.889
20 45 187 0.871
20 46 192 0.883
20 47 201 0.895
20 48 204 0.826
21 1 108 0.95
21 2 171 0.944
21 3 158 0.927
21 4 147 0.862
21 5 75 0.899
21 6 56 0.927
21 7 112 0.766
21 8 144 0.909
21 9 117 0.891
21 10 98 0.948
21 11 132 0.903
21 12 126 0.932
21 13 37 0.9
21 14 0 0.0
21 15 47 0.966
21 16 48 0.949
21 17 128 0.842
21 18 124 0.907
21 19 144 0.923
21 20 135 0.834
21 21 153 0.921
21 22 116 0.898
21 23 186 0.855
21 24 146 0.865
21 25 147 0.862
21 26 154 0.937
21 27 122 0.918
21 28 118 0.898
21 29 140 0.907
21 30 126 0.911
21 31 151 0.909
21 32 140 0.897
21 33 142 0.886
21 34 146 0.888
21 35 137 0.922
21 36 129 0.849
21 37 148 0.924
21 38 149 0.93
21 39 141 0.88
21 40 136 0.941
21 41 133 0.843
21 42 99 0.887
21 43 153 0.931
21 44 167 0.9
21 45 14 0.993
21 46 204 0.917
21 47 189 0.897
21 48 222 0.824
22 1 164 0.915
22 2 164 0.884
22 3 179 0.89
22 4 163 0.91
22 5 143 0.893
22 6 118 0.925
22 7 141 0.88
22 8 133 0.935
22 9 120 0.853
22 10 127 0.903
22 11 120 0.877
22 12 120 0.877
22 13 127 0.967
22 14 111 0.896
22 15 139 0.877
22 16 161 0.811
22 17 138 0.861
22 18 128 0.852
22 19 132 0.938
22 20 175 0.79
22 21 136 0.915
22 22 122 0.834
22 23 114 0.893
22 24 110 0.862
22 25 117 0.906
22 26 115 0.851
22 27 117 0.856
22 28 143 0.916
22 29 150 0.88
22 30 101 0.905
22 31 144 0.795
22 32 154 0.881
22 33 150 0.903
22 34 150 0.849
22 35 148 0.9
22 36 126 0.948
22 37 146 0.911
22 38 152 0.915
22 39 146 0.901
22 40 147 0.952
22 41 141 0.904
22 42 132 0.903
22 43 151 0.918
22 44 142 0.92
22 45 173 0.901
22 46 216 0.894
22 47 210 0.861
22 48 185 0.858
23 1 85 0.891
23 2 169 0.902
23 3 174 0.938
23 4 169 0.872
23 5 126 0.896
23 6 126 0.896
23 7 56 0.685
23 8 69 0.89
23 9 119 0.836
23 10 114 0.932
23 11 114 0.92
23 12 117 0.917
23 13 144 0.933
23 14 114 0.893
23 15 117 0.88
23 16 135 0.96
23 17 15 0.746
23 18 0 0.0
23 19 131 0.896
23 20 137 0.804
23 21 114 0.893
23 22 122 0.956
23 23 159 0.866
23 24 130 0.856
23 25 122 0.882
23 26 119 0.933
23 27 111 0.896
23 28 138 0.852
23 29 126 0.948
23 30 135 0.923
23 31 127 0.845
23 32 159 0.967
23 33 140 0.874
23 34 147 0.862
23 35 115 0.912
23 36 124 0.928
23 37 133 0.909
23 38 123 0.899
23 39 31 0.96
23 40 133 0.946
23 41 157 0.907
23 42 156 0.87
23 43 142 0.896
23 44 161 0.921
23 45 209 0.94
23 46 205 0.838
23 47 242 0.817
23 48 212 0.834
24 1 218 0.95
24 2 182 0.905
24 3 180 0.874
24 4 168 0.937
24 5 136 0.905
24 6 136 0.881
24 7 136 0.881
24 8 157 0.931
24 9 126 0.921
24 10 85 0.891
24 11 131 0.862
24 12 149 0.883
24 13 127 0.913
24 14 126 0.906
24 15 126 0.896
24 16 122 0.956
24 17 130 0.889
24 18 132 0.903
24 19 156 0.939
24 20 144 0.867
24 21 136 0.871
24 22 134 0.882
24 23 135 0.923
24 24 114 0.904
24 25 138 0.884
24 26 155 0.887
24 27 136 0.895
24 28 154 0.937
24 29 124 0.848
24 30 148 0.868
24 31 86 0.884
24 32 145 0.895
24 33 160 0.915
24 34 158 0.904
24 35 124 0.944
24 36 156 0.915
24 37 136 0.895
24 38 148 0.948
24 39 153 0.941
24 40 145 0.905
24 41 152 0.84
24 42 140 0.842
24 43 124 0.907
24 44 185 0.928
24 45 205 0.922
24 46 215 0.699
24 47 215 0.699
24 48 257 0.732
25 1 188 0.934
25 2 226 0.896
25 3 198 0.89
25 4 173 0.843
25 5 158 0.913
25 6 155 0.865
25 7 124 0.917
25 8 113 0.935
25 9 178 0.885
25 10 160 0.862
25 11 51 0.921
25 12 28 0.92
25 13 103 0.935
25 14 58 0.96
25 15 31 0.574
25 16 63 0.983
25 17 117 0.917
25 18 106 0.962
25 19 124 0.872
25 20 154 0.822
25 21 126 0.886
25 22 145 0.851
25 23 154 0.937
25 24 15 0.573
25 25 125 0.879
25 26 130 0.99
25 27 199 0.859
25 28 91 0.88
25 29 139 0.891
25 30 136 0.868
25 31 168 0.893
25 32 169 0.889
25 33 153 0.931
25 34 145 0.929
25 35 129 0.907
25 36 138 0.918
25 37 119 0.906
25 38 127 0.868
25 39 118 0.839
25 40 127 0.903
25 41 97 0.951
25 42 96 0.929
25 43 161 0.898
25 44 188 0.83
25 45 39 0.929
25 46 44 0.887
25 47 242 0.84
25 48 223 0.811
26 1 82 0.934
26 2 125 0.914
26 3 180 0.895
26 4 160 0.948
26 5 160 0.893
26 6 139 0.858
26 7 166 0.865
26 8 148 0.924
26 9 149 0.93
26 10 139 0.911
26 11 147 0.862
26 12 141 0.924
26 13 35 -1.0
26 14 38 0.924
26 15 79 0.9
26 16 148 0.9
26 17 128 0.936
26 18 133 0.843
26 19 128 0.852
26 20 153 0.897
26 21 154 0.859
26 22 118 0.914
26 23 129 0.882
26 24 129 0.882
26 25 148 0.9
26 26 130 0.914
26 27 115 0.912
26 28 155 0.887
26 29 158 0.937
26 30 139 0.877
26 31 165 0.889
26 32 173 0.889
26 33 141 0.938
26 34 145 0.915
26 35 128 0.91
26 36 169 0.933
26 37 147 0.894
26 38 160 0.939
26 39 140 0.897
26 40 149 0.874
26 41 166 0.865
26 42 155 0.909
26 43 166 0.886
26 44 200 0.928
26 45 226 0.871
26 46 209 0.865
26 47 193 0.841
26 48 249 0.78
27 1 182 0.926
27 2 201 0.876
27 3 190 0.893
27 4 176 0.895
27 5 158 0.882
27 6 136 0.915
27 7 143 0.916
27 8 122 0.918
27 9 152 0.882
27 10 150 0.858
27 11 141 0.938
27 12 150 0.837
27 13 174 0.916
27 14 151 0.953
27 15 148 0.938
27 16 127 0.903
27 17 160 0.814
27 18 135 0.923
27 19 144 0.899
27 20 175 0.899
27 21 144 0.795
27 22 151 0.895
27 23 125 0.952
27 24 141 0.913
27 25 145 0.863
27 26 165 0.921
27 27 139 0.925
27 28 132 0.913
27 29 143 0.893
27 30 116 0.898
27 31 164 0.884
27 32 143 0.916
27 33 0 0.0
27 34 169 0.84
27 35 209 0.857
27 36 136 0.81
27 37 149 0.897
27 38 148 0.9
27 39 58 -1.0
27 40 44 0.887
27 41 183 0.931
27 42 197 0.833
27 43 182 0.856
27 44 226 0.846
27 45 170 0.916
27 46 202 0.929
27 47 191 0.878
27 48 241 0.749
28 1 208 0.927
28 2 199 0.944
28 3 156 0.949
28 4 170 0.926
28 5 167 0.87
28 6 140 0.932
28 7 149 0.823
28 8 110 0.926
28 9 154 0.913
28 10 137 0.912
28 11 151 0.909
28 12 156 0.892
28 13 148 0.9
28 14 134 0.882
28 15 163 0.879
28 16 172 0.801
28 17 150 0.912
28 18 160 0.862
28 19 119 0.86
28 20 151 0.855
28 21 156 0.915
28 22 149 0.815
28 23 136 0.93
28 24 201 0.887
28 25 154 0.89
28 26 138 0.918
28 27 138 0.852
28 28 135 0.923
28 29 166 0.904
28 30 164 0.925
28 31 173 0.91
28 32 144 0.909
28 33 166 0.926
28 34 153 0.825
28 35 162 0.904
28 36 157 0.826
28 37 144 0.836
28 38 164 0.863
28 39 174 0.938
28 40 176 0.791
28 41 185 0.824
28 42 181 0.93
28 43 147 0.952
28 44 189 0.861
28 45 184 0.846
28 46 194 0.921
28 47 258 0.702
28 48 224 0.659
29 1 229 0.908
29 2 200 0.928
29 3 131 0.872
29 4 29 0.848
29 5 177 0.941
29 6 176 0.895
29 7 125 0.903
29 8 182 0.875
29 9 165 0.831
29 10 169 0.851
29 11 43 0.954
29 12 40 -1.0
29 13 230 0.894
29 14 189 0.889
29 15 51 0.981
29 16 39 0.949
29 17 162 0.852
29 18 151 0.928
29 19 187 0.938
29 20 141 0.913
29 21 179 0.911
29 22 155 0.844
29 23 149 0.93
29 24 150 0.899
29 25 157 0.921
29 26 148 0.877
29 27 159 0.933
29 28 138 0.929
29 29 172 0.905
29 30 169 0.86
29 31 154 0.881
29 32 168 0.937
29 33 179 0.898
29 34 160 0.85
29 35 168 0.915
29 36 175 0.815
29 37 179 0.92
29 38 164 0.884
29 39 160 0.915
29 40 219 0.914
29 41 179 0.898
29 42 197 0.859
29 43 178 0.864
29 44 190 0.803
29 45 214 0.867
29 46 208 0.887
29 47 226 0.846
29 48 269 0.806
30 1 226 0.881
30 2 182 0.905
30 3 182 0.905
30 4 182 0.905
30 5 181 0.9
30 6 170 0.903
30 7 170 0.926
30 8 163 0.91
30 9 214 0.885
30 10 161 0.931
30 11 140 0.907
30 12 178 0.856
30 13 160 0.906
30 14 188 0.913
30 15 182 0.875
30 16 161 0.921
30 17 176 0.847
30 18 183 0.918
30 19 111 0.935
30 20 153 0.866
30 21 164 0.915
30 22 201 0.74
30 23 176 0.895
30 24 183 0.889
30 25 160 0.925
30 26 157 0.931
30 27 172 0.863
30 28 136 0.967
30 29 156 0.949
30 30 185 0.928
30 31 199 0.867
30 32 195 0.832
30 33 173 0.932
30 34 145 0.915
30 35 166 0.926
30 36 197 0.833
30 37 147 0.928
30 38 161 0.868
30 39 178 0.885
30 40 173 0.889
30 41 183 0.86
30 42 199 0.867
30 43 209 0.872
30 44 238 0.866
30 45 181 0.921
30 46 243 0.811
30 47 209 0.872
30 48 274 0.821
31 1 231 0.824
31 2 238 0.898
31 3 239 0.921
31 4 199 0.927
31 5 185 0.95
31 6 195 0.888
31 7 190 0.914
31 8 190 0.944
31 9 187 0.879
31 10 188 0.934
31 11 199 0.936
31 12 183 0.901
31 13 82 0.872
31 14 173 0.88
31 15 171 0.931
31 16 194 0.9
31 17 161 0.921
31 18 196 0.873
31 19 244 0.863
31 20 231 0.901
31 21 174 0.877
31 22 198 0.898
31 23 190 0.923
31 24 174 0.894
31 25 174 0.947
31 26 191 0.907
31 27 168 0.928
31 28 240 0.906
31 29 169 0.911
31 30 185 0.907
31 31 207 0.838
31 32 216 0.894
31 33 38 0.924
31 34 44 0.887
31 35 219 0.926
31 36 197 0.935
31 37 191 0.907
31 38 220 0.873
31 39 142 0.896
31 40 162 0.913
31 41 222 0.783
31 42 219 0.879
31 43 267 0.891
31 44 253 0.792
31 45 196 0.922
31 46 221 0.877
31 47 258 0.793
31 48 279 0.795
32 1 233 0.924
32 2 227 0.939
32 3 232 0.886
32 4 228 0.897
32 5 210 0.843
32 6 225 0.939
32 7 202 0.92
32 8 213 0.917
32 9 254 0.864
32 10 243 0.891
32 11 218 0.902
32 12 245 0.881
32 13 159 0.91
32 14 237 0.913
32 15 238 0.898
32 16 169 0.967
32 17 275 0.918
32 18 248 0.885
32 19 175 0.93
32 20 226 0.871
32 21 211 0.949
32 22 135 0.875
32 23 205 0.874
32 24 221 0.887
32 25 232 0.912
32 26 242 0.778
32 27 164 0.915
32 28 264 0.906
32 29 244 0.877
32 30 219 0.954
32 31 277 0.839
32 32 278 0.87
32 33 160 0.854
32 34 47 0.947
32 35 292 0.875
32 36 243 0.834
32 37 256 0.832
32 38 269 0.693
32 39 282 0.906
32 40 277 0.83
32 41 303 0.869
32 42 284 0.851
32 43 326 0.846
32 44 298 0.8
32 45 300 0.905
32 46 288 0.926
32 47 246 0.756
32 48 343 0.711
