row  column  size-1  circ-1
1 1 333 0.686
1 2 355 0.676
1 3 326 0.812
1 4 443 0.679
1 5 296 0.828
1 6 318 0.875
1 7 314 0.834
1 8 296 0.8
1 9 288 0.82
1 10 275 0.861
1 11 265 0.782
1 12 281 0.88
1 13 270 0.763
1 14 195 0.88
1 15 280 0.714
1 16 287 0.778
1 17 91 0.583
1 18 164 0.893
1 19 276 0.864
1 20 257 0.813
1 21 268 0.833
1 22 285 0.678
1 23 271 0.827
1 24 253 0.822
1 25 282 0.838
1 26 269 0.898
1 27 272 0.775
1 28 295 0.861
1 29 225 0.819
1 30 269 0.821
1 31 265 0.802
1 32 204 0.694
1 33 275 0.87
1 34 328 0.697
1 35 43 0.633
1 36 305 0.791
1 37 313 0.554
1 38 306 0.856
1 39 318 0.811
1 40 324 0.827
1 41 338 0.686
1 42 336 0.75
1 43 414 0.655
1 44 553 0.456
1 45 485 0.352
1 46 609 0.447
1 47 625 0.401
1 48 622 0.447
2 1 314 0.697
2 2 290 0.792
2 3 260 0.754
2 4 316 0.712
2 5 306 0.757
2 6 277 0.738
2 7 217 0.917
2 8 237 0.838
2 9 238 0.81
2 10 233 0.865
2 11 251 0.809
2 12 264 0.773
2 13 252 0.858
2 14 236 0.797
2 15 253 0.885
2 16 288 0.835
2 17 239 0.777
2 18 291 0.865
2 19 305 0.819
2 20 220 0.833
2 21 241 0.853
2 22 241 0.877
2 23 239 0.877
2 24 222 0.866
2 25 235 0.825
2 26 242 0.856
2 27 228 0.823
2 28 162 0.816
2 29 261 0.881
2 30 212 0.81
2 31 237 0.895
2 32 268 0.848
2 33 148 0.763
2 34 178 0.826
2 35 285 0.798
2 36 267 0.729
2 37 270 0.725
2 38 309 0.856
2 39 273 0.764
2 40 296 0.768
2 41 291 0.781
2 42 301 0.623
2 43 350 0.632
2 44 406 0.43
2 45 418 0.252
2 46 425 0.221
2 47 426 0.673
2 48 473 0.545
3 1 309 0.73
3 2 258 0.823
3 3 288 0.832
3 4 289 0.835
3 5 222 0.855
3 6 252 0.848
3 7 232 0.837
3 8 204 0.805
3 9 155 0.746
3 10 213 0.807
3 11 212 0.794
3 12 219 0.854
3 13 0 0.0
3 14 15 0.942
3 15 220 0.791
3 16 225 0.835
3 17 229 0.804
3 18 236 0.819
3 19 232 0.828
3 20 224 0.848
3 21 184 0.885
3 22 235 0.77
3 23 198 0.735
3 24 214 0.878
3 25 205 0.866
3 26 209 0.676
3 27 200 0.838
3 28 224 0.856
3 29 204 0.812
3 30 221 0.887
3 31 198 0.863
3 32 219 0.906
3 33 228 0.823
3 34 254 0.789
3 35 165 0.831
3 36 124 0.766
3 37 246 0.713
3 38 264 0.604
3 39 237 0.756
3 40 240 0.795
3 41 244 0.744
3 42 293 0.73
3 43 332 0.603
3 44 314 0.517
3 45 373 0.547
3 46 357 0.567
3 47 355 0.545
3 48 439 0.528
4 1 355 0.776
4 2 342 0.801
4 3 284 0.744
4 4 281 0.68
4 5 222 0.821
4 6 235 0.862
4 7 213 0.725
4 8 229 0.81
4 9 221 0.887
4 10 227 0.81
4 11 202 0.872
4 12 196 0.78
4 13 207 0.814
4 14 215 0.773
4 15 209 0.822
4 16 213 0.855
4 17 195 0.754
4 18 209 0.776
4 19 193 0.775
4 20 208 0.71
4 21 196 0.901
4 22 189 0.809
4 23 199 0.852
4 24 184 0.906
4 25 167 0.679
4 26 188 0.904
4 27 178 0.906
4 28 179 0.853
4 29 194 0.643
4 30 191 0.783
4 31 190 0.821
4 32 207 0.712
4 33 217 0.783
4 34 234 0.703
4 35 228 0.612
4 36 198 0.837
4 37 220 0.817
4 38 226 0.682
4 39 193 0.887
4 40 216 0.553
4 41 236 0.797
4 42 226 0.769
4 43 270 0.628
4 44 286 0.773
4 45 341 0.599
4 46 362 0.667
4 47 320 0.582
4 48 415 0.631
5 1 338 0.653
5 2 389 0.636
5 3 284 0.744
5 4 268 0.707
5 5 238 0.78
5 6 229 0.84
5 7 236 0.803
5 8 207 0.824
5 9 216 0.894
5 10 184 0.82
5 11 175 0.85
5 12 202 0.854
5 13 182 0.896
5 14 210 0.826
5 15 188 0.805
5 16 229 0.833
5 17 188 0.904
5 18 221 0.914
5 19 190 0.893
5 20 185 0.775
5 21 186 0.821
5 22 144 0.923
5 23 179 0.808
5 24 216 0.77
5 25 187 0.833
5 26 184 0.823
5 27 204 0.881
5 28 168 0.808
5 29 190 0.714
5 30 178 0.885
5 31 204 0.764
5 32 197 0.791
5 33 186 0.786
5 34 198 0.863
5 35 219 0.83
5 36 189 0.816
5 37 207 0.831
5 38 199 0.76
5 39 204 0.493
5 40 215 0.838
5 41 253 0.792
5 42 265 0.716
5 43 352 0.627
5 44 270 0.605
5 45 326 0.708
5 46 373 0.737
5 47 387 0.27
5 48 454 0.397
6 1 354 0.752
6 2 219 0.64
6 3 252 0.688
6 4 255 0.778
6 5 259 0.712
6 6 247 0.767
6 7 228 0.776
6 8 185 0.843
6 9 200 0.845
6 10 171 0.823
6 11 172 0.867
6 12 183 0.86
6 13 206 0.871
6 14 181 0.862
6 15 183 0.826
6 16 165 0.898
6 17 174 0.818
6 18 186 0.839
6 19 166 0.865
6 20 182 0.718
6 21 129 0.872
6 22 175 0.842
6 23 161 0.727
6 24 200 0.764
6 25 178 0.864
6 26 173 0.757
6 27 179 0.842
6 28 185 0.843
6 29 195 0.888
6 30 211 0.806
6 31 173 0.852
6 32 198 0.701
6 33 182 0.826
6 34 191 0.862
6 35 198 0.779
6 36 192 0.855
6 37 173 0.669
6 38 201 0.774
6 39 188 0.788
6 40 212 0.851
6 41 202 0.772
6 42 245 0.648
6 43 256 0.761
6 44 298 0.653
6 45 298 0.624
6 46 330 0.647
6 47 388 0.406
6 48 426 0.358
7 1 332 0.79
7 2 252 0.819
7 3 251 0.733
7 4 275 0.861
7 5 251 0.697
7 6 210 0.665
7 7 189 0.869
7 8 195 0.888
7 9 178 0.837
7 10 188 0.764
7 11 164 0.757
7 12 163 0.837
7 13 184 0.771
7 14 267 0.619
7 15 129 0.827
7 16 177 0.851
7 17 162 0.824
7 18 180 0.874
7 19 165 0.797
7 20 180 0.831
7 21 176 0.82
7 22 141 0.827
7 23 185 0.835
7 24 153 0.857
7 25 177 0.741
7 26 178 0.885
7 27 161 0.757
7 28 169 0.868
7 29 167 0.822
7 30 172 0.827
7 31 166 0.865
7 32 147 0.784
7 33 185 0.862
7 34 192 0.804
7 35 186 0.77
7 36 207 0.699
7 37 201 0.719
7 38 194 0.712
7 39 185 0.66
7 40 202 0.575
7 41 186 0.821
7 42 207 0.726
7 43 269 0.492
7 44 281 0.544
7 45 307 0.515
7 46 376 0.465
7 47 355 0.437
7 48 405 0.311
8 1 290 0.792
8 2 247 0.706
8 3 248 0.751
8 4 222 0.632
8 5 150 0.858
8 6 199 0.799
8 7 201 0.784
8 8 183 0.815
8 9 178 0.885
8 10 198 0.882
8 11 156 0.883
8 12 174 0.729
8 13 199 0.886
8 14 183 0.88
8 15 208 0.811
8 16 156 0.797
8 17 165 0.804
8 18 161 0.785
8 19 174 0.745
8 20 176 0.794
8 21 198 0.874
8 22 178 0.821
8 23 164 0.807
8 24 146 0.719
8 25 161 0.641
8 26 189 0.792
8 27 169 0.88
8 28 167 0.9
8 29 177 0.639
8 30 175 0.815
8 31 150 0.82
8 32 184 0.846
8 33 179 0.881
8 34 196 0.901
8 35 183 0.833
8 36 190 0.714
8 37 179 0.773
8 38 193 0.716
8 39 0 0.0
8 40 0 0.0
8 41 204 0.826
8 42 195 0.653
8 43 247 0.703
8 44 288 0.558
8 45 338 0.325
8 46 378 0.378
8 47 366 0.576
8 48 381 0.427
9 1 286 0.841
9 2 246 0.558
9 3 260 0.67
9 4 245 0.818
9 5 202 0.75
9 6 190 0.821
9 7 171 0.823
9 8 165 0.831
9 9 181 0.843
9 10 178 0.703
9 11 220 0.858
9 12 177 0.88
9 13 153 0.771
9 14 194 0.856
9 15 170 0.774
9 16 180 0.938
9 17 167 0.721
9 18 168 0.606
9 19 169 0.88
9 20 152 0.724
9 21 171 0.879
9 22 142 0.733
9 23 158 0.815
9 24 157 0.858
9 25 153 0.837
9 26 157 0.876
9 27 65 0.681
9 28 53 0.548
9 29 160 0.788
9 30 177 0.705
9 31 155 0.709
9 32 215 0.732
9 33 201 0.784
9 34 183 0.674
9 35 159 0.878
9 36 198 0.837
9 37 170 0.677
9 38 175 0.727
9 39 202 0.828
9 40 177 0.806
9 41 177 0.739
9 42 224 0.638
9 43 219 0.754
9 44 253 0.652
9 45 313 0.488
9 46 346 0.613
9 47 344 0.332
9 48 412 0.403
10 1 296 0.757
10 2 236 0.782
10 3 237 0.822
10 4 212 0.727
10 5 150 0.748
10 6 174 0.81
10 7 155 0.847
10 8 171 0.85
10 9 166 0.817
10 10 160 0.729
10 11 60 0.993
10 12 65 0.796
10 13 170 0.818
10 14 169 0.77
10 15 166 0.865
10 16 166 0.853
10 17 157 0.715
10 18 155 0.827
10 19 154 0.851
10 20 151 0.855
10 21 158 0.864
10 22 158 0.823
10 23 185 0.862
10 24 155 0.865
10 25 182 0.856
10 26 185 0.881
10 27 193 0.746
10 28 199 0.659
10 29 203 0.785
10 30 175 0.908
10 31 164 0.771
10 32 183 0.735
10 33 171 0.87
10 34 184 0.805
10 35 173 0.86
10 36 184 0.697
10 37 174 0.678
10 38 177 0.863
10 39 160 0.691
10 40 131 0.76
10 41 167 0.737
10 42 178 0.661
10 43 199 0.754
10 44 232 0.805
10 45 281 0.633
10 46 365 0.374
10 47 323 0.414
10 48 453 0.433
11 1 305 0.76
11 2 267 0.724
11 3 200 0.872
11 4 201 0.79
11 5 189 0.869
11 6 182 0.884
11 7 194 0.803
11 8 204 0.812
11 9 186 0.702
11 10 164 0.834
11 11 173 0.824
11 12 180 0.846
11 13 133 0.8
11 14 151 0.681
11 15 161 0.792
11 16 117 0.813
11 17 170 0.865
11 18 179 0.815
11 19 182 0.84
11 20 167 0.715
11 21 165 0.823
11 22 164 0.854
11 23 194 0.884
11 24 171 0.772
11 25 185 0.761
11 26 132 0.623
11 27 166 0.749
11 28 173 0.788
11 29 163 0.932
11 30 156 0.64
11 31 154 0.822
11 32 172 0.721
11 33 176 0.802
11 34 179 0.8
11 35 180 0.895
11 36 172 0.659
11 37 176 0.68
11 38 176 0.855
11 39 182 0.811
11 40 178 0.68
11 41 147 0.784
11 42 206 0.64
11 43 197 0.768
11 44 215 0.789
11 45 270 0.565
11 46 330 0.439
11 47 311 0.801
11 48 347 0.726
12 1 256 0.832
12 2 212 0.727
12 3 301 0.808
12 4 233 0.872
12 5 229 0.85
12 6 214 0.878
12 7 134 0.872
12 8 170 0.829
12 9 159 0.869
12 10 158 0.873
12 11 167 0.85
12 12 188 0.837
12 13 170 0.741
12 14 173 0.798
12 15 176 0.887
12 16 160 0.656
12 17 162 0.927
12 18 153 0.845
12 19 173 0.824
12 20 167 0.814
12 21 161 0.889
12 22 155 0.878
12 23 151 0.806
12 24 172 0.875
12 25 154 0.83
12 26 170 0.802
12 27 175 0.882
12 28 157 0.783
12 29 162 0.805
12 30 164 0.915
12 31 165 0.776
12 32 175 0.697
12 33 176 0.777
12 34 141 0.89
12 35 142 0.784
12 36 147 0.894
12 37 198 0.812
12 38 166 0.904
12 39 172 0.875
12 40 173 0.629
12 41 152 0.892
12 42 163 0.742
12 43 189 0.834
12 44 178 0.441
12 45 248 0.654
12 46 294 0.415
12 47 323 0.572
12 48 344 0.726
13 1 344 0.754
13 2 223 0.739
13 3 206 0.863
13 4 197 0.765
13 5 0 0.0
13 6 0 0.0
13 7 176 0.76
13 8 236 0.656
13 9 172 0.936
13 10 237 0.764
13 11 157 0.755
13 12 189 0.88
13 13 189 0.775
13 14 162 0.738
13 15 152 0.84
13 16 179 0.89
13 17 167 0.85
13 18 159 0.848
13 19 159 0.597
13 20 210 0.731
13 21 39 0.75
13 22 181 0.792
13 23 158 0.831
13 24 128 0.667
13 25 173 0.901
13 26 146 0.911
13 27 168 0.765
13 28 166 0.836
13 29 147 0.841
13 30 162 0.927
13 31 210 0.749
13 32 150 0.781
13 33 132 0.903
13 34 171 0.804
13 35 154 0.784
13 36 177 0.711
13 37 158 0.831
13 38 203 0.739
13 39 172 0.721
13 40 181 0.843
13 41 168 0.772
13 42 187 0.636
13 43 185 0.743
13 44 194 0.884
13 45 215 0.767
13 46 244 0.731
13 47 256 0.823
13 48 343 0.69
14 1 342 0.846
14 2 237 0.838
14 3 318 0.787
14 4 267 0.734
14 5 195 0.842
14 6 204 0.696
14 7 173 0.86
14 8 170 0.644
14 9 153 0.875
14 10 163 0.91
14 11 158 0.843
14 12 152 0.915
14 13 186 0.763
14 14 172 0.855
14 15 183 0.852
14 16 168 0.884
14 17 161 0.827
14 18 153 0.76
14 19 156 0.794
14 20 147 0.784
14 21 199 0.763
14 22 159 0.758
14 23 159 0.91
14 24 170 0.741
14 25 179 0.815
14 26 168 0.827
14 27 163 0.91
14 28 159 0.817
14 29 147 0.853
14 30 126 0.881
14 31 145 0.793
14 32 131 0.742
14 33 188 0.678
14 34 164 0.826
14 35 167 0.785
14 36 160 0.906
14 37 169 0.832
14 38 173 0.88
14 39 189 0.897
14 40 184 0.732
14 41 179 0.734
14 42 154 0.822
14 43 186 0.811
14 44 195 0.698
14 45 216 0.758
14 46 253 0.643
14 47 252 0.681
14 48 274 0.788
15 1 259 0.751
15 2 217 0.812
15 3 290 0.792
15 4 242 0.808
15 5 210 0.888
15 6 220 0.691
15 7 153 0.884
15 8 139 0.858
15 9 177 0.806
15 10 179 0.773
15 11 172 0.827
15 12 166 0.642
15 13 182 0.746
15 14 150 0.88
15 15 232 0.811
15 16 160 0.842
15 17 165 0.745
15 18 181 0.775
15 19 145 0.748
15 20 164 0.815
15 21 164 0.702
15 22 159 0.801
15 23 183 0.909
15 24 155 0.706
15 25 182 0.61
15 26 181 0.782
15 27 174 0.829
15 28 172 0.776
15 29 170 0.792
15 30 152 0.8
15 31 156 0.892
15 32 175 0.823
15 33 185 0.66
15 34 177 0.86
15 35 161 0.839
15 36 208 0.898
15 37 207 0.732
15 38 178 0.601
15 39 175 0.808
15 40 186 0.553
15 41 76 0.813
15 42 69 0.667
15 43 195 0.783
15 44 225 0.754
15 45 240 0.817
15 46 236 0.728
15 47 269 0.761
15 48 360 0.664
16 1 252 0.707
16 2 208 0.915
16 3 248 0.782
16 4 230 0.879
16 5 248 0.834
16 6 207 0.849
16 7 179 0.815
16 8 200 0.838
16 9 186 0.803
16 10 159 0.718
16 11 209 0.815
16 12 173 0.718
16 13 204 0.618
16 14 196 0.728
16 15 163 0.821
16 16 173 0.806
16 17 167 0.87
16 18 160 0.788
16 19 145 0.755
16 20 156 0.813
16 21 145 0.882
16 22 210 0.826
16 23 163 0.663
16 24 190 0.697
16 25 183 0.801
16 26 165 0.851
16 27 193 0.809
16 28 187 0.77
16 29 119 0.846
16 30 153 0.888
16 31 182 0.746
16 32 199 0.76
16 33 251 0.878
16 34 188 0.654
16 35 205 0.7
16 36 210 0.816
16 37 188 0.788
16 38 180 0.802
16 39 178 0.876
16 40 185 0.721
16 41 170 0.663
16 42 169 0.787
16 43 293 0.697
16 44 225 0.842
16 45 227 0.724
16 46 235 0.8
16 47 239 0.737
16 48 311 0.58
17 1 259 0.762
17 2 226 0.853
17 3 258 0.753
17 4 249 0.831
17 5 166 0.798
17 6 200 0.864
17 7 127 0.845
17 8 216 0.729
17 9 146 0.779
17 10 166 0.798
17 11 157 0.921
17 12 170 0.649
17 13 170 0.886
17 14 181 0.824
17 15 21 0.802
17 16 11 0.78
17 17 176 0.875
17 18 146 0.827
17 19 170 0.873
17 20 182 0.796
17 21 176 0.855
17 22 135 0.821
17 23 174 0.829
17 24 162 0.852
17 25 174 0.856
17 26 186 0.796
17 27 179 0.808
17 28 201 0.777
17 29 171 0.807
17 30 167 0.706
17 31 163 0.821
17 32 193 0.895
17 33 188 0.864
17 34 178 0.786
17 35 201 0.895
17 36 180 0.838
17 37 169 0.821
17 38 159 0.878
17 39 189 0.731
17 40 168 0.742
17 41 182 0.848
17 42 155 0.856
17 43 158 0.788
17 44 195 0.73
17 45 227 0.843
17 46 216 0.809
17 47 247 0.831
17 48 317 0.785
18 1 265 0.817
18 2 236 0.842
18 3 261 0.782
18 4 220 0.794
18 5 221 0.862
18 6 204 0.773
18 7 168 0.758
18 8 174 0.856
18 9 162 0.927
18 10 146 0.827
18 11 180 0.874
18 12 171 0.891
18 13 156 0.829
18 14 200 0.861
18 15 195 0.767
18 16 161 0.859
18 17 155 0.887
18 18 175 0.759
18 19 141 0.798
18 20 157 0.63
18 21 145 0.782
18 22 176 0.777
18 23 160 0.834
18 24 154 0.859
18 25 166 0.749
18 26 175 0.797
18 27 161 0.847
18 28 149 0.865
18 29 182 0.725
18 30 169 0.702
18 31 167 0.9
18 32 186 0.685
18 33 184 0.771
18 34 189 0.842
18 35 221 0.767
18 36 199 0.785
18 37 205 0.806
18 38 179 0.853
18 39 200 0.803
18 40 171 0.769
18 41 168 0.661
18 42 162 0.805
18 43 204 0.658
18 44 200 0.645
18 45 256 0.709
18 46 253 0.885
18 47 264 0.829
18 48 321 0.808
19 1 269 0.772
19 2 317 0.795
19 3 262 0.715
19 4 227 0.826
19 5 0 0.0
19 6 0 0.0
19 7 0 0.0
19 8 10 0.482
19 9 188 0.837
19 10 145 0.869
19 11 176 0.866
19 12 183 0.869
19 13 166 0.733
19 14 184 0.838
19 15 152 0.892
19 16 170 0.837
19 17 162 0.936
19 18 148 0.92
19 19 169 0.787
19 20 133 0.727
19 21 166 0.681
19 22 181 0.749
19 23 171 0.815
19 24 186 0.705
19 25 160 0.637
19 26 149 0.751
19 27 152 0.84
19 28 175 0.899
19 29 132 0.688
19 30 185 0.878
19 31 145 0.766
19 32 174 0.803
19 33 197 0.784
19 34 180 0.846
19 35 180 0.812
19 36 170 0.728
19 37 195 0.666
19 38 209 0.522
19 39 163 0.821
19 40 173 0.695
19 41 112 0.819
19 42 122 0.734
19 43 198 0.706
19 44 205 0.605
19 45 239 0.751
19 46 261 0.802
19 47 258 0.66
19 48 313 0.74
20 1 330 0.811
20 2 289 0.781
20 3 227 0.726
20 4 216 0.809
20 5 220 0.763
20 6 211 0.783
20 7 163 0.841
20 8 165 0.786
20 9 184 0.894
20 10 164 0.884
20 11 144 0.761
20 12 178 0.739
20 13 162 0.685
20 14 159 0.848
20 15 107 0.864
20 16 122 0.825
20 17 164 0.807
20 18 151 0.806
20 19 180 0.747
20 20 145 0.842
20 21 170 0.767
20 22 205 0.783
20 23 141 0.779
20 24 170 0.792
20 25 151 0.814
20 26 162 0.816
20 27 161 0.72
20 28 159 0.848
20 29 124 0.848
20 30 147 0.784
20 31 175 0.823
20 32 171 0.796
20 33 188 0.884
20 34 195 0.896
20 35 171 0.796
20 36 211 0.774
20 37 234 0.775
20 38 216 0.702
20 39 168 0.748
20 40 178 0.856
20 41 162 0.67
20 42 169 0.723
20 43 200 0.853
20 44 217 0.46
20 45 227 0.585
20 46 213 0.602
20 47 233 0.737
20 48 283 0.684
21 1 243 0.867
21 2 272 0.794
21 3 234 0.749
21 4 234 0.869
21 5 228 0.767
21 6 186 0.836
21 7 176 0.839
21 8 164 0.757
21 9 161 0.72
21 10 168 0.855
21 11 180 0.866
21 12 159 0.837
21 13 201 0.784
21 14 182 0.811
21 15 177 0.824
21 16 158 0.796
21 17 150 0.912
21 18 148 0.838
21 19 171 0.842
21 20 180 0.732
21 21 160 0.722
21 22 170 0.845
21 23 164 0.764
21 24 82 0.859
21 25 189 0.834
21 26 167 0.891
21 27 165 0.745
21 28 168 0.867
21 29 173 0.852
21 30 184 0.857
21 31 192 0.787
21 32 176 0.835
21 33 176 0.794
21 34 187 0.738
21 35 171 0.725
21 36 190 0.846
21 37 0 0.0
21 38 18 0.399
21 39 209 0.76
21 40 174 0.818
21 41 189 0.752
21 42 203 0.693
21 43 209 0.706
21 44 231 0.522
21 45 230 0.82
21 46 261 0.575
21 47 145 0.801
21 48 204 0.844
22 1 328 0.825
22 2 281 0.806
22 3 273 0.615
22 4 243 0.715
22 5 217 0.829
22 6 210 0.743
22 7 182 0.829
22 8 171 0.772
22 9 178 0.648
22 10 179 0.664
22 11 164 0.815
22 12 186 0.763
22 13 181 0.824
22 14 171 0.9
22 15 180 0.812
22 16 182 0.769
22 17 165 0.848
22 18 166 0.72
22 19 150 0.849
22 20 168 0.863
22 21 182 0.793
22 22 183 0.833
22 23 170 0.799
22 24 176 0.82
22 25 187 0.76
22 26 157 0.826
22 27 159 0.828
22 28 160 0.834
22 29 174 0.796
22 30 201 0.887
22 31 185 0.862
22 32 172 0.801
22 33 183 0.757
22 34 139 0.662
22 35 172 0.759
22 36 155 0.874
22 37 191 0.668
22 38 201 0.638
22 39 165 0.848
22 40 181 0.765
22 41 168 0.624
22 42 172 0.835
22 43 216 0.741
22 44 239 0.56
22 45 252 0.693
22 46 281 0.697
22 47 307 0.61
22 48 322 0.65
23 1 303 0.76
23 2 359 0.602
23 3 197 0.746
23 4 229 0.664
23 5 250 0.671
23 6 191 0.745
23 7 171 0.891
23 8 171 0.823
23 9 203 0.815
23 10 191 0.745
23 11 195 0.817
23 12 157 0.838
23 13 188 0.83
23 14 171 0.815
23 15 204 0.881
23 16 175 0.742
23 17 160 0.798
23 18 184 0.795
23 19 215 0.63
23 20 179 0.757
23 21 118 0.829
23 22 170 0.865
23 23 183 0.931
23 24 191 0.723
23 25 175 0.72
23 26 152 0.731
23 27 195 0.917
23 28 156 0.805
23 29 192 0.774
23 30 181 0.758
23 31 186 0.779
23 32 132 0.786
23 33 186 0.763
23 34 178 0.793
23 35 232 0.715
23 36 191 0.807
23 37 196 0.811
23 38 174 0.673
23 39 175 0.763
23 40 164 0.854
23 41 0 0.0
23 42 0 0.0
23 43 227 0.7
23 44 241 0.82
23 45 255 0.689
23 46 263 0.817
23 47 289 0.666
23 48 320 0.453
24 1 361 0.544
24 2 356 0.655
24 3 305 0.529
24 4 228 0.83
24 5 269 0.593
24 6 227 0.758
24 7 216 0.825
24 8 212 0.697
24 9 183 0.767
24 10 195 0.736
24 11 170 0.829
24 12 193 0.86
24 13 181 0.736
24 14 166 0.817
24 15 159 0.765
24 16 157 0.791
24 17 214 0.685
24 18 119 0.743
24 19 157 0.758
24 20 171 0.635
24 21 165 0.804
24 22 181 0.891
24 23 175 0.772
24 24 128 0.9
24 25 119 0.827
24 26 127 0.796
24 27 182 0.892
24 28 158 0.804
24 29 168 0.758
24 30 151 0.703
24 31 179 0.89
24 32 155 0.763
24 33 176 0.855
24 34 196 0.854
24 35 67 0.833
24 36 198 0.809
24 37 183 0.72
24 38 156 0.844
24 39 189 0.834
24 40 198 0.819
24 41 226 0.578
24 42 258 0.845
24 43 247 0.652
24 44 268 0.634
24 45 267 0.76
24 46 364 0.265
24 47 429 0.671
24 48 405 0.425
25 1 284 0.698
25 2 329 0.544
25 3 289 0.606
25 4 269 0.571
25 5 223 0.75
25 6 226 0.573
25 7 186 0.789
25 8 216 0.86
25 9 84 0.88
25 10 83 0.83
25 11 192 0.84
25 12 169 0.88
25 13 207 0.699
25 14 178 0.655
25 15 203 0.754
25 16 194 0.726
25 17 207 0.791
25 18 187 0.8
25 19 158 0.823
25 20 205 0.687
25 21 120 0.65
25 22 190 0.728
25 23 163 0.777
25 24 169 0.739
25 25 145 0.813
25 26 158 0.767
25 27 186 0.803
25 28 220 0.778
25 29 208 0.671
25 30 202 0.778
25 31 236 0.714
25 32 195 0.824
25 33 223 0.789
25 34 207 0.756
25 35 223 0.736
25 36 244 0.772
25 37 192 0.661
25 38 215 0.478
25 39 179 0.797
25 40 185 0.765
25 41 204 0.757
25 42 216 0.727
25 43 214 0.878
25 44 250 0.434
25 45 273 0.631
25 46 271 0.641
25 47 364 0.541
25 48 388 0.638
26 1 394 0.623
26 2 285 0.76
26 3 334 0.571
26 4 297 0.669
26 5 258 0.688
26 6 256 0.586
26 7 214 0.709
26 8 186 0.696
26 9 224 0.649
26 10 207 0.831
26 11 206 0.701
26 12 195 0.745
26 13 201 0.771
26 14 184 0.865
26 15 195 0.793
26 16 208 0.736
26 17 196 0.854
26 18 203 0.792
26 19 180 0.717
26 20 194 0.796
26 21 206 0.787
26 22 178 0.811
26 23 123 0.899
26 24 148 0.817
26 25 193 0.753
26 26 135 0.658
26 27 155 0.8
26 28 197 0.711
26 29 196 0.804
26 30 171 0.716
26 31 210 0.896
26 32 208 0.751
26 33 213 0.645
26 34 207 0.732
26 35 183 0.841
26 36 208 0.835
26 37 187 0.694
26 38 204 0.757
26 39 191 0.681
26 40 176 0.722
26 41 184 0.748
26 42 220 0.605
26 43 237 0.699
26 44 236 0.677
26 45 294 0.527
26 46 323 0.404
26 47 322 0.379
26 48 414 0.641
27 1 365 0.543
27 2 326 0.547
27 3 334 0.506
27 4 214 0.648
27 5 219 0.706
27 6 234 0.741
27 7 227 0.772
27 8 221 0.834
27 9 220 0.691
27 10 205 0.866
27 11 206 0.695
27 12 203 0.718
27 13 223 0.739
27 14 223 0.739
27 15 196 0.836
27 16 198 0.781
27 17 195 0.835
27 18 223 0.805
27 19 189 0.799
27 20 198 0.706
27 21 178 0.746
27 22 163 0.726
27 23 166 0.806
27 24 192 0.894
27 25 219 0.79
27 26 165 0.898
27 27 201 0.876
27 28 189 0.816
27 29 172 0.809
27 30 165 0.839
27 31 198 0.765
27 32 187 0.79
27 33 224 0.683
27 34 206 0.863
27 35 228 0.661
27 36 240 0.667
27 37 194 0.83
27 38 182 0.793
27 39 190 0.772
27 40 196 0.787
27 41 219 0.733
27 42 234 0.666
27 43 274 0.595
27 44 239 0.813
27 45 259 0.461
27 46 303 0.578
27 47 319 0.349
27 48 325 0.563
28 1 346 0.638
28 2 305 0.634
28 3 268 0.522
28 4 285 0.56
28 5 271 0.552
28 6 292 0.817
28 7 257 0.813
28 8 218 0.621
28 9 193 0.868
28 10 202 0.721
28 11 211 0.768
28 12 193 0.791
28 13 197 0.833
28 14 210 0.851
28 15 159 0.628
28 16 196 0.742
28 17 204 0.696
28 18 114 0.792
28 19 204 0.782
28 20 242 0.702
28 21 218 0.816
28 22 187 0.871
28 23 181 0.871
28 24 208 0.788
28 25 209 0.782
28 26 179 0.842
28 27 167 0.87
28 28 182 0.848
28 29 182 0.689
28 30 191 0.776
28 31 210 0.69
28 32 211 0.639
28 33 223 0.811
28 34 232 0.811
28 35 197 0.886
28 36 213 0.564
28 37 188 0.819
28 38 292 0.695
28 39 208 0.736
28 40 215 0.63
28 41 207 0.68
28 42 238 0.713
28 43 271 0.722
28 44 268 0.474
28 45 301 0.805
28 46 309 0.518
28 47 422 0.495
28 48 586 0.664
29 1 406 0.555
29 2 367 0.419
29 3 294 0.663
29 4 272 0.718
29 5 258 0.634
29 6 259 0.647
29 7 265 0.667
29 8 239 0.813
29 9 226 0.65
29 10 224 0.645
29 11 200 0.864
29 12 225 0.787
29 13 228 0.698
29 14 179 0.815
29 15 285 0.809
29 16 238 0.826
29 17 186 0.821
29 18 238 0.898
29 19 204 0.862
29 20 215 0.814
29 21 214 0.824
29 22 188 0.812
29 23 167 0.737
29 24 227 0.718
29 25 217 0.822
29 26 196 0.78
29 27 202 0.872
29 28 175 0.733
29 29 204 0.819
29 30 209 0.815
29 31 214 0.824
29 32 217 0.812
29 33 254 0.689
29 34 249 0.675
29 35 184 0.857
29 36 202 0.756
29 37 234 0.595
29 38 244 0.707
29 39 200 0.845
29 40 231 0.774
29 41 220 0.671
29 42 281 0.835
29 43 227 0.605
29 44 289 0.732
29 45 264 0.805
29 46 325 0.701
29 47 366 0.61
29 48 427 0.639
30 1 387 0.463
30 2 340 0.403
30 3 352 0.568
30 4 361 0.511
30 5 286 0.557
30 6 249 0.702
30 7 261 0.563
30 8 271 0.8
30 9 260 0.675
30 10 248 0.86
30 11 250 0.7
30 12 244 0.808
30 13 244 0.83
30 14 243 0.682
30 15 265 0.572
30 16 222 0.873
30 17 243 0.704
30 18 236 0.825
30 19 243 0.775
30 20 196 0.705
30 21 235 0.778
30 22 236 0.775
30 23 238 0.773
30 24 226 0.793
30 25 230 0.82
30 26 233 0.865
30 27 207 0.838
30 28 225 0.859
30 29 230 0.879
30 30 232 0.828
30 31 258 0.649
30 32 168 0.755
30 33 248 0.791
30 34 198 0.822
30 35 216 0.849
30 36 247 0.748
30 37 243 0.704
30 38 274 0.678
30 39 236 0.571
30 40 168 0.563
30 41 295 0.747
30 42 269 0.78
30 43 315 0.649
30 44 311 0.618
30 45 303 0.762
30 46 328 0.558
30 47 370 0.548
30 48 381 0.506
31 1 438 0.702
31 2 352 0.647
31 3 362 0.41
31 4 312 0.731
31 5 364 0.631
31 6 308 0.372
31 7 259 0.762
31 8 270 0.568
31 9 295 0.758
31 10 281 0.815
31 11 243 0.699
31 12 216 0.666
31 13 273 0.777
31 14 292 0.638
31 15 280 0.765
31 16 297 0.791
31 17 256 0.864
31 18 187 0.767
31 19 288 0.732
31 20 295 0.725
31 21 276 0.836
31 22 274 0.845
31 23 254 0.804
31 24 260 0.802
31 25 226 0.881
31 26 243 0.784
31 27 285 0.854
31 28 275 0.654
31 29 318 0.721
31 30 224 0.831
31 31 268 0.709
31 32 253 0.744
31 33 297 0.718
31 34 281 0.781
31 35 211 0.796
31 36 253 0.801
31 37 241 0.709
31 38 237 0.852
31 39 247 0.767
31 40 251 0.662
31 41 257 0.756
31 42 315 0.569
31 43 324 0.577
31 44 388 0.783
31 45 322 0.64
31 46 338 0.575
31 47 404 0.311
31 48 375 0.523
32 1 453 0.418
32 2 469 0.404
32 3 422 0.339
32 4 450 0.303
32 5 447 0.354
32 6 408 0.384
32 7 315 0.546
32 8 310 0.545
32 9 354 0.516
32 10 304 0.675
32 11 281 0.572
32 12 296 0.619
32 13 255 0.701
32 14 0 0.0
32 15 219 0.82
32 16 297 0.691
32 17 244 0.62
32 18 248 0.892
32 19 322 0.585
32 20 280 0.666
32 21 254 0.881
32 22 218 0.672
32 23 218 0.736
32 24 212 0.834
32 25 219 0.745
32 26 239 0.813
32 27 208 0.727
32 28 234 0.703
32 29 275 0.708
32 30 303 0.626
32 31 327 0.575
32 32 311 0.723
32 33 258 0.447
32 34 343 0.785
32 35 238 0.832
32 36 294 0.817
32 37 258 0.649
32 38 334 0.714
32 39 306 0.723
32 40 333 0.555
32 41 336 0.521
32 42 302 0.441
32 43 362 0.422
32 44 380 0.563
32 45 389 0.433
32 46 375 0.347
32 47 275 0.624
32 48 323 0.62
