row  column  size-1  circ-1
1 1 463 0.807
1 2 383 0.731
1 3 403 0.79
1 4 372 0.831
1 5 364 0.795
1 6 343 0.811
1 7 331 0.873
1 8 348 0.717
1 9 308 0.799
1 10 322 0.87
1 11 386 0.838
1 12 330 0.785
1 13 309 0.677
1 14 329 0.809
1 15 398 0.808
1 16 298 0.789
1 17 331 0.758
1 18 267 0.852
1 19 229 0.779
1 20 265 0.65
1 21 301 0.864
1 22 315 0.845
1 23 244 0.784
1 24 280 0.803
1 25 294 0.789
1 26 329 0.889
1 27 285 0.854
1 28 322 0.886
1 29 300 0.854
1 30 255 0.868
1 31 33 0.665
1 32 17 -1.0
1 33 326 0.694
1 34 267 0.794
1 35 335 0.723
1 36 311 0.78
1 37 348 0.842
1 38 328 0.865
1 39 344 0.783
1 40 333 0.682
1 41 381 0.701
1 42 386 0.784
1 43 389 0.68
1 44 438 0.543
1 45 457 0.704
1 46 480 0.664
1 47 561 0.558
1 48 609 0.789
2 1 419 0.755
2 2 278 0.842
2 3 253 0.816
2 4 231 0.795
2 5 218 0.771
2 6 223 0.903
2 7 210 0.709
2 8 193 0.841
2 9 197 0.753
2 10 199 0.776
2 11 209 0.798
2 12 231 0.801
2 13 195 0.938
2 14 199 0.841
2 15 221 0.767
2 16 249 0.76
2 17 203 0.733
2 18 224 0.87
2 19 253 0.752
2 20 198 0.855
2 21 222 0.841
2 22 204 0.862
2 23 194 0.856
2 24 217 0.906
2 25 210 0.861
2 26 225 0.774
2 27 187 0.929
2 28 243 0.85
2 29 251 0.801
2 30 241 0.814
2 31 216 0.842
2 32 243 0.867
2 33 223 0.811
2 34 233 0.824
2 35 222 0.866
2 36 238 0.849
2 37 198 0.855
2 38 210 0.78
2 39 242 0.846
2 40 222 0.721
2 41 248 0.706
2 42 264 0.858
2 43 243 0.736
2 44 300 0.773
2 45 355 0.805
2 46 338 0.784
2 47 417 0.661
2 48 540 0.798
3 1 318 0.86
3 2 225 0.796
3 3 229 0.786
3 4 242 0.801
3 5 224 0.825
3 6 175 0.763
3 7 202 0.715
3 8 174 0.785
3 9 149 0.733
3 10 241 0.737
3 11 172 0.759
3 12 166 0.865
3 13 156 0.902
3 14 176 0.895
3 15 173 0.788
3 16 166 0.845
3 17 130 0.879
3 18 128 0.842
3 19 158 0.86
3 20 161 0.8
3 21 184 0.683
3 22 55 0.933
3 23 193 0.871
3 24 171 0.87
3 25 186 0.628
3 26 209 0.891
3 27 0 0.0
3 28 0 0.0
3 29 207 0.791
3 30 201 0.832
3 31 202 0.828
3 32 206 0.918
3 33 167 0.731
3 34 183 0.872
3 35 207 0.824
3 36 192 0.661
3 37 208 0.804
3 38 210 0.695
3 39 215 0.798
3 40 217 0.846
3 41 190 0.813
3 42 224 0.783
3 43 236 0.72
3 44 254 0.769
3 45 250 0.763
3 46 294 0.644
3 47 344 0.783
3 48 425 0.763
4 1 367 0.78
4 2 265 0.808
4 3 214 0.878
4 4 230 0.827
4 5 0 0.0
4 6 115 0.841
4 7 192 0.903
4 8 171 0.796
4 9 151 0.761
4 10 168 0.726
4 11 156 0.892
4 12 169 0.889
4 13 121 0.695
4 14 159 0.801
4 15 157 0.678
4 16 141 0.84
4 17 172 0.827
4 18 147 0.748
4 19 172 0.827
4 20 166 0.95
4 21 154 0.822
4 22 154 0.903
4 23 134 0.836
4 24 152 0.869
4 25 158 0.852
4 26 154 0.784
4 27 132 0.878
4 28 149 0.94
4 29 182 0.875
4 30 195 0.835
4 31 0 0.0
4 32 0 0.0
4 33 184 0.781
4 34 160 0.871
4 35 193 0.841
4 36 191 0.8
4 37 0 0.0
4 38 0 0.0
4 39 196 0.821
4 40 217 0.829
4 41 173 0.843
4 42 191 0.8
4 43 222 0.785
4 44 258 0.802
4 45 229 0.664
4 46 225 0.72
4 47 317 0.814
4 48 523 0.698
5 1 298 0.721
5 2 266 0.658
5 3 238 0.803
5 4 218 0.857
5 5 170 0.837
5 6 150 0.88
5 7 139 0.891
5 8 185 0.89
5 9 145 0.821
5 10 160 0.834
5 11 142 0.886
5 12 141 0.88
5 13 114 0.843
5 14 141 0.88
5 15 139 0.76
5 16 123 0.841
5 17 124 0.882
5 18 148 0.868
5 19 162 0.864
5 20 156 0.786
5 21 137 0.784
5 22 131 0.83
5 23 166 0.756
5 24 152 0.84
5 25 128 0.91
5 26 144 0.709
5 27 143 0.87
5 28 141 0.779
5 29 143 0.848
5 30 152 0.848
5 31 169 0.851
5 32 177 0.799
5 33 132 0.878
5 34 157 0.889
5 35 157 0.907
5 36 170 0.865
5 37 174 0.856
5 38 184 0.857
5 39 117 0.917
5 40 153 0.845
5 41 177 0.814
5 42 158 0.831
5 43 218 0.756
5 44 207 0.781
5 45 246 0.701
5 46 326 0.799
5 47 370 0.763
5 48 516 0.601
6 1 373 0.722
6 2 212 0.81
6 3 218 0.736
6 4 208 0.757
6 5 179 0.79
6 6 162 0.927
6 7 161 0.767
6 8 143 0.916
6 9 116 0.848
6 10 139 0.891
6 11 136 0.862
6 12 147 0.862
6 13 128 0.69
6 14 128 0.91
6 15 122 0.918
6 16 136 0.915
6 17 145 0.929
6 18 129 0.907
6 19 127 0.814
6 20 145 0.782
6 21 139 0.877
6 22 141 0.949
6 23 0 0.0
6 24 0 0.0
6 25 126 0.786
6 26 144 0.958
6 27 144 0.899
6 28 137 0.888
6 29 120 0.867
6 30 139 0.858
6 31 132 0.846
6 32 136 0.798
6 33 147 0.918
6 34 153 0.845
6 35 114 0.801
6 36 141 0.858
6 37 167 0.796
6 38 183 0.909
6 39 155 0.808
6 40 168 0.683
6 41 154 0.802
6 42 172 0.699
6 43 154 0.822
6 44 186 0.796
6 45 120 0.64
6 46 162 0.731
6 47 397 0.751
6 48 174 0.492
7 1 356 0.557
7 2 260 0.823
7 3 242 0.793
7 4 190 0.821
7 5 161 0.839
7 6 172 0.896
7 7 137 0.804
7 8 156 0.727
7 9 150 0.745
7 10 131 0.931
7 11 145 0.755
7 12 149 0.883
7 13 150 0.88
7 14 146 0.753
7 15 142 0.74
7 16 138 0.83
7 17 130 0.736
7 18 148 0.829
7 19 130 0.879
7 20 125 0.832
7 21 145 0.821
7 22 143 0.839
7 23 147 0.812
7 24 145 0.869
7 25 131 0.862
7 26 139 0.836
7 27 137 0.804
7 28 145 0.895
7 29 128 0.77
7 30 131 0.862
7 31 158 0.648
7 32 127 0.814
7 33 152 0.811
7 34 135 0.784
7 35 159 0.783
7 36 171 0.862
7 37 152 0.892
7 38 160 0.862
7 39 139 0.877
7 40 153 0.816
7 41 180 0.903
7 42 188 0.837
7 43 189 0.782
7 44 217 0.861
7 45 233 0.89
7 46 284 0.762
7 47 323 0.805
7 48 450 0.759
8 1 317 0.749
8 2 227 0.843
8 3 0 0.0
8 4 191 0.776
8 5 169 0.795
8 6 159 0.793
8 7 134 0.859
8 8 144 0.909
8 9 150 0.837
8 10 146 0.719
8 11 0 0.0
8 12 0 0.0
8 13 138 0.762
8 14 153 0.816
8 15 143 0.893
8 16 0 0.0
8 17 165 0.812
8 18 161 0.803
8 19 158 0.904
8 20 139 0.836
8 21 137 0.824
8 22 148 0.959
8 23 140 0.907
8 24 146 0.856
8 25 0 0.0
8 26 165 0.719
8 27 141 0.913
8 28 141 0.779
8 29 136 0.881
8 30 144 0.768
8 31 130 0.824
8 32 130 0.935
8 33 137 0.69
8 34 158 0.793
8 35 146 0.879
8 36 146 0.806
8 37 0 0.0
8 38 0 0.0
8 39 189 0.6
8 40 228 0.823
8 41 213 0.855
8 42 166 0.791
8 43 0 0.0
8 44 0 0.0
8 45 244 0.778
8 46 257 0.743
8 47 340 0.645
8 48 458 0.734
9 1 299 0.852
9 2 190 0.923
9 3 212 0.869
9 4 219 0.837
9 5 182 0.935
9 6 144 0.804
9 7 149 0.751
9 8 168 0.875
9 9 153 0.907
9 10 146 0.771
9 11 143 0.81
9 12 148 0.887
9 13 145 0.882
9 14 146 0.806
9 15 159 0.866
9 16 150 0.82
9 17 166 0.904
9 18 155 0.835
9 19 145 0.755
9 20 128 0.762
9 21 140 0.722
9 22 143 0.839
9 23 136 0.818
9 24 173 0.86
9 25 118 0.863
9 26 137 0.878
9 27 131 0.921
9 28 135 0.865
9 29 139 0.824
9 30 129 0.917
9 31 134 0.916
9 32 104 0.703
9 33 111 0.907
9 34 140 0.864
9 35 142 0.784
9 36 148 0.756
9 37 131 0.862
9 38 129 0.818
9 39 186 0.875
9 40 185 0.817
9 41 159 0.82
9 42 166 0.856
9 43 199 0.598
9 44 211 0.855
9 45 244 0.739
9 46 242 0.738
9 47 331 0.641
9 48 438 0.743
10 1 350 0.672
10 2 252 0.749
10 3 199 0.767
10 4 190 0.813
10 5 173 0.813
10 6 131 0.818
10 7 142 0.886
10 8 146 0.865
10 9 138 0.894
10 10 142 0.864
10 11 132 0.711
10 12 148 0.847
10 13 134 0.859
10 14 173 0.843
10 15 135 0.898
10 16 166 0.845
10 17 0 0.0
10 18 0 0.0
10 19 144 0.909
10 20 140 0.907
10 21 116 0.873
10 22 130 0.824
10 23 120 0.941
10 24 161 0.921
10 25 129 0.892
10 26 128 0.875
10 27 95 0.825
10 28 106 0.92
10 29 142 0.864
10 30 139 0.787
10 31 131 0.862
10 32 113 0.86
10 33 130 0.774
10 34 145 0.821
10 35 132 0.846
10 36 132 0.846
10 37 145 0.782
10 38 141 0.779
10 39 174 0.856
10 40 179 0.842
10 41 127 0.823
10 42 141 0.815
10 43 148 0.817
10 44 158 0.796
10 45 259 0.764
10 46 262 0.733
10 47 317 0.777
10 48 0 0.0
11 1 372 0.795
11 2 267 0.78
11 3 214 0.794
11 4 179 0.89
11 5 173 0.852
11 6 153 0.897
11 7 141 0.848
11 8 147 0.853
11 9 126 0.713
11 10 127 0.878
11 11 131 0.809
11 12 141 0.871
11 13 23 0.938
11 14 23 0.756
11 15 146 0.827
11 16 156 0.832
11 17 0 0.0
11 18 10 0.887
11 19 152 0.869
11 20 132 0.766
11 21 140 0.851
11 22 135 0.852
11 23 136 0.81
11 24 135 0.843
11 25 116 0.825
11 26 133 0.8
11 27 122 0.803
11 28 141 0.858
11 29 106 0.949
11 30 108 0.898
11 31 118 0.863
11 32 135 0.875
11 33 135 0.821
11 34 137 0.846
11 35 132 0.903
11 36 134 0.759
11 37 137 0.864
11 38 143 0.818
11 39 156 0.862
11 40 157 0.81
11 41 152 0.869
11 42 149 0.717
11 43 187 0.833
11 44 198 0.763
11 45 224 0.645
11 46 280 0.765
11 47 353 0.692
11 48 484 0.66
12 1 0 0.0
12 2 0 0.0
12 3 229 0.833
12 4 183 0.808
12 5 0 0.0
12 6 0 0.0
12 7 165 0.728
12 8 153 0.866
12 9 115 0.901
12 10 134 0.859
12 11 151 0.843
12 12 153 0.897
12 13 138 0.773
12 14 158 0.882
12 15 160 0.939
12 16 167 0.754
12 17 0 0.0
12 18 0 0.0
12 19 164 0.8
12 20 139 0.807
12 21 140 0.874
12 22 124 0.955
12 23 148 0.9
12 24 136 0.798
12 25 143 0.87
12 26 135 0.776
12 27 122 0.812
12 28 142 0.833
12 29 134 0.882
12 30 122 0.892
12 31 129 0.907
12 32 148 0.868
12 33 126 0.852
12 34 144 0.899
12 35 151 0.71
12 36 114 0.858
12 37 139 0.749
12 38 162 0.836
12 39 128 0.725
12 40 166 0.604
12 41 151 0.726
12 42 163 0.749
12 43 160 0.762
12 44 160 0.854
12 45 194 0.786
12 46 219 0.887
12 47 346 0.756
12 48 420 0.742
13 1 340 0.75
13 2 235 0.88
13 3 169 0.902
13 4 157 0.826
13 5 157 0.731
13 6 131 0.896
13 7 117 0.822
13 8 103 0.842
13 9 131 0.818
13 10 133 0.875
13 11 134 0.733
13 12 133 0.83
13 13 134 0.751
13 14 143 0.851
13 15 160 0.854
13 16 163 0.91
13 17 145 0.929
13 18 112 0.757
13 19 137 0.859
13 20 139 0.828
13 21 147 0.784
13 22 145 0.842
13 23 122 0.903
13 24 119 0.805
13 25 116 0.838
13 26 114 0.92
13 27 116 0.883
13 28 124 0.858
13 29 124 0.896
13 30 121 0.85
13 31 126 0.778
13 32 147 0.862
13 33 140 0.821
13 34 133 0.885
13 35 139 0.787
13 36 139 0.836
13 37 138 0.83
13 38 143 0.902
13 39 134 0.819
13 40 155 0.835
13 41 150 0.642
13 42 152 0.748
13 43 181 0.799
13 44 184 0.873
13 45 196 0.68
13 46 194 0.82
13 47 296 0.814
13 48 390 0.689
14 1 323 0.805
14 2 196 0.811
14 3 200 0.845
14 4 170 0.877
14 5 163 0.726
14 6 152 0.831
14 7 150 0.889
14 8 154 0.881
14 9 140 0.737
14 10 140 0.874
14 11 142 0.784
14 12 141 0.871
14 13 159 0.848
14 14 153 0.875
14 15 0 0.0
14 16 26 0.854
14 17 168 0.937
14 18 208 0.818
14 19 136 0.862
14 20 140 0.821
14 21 128 0.842
14 22 143 0.839
14 23 50 0.827
14 24 22 0.488
14 25 137 0.714
14 26 110 0.828
14 27 134 0.733
14 28 125 0.832
14 29 136 0.871
14 30 121 0.72
14 31 118 0.768
14 32 128 0.842
14 33 136 0.827
14 34 136 0.849
14 35 128 0.852
14 36 143 0.839
14 37 118 0.888
14 38 140 0.874
14 39 138 0.839
14 40 125 0.94
14 41 177 0.778
14 42 152 0.708
14 43 141 0.771
14 44 137 0.776
14 45 180 0.838
14 46 218 0.742
14 47 0 0.0
14 48 13 0.496
15 1 263 0.749
15 2 219 0.854
15 3 219 0.813
15 4 181 0.879
15 5 143 0.666
15 6 150 0.774
15 7 150 0.88
15 8 127 0.868
15 9 129 0.827
15 10 143 0.681
15 11 144 0.889
15 12 144 0.787
15 13 133 0.866
15 14 145 0.782
15 15 153 0.857
15 16 133 0.862
15 17 137 0.816
15 18 142 0.92
15 19 157 0.838
15 20 160 0.906
15 21 127 0.737
15 22 146 0.835
15 23 143 0.902
15 24 135 0.898
15 25 140 0.813
15 26 164 0.826
15 27 122 0.734
15 28 132 0.815
15 29 150 0.912
15 30 125 0.667
15 31 147 0.832
15 32 139 0.901
15 33 132 0.878
15 34 124 0.848
15 35 162 0.679
15 36 141 0.88
15 37 137 0.912
15 38 156 0.832
15 39 153 0.825
15 40 170 0.784
15 41 138 0.894
15 42 157 0.755
15 43 162 0.745
15 44 146 0.696
15 45 204 0.812
15 46 207 0.667
15 47 317 0.842
15 48 408 0.746
16 1 296 0.7
16 2 230 0.742
16 3 0 0.0
16 4 0 0.0
16 5 171 0.862
16 6 155 0.827
16 7 173 0.852
16 8 145 0.821
16 9 143 0.763
16 10 157 0.867
16 11 0 0.0
16 12 30 0.622
16 13 159 0.919
16 14 175 0.842
16 15 0 0.0
16 16 0 0.0
16 17 149 0.865
16 18 159 0.812
16 19 0 0.0
16 20 0 0.0
16 21 158 0.895
16 22 131 0.818
16 23 141 0.88
16 24 145 0.851
16 25 134 0.836
16 26 93 0.672
16 27 0 0.0
16 28 45 0.798
16 29 138 0.637
16 30 127 0.836
16 31 134 0.882
16 32 137 0.912
16 33 163 0.879
16 34 149 0.703
16 35 0 0.0
16 36 143 0.818
16 37 0 0.0
16 38 184 0.83
16 39 0 0.0
16 40 0 0.0
16 41 150 0.828
16 42 180 0.795
16 43 0 0.0
16 44 223 0.744
16 45 177 0.705
16 46 98 0.889
16 47 324 0.821
16 48 285 0.701
17 1 257 0.851
17 2 168 0.835
17 3 229 0.801
17 4 159 0.82
17 5 167 0.715
17 6 156 0.87
17 7 150 0.771
17 8 151 0.834
17 9 130 0.763
17 10 140 0.813
17 11 151 0.855
17 12 173 0.764
17 13 131 0.83
17 14 138 0.83
17 15 137 0.795
17 16 147 0.82
17 17 151 0.877
17 18 131 0.716
17 19 143 0.83
17 20 157 0.898
17 21 146 0.839
17 22 154 0.776
17 23 142 0.824
17 24 138 0.789
17 25 135 0.843
17 26 140 0.897
17 27 142 0.765
17 28 141 0.848
17 29 116 0.848
17 30 132 0.786
17 31 123 0.832
17 32 136 0.818
17 33 135 0.865
17 34 128 0.91
17 35 132 0.794
17 36 147 0.769
17 37 132 0.846
17 38 151 0.655
17 39 148 0.817
17 40 170 0.916
17 41 165 0.812
17 42 129 0.827
17 43 175 0.85
17 44 172 0.766
17 45 197 0.791
17 46 211 0.774
17 47 282 0.803
17 48 380 0.856
18 1 299 0.728
18 2 233 0.841
18 3 228 0.846
18 4 194 0.763
18 5 160 0.862
18 6 165 0.839
18 7 180 0.895
18 8 191 0.898
18 9 0 0.0
18 10 0 0.0
18 11 133 0.784
18 12 132 0.903
18 13 148 0.877
18 14 148 0.847
18 15 177 0.735
18 16 141 0.848
18 17 136 0.676
18 18 136 0.849
18 19 118 0.877
18 20 110 0.938
18 21 99 0.785
18 22 99 0.898
18 23 122 0.867
18 24 130 0.899
18 25 142 0.824
18 26 111 0.935
18 27 137 0.804
18 28 132 0.913
18 29 135 0.812
18 30 120 0.877
18 31 128 0.936
18 32 117 0.8
18 33 138 0.884
18 34 147 0.748
18 35 136 0.871
18 36 146 0.787
18 37 138 0.918
18 38 156 0.862
18 39 136 0.849
18 40 140 0.765
18 41 133 0.885
18 42 137 0.738
18 43 158 0.736
18 44 195 0.832
18 45 165 0.638
18 46 209 0.731
18 47 311 0.783
18 48 408 0.746
19 1 349 0.844
19 2 210 0.88
19 3 223 0.895
19 4 212 0.916
19 5 170 0.741
19 6 176 0.855
19 7 180 0.846
19 8 168 0.855
19 9 153 0.825
19 10 144 0.836
19 11 151 0.826
19 12 146 0.827
19 13 175 0.797
19 14 152 0.819
19 15 128 0.743
19 16 131 0.839
19 17 143 0.902
19 18 153 0.907
19 19 135 0.875
19 20 144 0.824
19 21 122 0.773
19 22 134 0.916
19 23 137 0.947
19 24 128 0.79
19 25 129 0.785
19 26 133 0.772
19 27 130 0.763
19 28 135 0.934
19 29 157 0.693
19 30 143 0.902
19 31 137 0.804
19 32 139 0.678
19 33 152 0.869
19 34 133 0.946
19 35 129 0.858
19 36 139 0.845
19 37 145 0.829
19 38 130 0.865
19 39 144 0.795
19 40 131 0.809
19 41 147 0.691
19 42 148 0.847
19 43 159 0.708
19 44 183 0.86
19 45 206 0.664
19 46 207 0.759
19 47 233 0.89
19 48 337 0.821
20 1 302 0.703
20 2 234 0.828
20 3 0 0.0
20 4 247 0.748
20 5 177 0.835
20 6 171 0.723
20 7 186 0.903
20 8 148 0.891
20 9 161 0.75
20 10 134 0.827
20 11 0 0.0
20 12 0 0.0
20 13 156 0.813
20 14 153 0.845
20 15 137 0.846
20 16 0 0.0
20 17 133 0.852
20 18 133 0.852
20 19 132 0.855
20 20 159 0.681
20 21 110 0.752
20 22 101 0.917
20 23 146 0.665
20 24 131 0.872
20 25 126 0.778
20 26 133 0.8
20 27 129 0.757
20 28 117 0.779
20 29 137 0.922
20 30 135 0.888
20 31 123 0.818
20 32 122 0.892
20 33 146 0.856
20 34 123 0.841
20 35 124 0.731
20 36 134 0.786
20 37 143 0.688
20 38 127 0.868
20 39 153 0.845
20 40 145 0.793
20 41 149 0.844
20 42 133 0.792
20 43 121 0.728
20 44 146 0.743
20 45 201 0.697
20 46 216 0.729
20 47 238 0.826
20 48 386 0.716
21 1 289 0.809
21 2 237 0.829
21 3 207 0.838
21 4 197 0.717
21 5 194 0.864
21 6 182 0.848
21 7 166 0.886
21 8 197 0.825
21 9 157 0.898
21 10 125 0.667
21 11 157 0.867
21 12 147 0.804
21 13 130 0.728
21 14 164 0.757
21 15 142 0.733
21 16 132 0.855
21 17 109 0.946
21 18 123 0.864
21 19 124 0.848
21 20 133 0.8
21 21 131 0.818
21 22 143 0.893
21 23 127 0.793
21 24 138 0.81
21 25 124 0.882
21 26 131 0.896
21 27 128 0.82
21 28 107 0.885
21 29 138 0.884
21 30 134 0.798
21 31 138 0.894
21 32 129 0.733
21 33 128 0.82
21 34 129 0.882
21 35 132 0.869
21 36 125 0.81
21 37 136 0.798
21 38 137 0.833
21 39 144 0.815
21 40 163 0.837
21 41 126 0.758
21 42 114 0.858
21 43 143 0.752
21 44 176 0.847
21 45 202 0.756
21 46 245 0.693
21 47 235 0.66
21 48 378 0.75
22 1 299 0.718
22 2 240 0.795
22 3 229 0.733
22 4 205 0.859
22 5 198 0.837
22 6 171 0.786
22 7 203 0.775
22 8 175 0.691
22 9 140 0.737
22 10 126 0.829
22 11 169 0.78
22 12 145 0.748
22 13 150 0.871
22 14 143 0.902
22 15 134 0.859
22 16 128 0.79
22 17 166 0.865
22 18 155 0.856
22 19 12 0.851
22 20 0 0.0
22 21 153 0.816
22 22 146 0.879
22 23 132 0.869
22 24 117 0.836
22 25 127 0.805
22 26 114 0.843
22 27 113 0.886
22 28 124 0.685
22 29 123 0.748
22 30 138 0.871
22 31 115 0.928
22 32 135 0.875
22 33 152 0.792
22 34 137 0.855
22 35 223 0.753
22 36 129 0.892
22 37 199 0.463
22 38 150 0.781
22 39 109 0.775
22 40 126 0.739
22 41 162 0.852
22 42 137 0.912
22 43 151 0.761
22 44 180 0.886
22 45 181 0.799
22 46 226 0.8
22 47 232 0.894
22 48 372 0.694
23 1 329 0.753
23 2 234 0.708
23 3 227 0.705
23 4 195 0.869
23 5 200 0.899
23 6 224 0.771
23 7 171 0.796
23 8 177 0.84
23 9 141 0.727
23 10 154 0.814
23 11 132 0.846
23 12 152 0.811
23 13 0 0.0
23 14 22 0.922
23 15 141 0.651
23 16 152 0.84
23 17 114 0.73
23 18 121 0.827
23 19 108 0.727
23 20 146 0.815
23 21 144 0.845
23 22 120 0.749
23 23 123 0.722
23 24 138 0.789
23 25 134 0.859
23 26 127 0.845
23 27 147 0.649
23 28 145 0.842
23 29 125 0.832
23 30 133 0.885
23 31 121 0.827
23 32 140 0.842
23 33 136 0.871
23 34 132 0.824
23 35 122 0.892
23 36 131 0.882
23 37 135 0.804
23 38 156 0.768
23 39 125 0.889
23 40 150 0.809
23 41 163 0.841
23 42 126 0.816
23 43 161 0.839
23 44 163 0.736
23 45 159 0.702
23 46 245 0.664
23 47 290 0.723
23 48 401 0.699
24 1 326 0.604
24 2 258 0.787
24 3 215 0.805
24 4 201 0.731
24 5 46 0.516
24 6 64 0.51
24 7 169 0.868
24 8 176 0.802
24 9 125 0.925
24 10 149 0.638
24 11 135 0.898
24 12 154 0.851
24 13 136 0.806
24 14 150 0.849
24 15 135 0.738
24 16 133 0.821
24 17 138 0.818
24 18 167 0.879
24 19 154 0.776
24 20 143 0.86
24 21 149 0.751
24 22 158 0.729
24 23 110 0.679
24 24 147 0.885
24 25 169 0.821
24 26 169 0.832
24 27 157 0.818
24 28 141 0.88
24 29 133 0.852
24 30 132 0.846
24 31 150 0.8
24 32 142 0.864
24 33 169 0.832
24 34 114 0.811
24 35 118 0.729
24 36 119 0.836
24 37 130 0.865
24 38 133 0.862
24 39 187 0.825
24 40 140 0.801
24 41 151 0.826
24 42 172 0.867
24 43 180 0.615
24 44 179 0.684
24 45 235 0.758
24 46 260 0.814
24 47 271 0.641
24 48 418 0.745
25 1 375 0.634
25 2 289 0.763
25 3 290 0.747
25 4 250 0.633
25 5 219 0.68
25 6 207 0.831
25 7 176 0.82
25 8 152 0.831
25 9 151 0.846
25 10 146 0.806
25 11 153 0.729
25 12 148 0.771
25 13 129 0.827
25 14 115 0.757
25 15 166 0.817
25 16 136 0.778
25 17 156 0.727
25 18 142 0.801
25 19 148 0.722
25 20 150 0.903
25 21 133 0.809
25 22 41 0.997
25 23 80 0.532
25 24 155 0.887
25 25 155 0.773
25 26 152 0.861
25 27 117 0.813
25 28 147 0.792
25 29 134 0.827
25 30 139 0.901
25 31 148 0.9
25 32 140 0.897
25 33 123 0.899
25 34 139 0.795
25 35 139 0.768
25 36 146 0.779
25 37 168 0.867
25 38 159 0.848
25 39 150 0.756
25 40 133 0.92
25 41 140 0.762
25 42 146 0.827
25 43 156 0.892
25 44 184 0.732
25 45 201 0.807
25 46 254 0.775
25 47 301 0.689
25 48 417 0.639
26 1 373 0.706
26 2 283 0.684
26 3 191 0.825
26 4 207 0.838
26 5 213 0.838
26 6 213 0.775
26 7 197 0.67
26 8 167 0.803
26 9 168 0.765
26 10 157 0.898
26 11 164 0.558
26 12 110 0.697
26 13 176 0.904
26 14 151 0.834
26 15 136 0.685
26 16 141 0.848
26 17 145 0.851
26 18 200 0.694
26 19 44 0.494
26 20 55 0.64
26 21 139 0.868
26 22 145 0.842
26 23 35 0.515
26 24 56 0.607
26 25 143 0.782
26 26 155 0.827
26 27 147 0.862
26 28 147 0.885
26 29 145 0.873
26 30 142 0.886
26 31 150 0.715
26 32 132 0.704
26 33 148 0.838
26 34 146 0.806
26 35 170 0.767
26 36 188 0.83
26 37 142 0.765
26 38 156 0.862
26 39 137 0.902
26 40 162 0.787
26 41 159 0.837
26 42 150 0.837
26 43 205 0.706
26 44 217 0.724
26 45 183 0.808
26 46 254 0.694
26 47 284 0.787
26 48 388 0.618
27 1 384 0.775
27 2 278 0.82
27 3 249 0.854
27 4 221 0.767
27 5 219 0.76
27 6 200 0.749
27 7 185 0.721
27 8 187 0.815
27 9 188 0.904
27 10 158 0.72
27 11 160 0.78
27 12 159 0.783
27 13 0 0.0
27 14 0 0.0
27 15 138 0.736
27 16 157 0.818
27 17 158 0.873
27 18 156 0.832
27 19 159 0.681
27 20 165 0.735
27 21 140 0.851
27 22 158 0.77
27 23 150 0.828
27 24 143 0.81
27 25 164 0.863
27 26 151 0.846
27 27 152 0.784
27 28 134 0.806
27 29 152 0.882
27 30 146 0.753
27 31 148 0.891
27 32 160 0.713
27 33 160 0.814
27 34 142 0.886
27 35 137 0.768
27 36 128 0.82
27 37 139 0.815
27 38 121 0.885
27 39 156 0.695
27 40 161 0.68
27 41 164 0.754
27 42 164 0.747
27 43 221 0.752
27 44 229 0.693
27 45 212 0.689
27 46 246 0.605
27 47 207 0.596
27 48 324 0.703
28 1 418 0.652
28 2 268 0.848
28 3 0 0.0
28 4 188 0.904
28 5 183 0.841
28 6 493 0.701
28 7 202 0.9
28 8 228 0.755
28 9 0 0.0
28 10 0 0.0
28 11 190 0.629
28 12 170 0.916
28 13 180 0.723
28 14 184 0.748
28 15 156 0.832
28 16 174 0.778
28 17 193 0.899
28 18 151 0.761
28 19 171 0.796
28 20 156 0.821
28 21 158 0.629
28 22 172 0.867
28 23 172 0.835
28 24 158 0.873
28 25 158 0.873
28 26 155 0.844
28 27 163 0.887
28 28 166 0.773
28 29 168 0.65
28 30 150 0.817
28 31 199 0.727
28 32 310 0.793
28 33 158 0.697
28 34 154 0.776
28 35 155 0.824
28 36 153 0.789
28 37 161 0.655
28 38 211 0.813
28 39 163 0.802
28 40 184 0.812
28 41 192 0.764
28 42 202 0.821
28 43 226 0.839
28 44 202 0.715
28 45 229 0.584
28 46 203 0.798
28 47 282 0.727
28 48 427 0.765
29 1 383 0.725
29 2 299 0.783
29 3 284 0.708
29 4 226 0.846
29 5 197 0.492
29 6 202 0.821
29 7 192 0.764
29 8 193 0.716
29 9 211 0.761
29 10 180 0.82
29 11 171 0.739
29 12 167 0.676
29 13 178 0.885
29 14 170 0.741
29 15 164 0.747
29 16 169 0.813
29 17 173 0.781
29 18 163 0.887
29 19 162 0.904
29 20 177 0.806
29 21 172 0.847
29 22 173 0.932
29 23 167 0.822
29 24 180 0.802
29 25 169 0.777
29 26 184 0.683
29 27 188 0.748
29 28 181 0.806
29 29 193 0.722
29 30 184 0.748
29 31 175 0.772
29 32 167 0.778
29 33 177 0.781
29 34 171 0.635
29 35 160 0.806
29 36 160 0.862
29 37 158 0.722
29 38 174 0.837
29 39 158 0.873
29 40 163 0.858
29 41 185 0.824
29 42 180 0.754
29 43 185 0.824
29 44 158 0.831
29 45 223 0.802
29 46 204 0.757
29 47 247 0.647
29 48 429 0.68
30 1 347 0.765
30 2 253 0.674
30 3 271 0.727
30 4 181 0.851
30 5 203 0.825
30 6 219 0.651
30 7 265 0.817
30 8 241 0.741
30 9 219 0.706
30 10 186 0.847
30 11 183 0.841
30 12 190 0.705
30 13 175 0.682
30 14 190 0.654
30 15 180 0.838
30 16 192 0.679
30 17 196 0.854
30 18 203 0.782
30 19 213 0.874
30 20 186 0.814
30 21 215 0.71
30 22 207 0.831
30 23 205 0.874
30 24 74 0.954
30 25 208 0.804
30 26 218 0.84
30 27 183 0.757
30 28 187 0.871
30 29 198 0.844
30 30 199 0.654
30 31 203 0.604
30 32 198 0.763
30 33 215 0.732
30 34 205 0.77
30 35 169 0.753
30 36 176 0.866
30 37 200 0.803
30 38 195 0.776
30 39 223 0.714
30 40 207 0.712
30 41 191 0.825
30 42 251 0.807
30 43 192 0.787
30 44 169 0.763
30 45 196 0.807
30 46 198 0.802
30 47 245 0.681
30 48 413 0.618
31 1 482 0.819
31 2 433 0.478
31 3 310 0.587
31 4 309 0.675
31 5 306 0.788
31 6 298 0.855
31 7 286 0.815
31 8 273 0.797
31 9 264 0.669
31 10 261 0.672
31 11 270 0.875
31 12 277 0.851
31 13 250 0.835
31 14 244 0.758
31 15 256 0.769
31 16 234 0.755
31 17 241 0.653
31 18 252 0.804
31 19 163 0.777
31 20 172 0.736
31 21 268 0.878
31 22 234 0.796
31 23 274 0.725
31 24 236 0.859
31 25 242 0.733
31 26 260 0.808
31 27 292 0.826
31 28 300 0.637
31 29 278 0.803
31 30 262 0.82
31 31 241 0.743
31 32 271 0.74
31 33 322 0.684
31 34 276 0.8
31 35 253 0.807
31 36 249 0.727
31 37 269 0.814
31 38 231 0.817
31 39 283 0.624
31 40 275 0.845
31 41 240 0.863
31 42 257 0.737
31 43 281 0.762
31 44 278 0.651
31 45 271 0.671
31 46 300 0.765
31 47 334 0.741
31 48 522 0.73
32 1 578 0.469
32 2 560 0.599
32 3 478 0.567
32 4 610 0.586
32 5 419 0.766
32 6 368 0.787
32 7 358 0.716
32 8 535 0.79
32 9 292 0.817
32 10 394 0.8
32 11 311 0.775
32 12 275 0.783
32 13 322 0.589
32 14 188 0.678
32 15 295 0.725
32 16 326 0.676
32 17 300 0.854
32 18 262 0.799
32 19 342 0.783
32 20 346 0.842
32 21 204 0.708
32 22 99 0.91
32 23 312 0.777
32 24 267 0.78
32 25 303 0.705
32 26 345 0.733
32 27 0 0.0
32 28 0 0.0
32 29 107 0.615
32 30 345 0.785
32 31 372 0.725
32 32 371 0.708
32 33 0 0.0
32 34 0 0.0
32 35 388 0.771
32 36 399 0.684
32 37 391 0.794
32 38 402 0.756
32 39 365 0.823
32 40 367 0.694
32 41 474 0.79
32 42 446 0.722
32 43 428 0.708
32 44 383 0.72
32 45 446 0.556
32 46 552 0.646
32 47 492 0.668
32 48 628 0.857
