row  column  size-1  circ-1
1 1 595 0.548
1 2 573 0.752
1 3 491 0.844
1 4 519 0.781
1 5 531 0.737
1 6 516 0.811
1 7 499 0.841
1 8 484 0.837
1 9 412 0.623
1 10 457 0.819
1 11 424 0.861
1 12 474 0.828
1 13 291 0.755
1 14 386 0.784
1 15 418 0.867
1 16 414 0.877
1 17 198 0.902
1 18 323 0.733
1 19 415 0.774
1 20 397 0.892
1 21 374 0.835
1 22 372 0.767
1 23 326 0.846
1 24 390 0.804
1 25 380 0.91
1 26 362 0.84
1 27 368 0.817
1 28 326 0.758
1 29 345 0.923
1 30 327 0.789
1 31 351 0.843
1 32 373 0.846
1 33 368 0.804
1 34 421 0.837
1 35 76 0.911
1 36 68 0.962
1 37 346 0.885
1 38 371 0.742
1 39 322 0.754
1 40 324 0.849
1 41 414 0.823
1 42 375 0.884
1 43 440 0.85
1 44 433 0.798
1 45 436 0.872
1 46 442 0.686
1 47 517 0.647
1 48 578 0.749
2 1 438 0.812
2 2 468 0.708
2 3 418 0.701
2 4 397 0.806
2 5 362 0.861
2 6 383 0.778
2 7 337 0.868
2 8 333 0.824
2 9 304 0.927
2 10 314 0.823
2 11 319 0.908
2 12 313 0.793
2 13 309 0.871
2 14 294 0.837
2 15 311 0.745
2 16 263 0.776
2 17 310 0.738
2 18 275 0.665
2 19 258 0.868
2 20 282 0.714
2 21 264 0.82
2 22 248 0.791
2 23 236 0.714
2 24 269 0.742
2 25 223 0.706
2 26 256 0.699
2 27 214 0.824
2 28 206 0.765
2 29 217 0.768
2 30 228 0.813
2 31 215 0.863
2 32 253 0.772
2 33 211 0.74
2 34 235 0.793
2 35 271 0.772
2 36 306 0.848
2 37 299 0.778
2 38 255 0.792
2 39 278 0.728
2 40 256 0.871
2 41 259 0.881
2 42 257 0.858
2 43 312 0.87
2 44 293 0.768
2 45 290 0.869
2 46 310 0.883
2 47 423 0.551
2 48 516 0.87
3 1 398 0.845
3 2 395 0.826
3 3 338 0.823
3 4 310 0.785
3 5 303 0.827
3 6 286 0.661
3 7 276 0.857
3 8 293 0.781
3 9 171 0.483
3 10 259 0.842
3 11 239 0.669
3 12 266 0.82
3 13 0 0.0
3 14 0 0.0
3 15 257 0.712
3 16 239 0.852
3 17 251 0.78
3 18 219 0.53
3 19 226 0.757
3 20 200 0.617
3 21 220 0.541
3 22 213 0.725
3 23 207 0.655
3 24 212 0.75
3 25 201 0.666
3 26 212 0.778
3 27 222 0.749
3 28 210 0.843
3 29 183 0.414
3 30 190 0.772
3 31 192 0.699
3 32 198 0.568
3 33 222 0.77
3 34 232 0.834
3 35 96 0.512
3 36 79 0.562
3 37 225 0.664
3 38 204 0.607
3 39 204 0.795
3 40 191 0.687
3 41 221 0.827
3 42 220 0.883
3 43 209 0.839
3 44 245 0.79
3 45 245 0.899
3 46 274 0.874
3 47 253 0.792
3 48 356 0.861
4 1 601 0.674
4 2 378 0.813
4 3 341 0.779
4 4 315 0.837
4 5 291 0.829
4 6 256 0.582
4 7 303 0.854
4 8 256 0.671
4 9 241 0.853
4 10 247 0.84
4 11 216 0.779
4 12 271 0.764
4 13 242 0.661
4 14 226 0.784
4 15 174 0.604
4 16 213 0.804
4 17 198 0.714
4 18 189 0.5
4 19 185 0.57
4 20 156 0.695
4 21 162 0.664
4 22 179 0.515
4 23 168 0.455
4 24 189 0.661
4 25 193 0.759
4 26 159 0.741
4 27 155 0.604
4 28 142 0.758
4 29 166 0.739
4 30 184 0.697
4 31 132 0.869
4 32 209 0.612
4 33 171 0.6
4 34 186 0.651
4 35 173 0.716
4 36 190 0.779
4 37 183 0.757
4 38 192 0.781
4 39 140 0.569
4 40 157 0.52
4 41 190 0.839
4 42 167 0.62
4 43 193 0.887
4 44 199 0.867
4 45 210 0.843
4 46 211 0.865
4 47 259 0.855
4 48 358 0.754
5 1 487 0.737
5 2 380 0.772
5 3 381 0.708
5 4 305 0.799
5 5 274 0.794
5 6 274 0.815
5 7 278 0.688
5 8 248 0.645
5 9 239 0.631
5 10 197 0.612
5 11 185 0.695
5 12 172 0.536
5 13 201 0.737
5 14 171 0.687
5 15 217 0.533
5 16 160 0.577
5 17 192 0.507
5 18 189 0.507
5 19 216 0.637
5 20 186 0.526
5 21 177 0.532
5 22 152 0.792
5 23 165 0.612
5 24 146 0.639
5 25 160 0.631
5 26 114 0.75
5 27 140 0.586
5 28 140 0.574
5 29 133 0.664
5 30 159 0.585
5 31 167 0.459
5 32 146 0.594
5 33 166 0.525
5 34 155 0.729
5 35 176 0.606
5 36 185 0.782
5 37 139 0.691
5 38 158 0.586
5 39 152 0.629
5 40 165 0.812
5 41 157 0.807
5 42 156 0.853
5 43 238 0.695
5 44 189 0.65
5 45 219 0.851
5 46 210 0.935
5 47 259 0.826
5 48 368 0.822
6 1 603 0.546
6 2 385 0.777
6 3 359 0.599
6 4 316 0.793
6 5 305 0.881
6 6 265 0.588
6 7 278 0.778
6 8 220 0.731
6 9 258 0.572
6 10 241 0.494
6 11 230 0.467
6 12 167 0.368
6 13 178 0.724
6 14 200 0.565
6 15 197 0.534
6 16 195 0.724
6 17 175 0.756
6 18 175 0.597
6 19 128 0.842
6 20 81 0.891
6 21 142 0.692
6 22 150 0.781
6 23 166 0.726
6 24 141 0.858
6 25 140 0.705
6 26 120 0.704
6 27 134 0.538
6 28 140 0.793
6 29 176 0.485
6 30 133 0.742
6 31 157 0.571
6 32 121 0.86
6 33 145 0.556
6 34 137 0.804
6 35 151 0.514
6 36 123 0.809
6 37 161 0.68
6 38 142 0.458
6 39 182 0.587
6 40 165 0.86
6 41 138 0.561
6 42 160 0.752
6 43 221 0.834
6 44 160 0.752
6 45 193 0.871
6 46 257 0.697
6 47 287 0.922
6 48 408 0.761
7 1 469 0.838
7 2 406 0.582
7 3 337 0.696
7 4 290 0.832
7 5 306 0.623
7 6 274 0.827
7 7 240 0.629
7 8 182 0.731
7 9 201 0.684
7 10 212 0.613
7 11 229 0.59
7 12 207 0.546
7 13 162 0.432
7 14 191 0.703
7 15 182 0.409
7 16 178 0.414
7 17 180 0.729
7 18 149 0.776
7 19 183 0.55
7 20 150 0.828
7 21 143 0.54
7 22 135 0.875
7 23 163 0.564
7 24 135 0.728
7 25 173 0.624
7 26 107 0.661
7 27 157 0.652
7 28 146 0.827
7 29 175 0.733
7 30 139 0.507
7 31 152 0.499
7 32 143 0.516
7 33 114 0.858
7 34 154 0.613
7 35 145 0.793
7 36 144 0.561
7 37 132 0.846
7 38 150 0.58
7 39 178 0.724
7 40 166 0.689
7 41 182 0.746
7 42 168 0.663
7 43 152 0.593
7 44 189 0.799
7 45 178 0.694
7 46 263 0.802
7 47 299 0.776
7 48 393 0.84
8 1 524 0.724
8 2 339 0.757
8 3 341 0.767
8 4 267 0.753
8 5 230 0.522
8 6 267 0.742
8 7 214 0.503
8 8 205 0.297
8 9 193 0.546
8 10 257 0.467
8 11 189 0.702
8 12 163 0.759
8 13 197 0.557
8 14 175 0.85
8 15 132 0.903
8 16 151 0.633
8 17 168 0.698
8 18 171 0.823
8 19 166 0.733
8 20 171 0.807
8 21 179 0.496
8 22 151 0.736
8 23 140 0.781
8 24 104 0.839
8 25 166 0.698
8 26 145 0.774
8 27 132 0.609
8 28 124 0.519
8 29 158 0.648
8 30 122 0.773
8 31 167 0.533
8 32 153 0.627
8 33 126 0.862
8 34 155 0.763
8 35 138 0.566
8 36 165 0.671
8 37 143 0.444
8 38 146 0.639
8 39 0 0.0
8 40 0 0.0
8 41 183 0.815
8 42 175 0.842
8 43 170 0.792
8 44 197 0.798
8 45 196 0.889
8 46 235 0.806
8 47 257 0.805
8 48 387 0.856
9 1 464 0.711
9 2 406 0.696
9 3 334 0.777
9 4 309 0.788
9 5 284 0.755
9 6 278 0.741
9 7 287 0.487
9 8 236 0.733
9 9 266 0.572
9 10 213 0.638
9 11 246 0.623
9 12 190 0.763
9 13 193 0.627
9 14 164 0.497
9 15 153 0.697
9 16 163 0.72
9 17 130 0.561
9 18 149 0.649
9 19 201 0.558
9 20 166 0.587
9 21 167 0.715
9 22 162 0.578
9 23 117 0.866
9 24 134 0.759
9 25 130 0.856
9 26 139 0.779
9 27 69 0.815
9 28 61 0.877
9 29 135 0.764
9 30 155 0.827
9 31 142 0.715
9 32 143 0.771
9 33 159 0.696
9 34 114 0.742
9 35 130 0.865
9 36 135 0.78
9 37 167 0.564
9 38 140 0.729
9 39 141 0.727
9 40 162 0.873
9 41 140 0.842
9 42 189 0.696
9 43 163 0.759
9 44 155 0.453
9 45 190 0.821
9 46 213 0.831
9 47 259 0.813
9 48 395 0.857
10 1 513 0.649
10 2 388 0.699
10 3 352 0.83
10 4 318 0.717
10 5 273 0.496
10 6 271 0.66
10 7 260 0.681
10 8 231 0.564
10 9 219 0.635
10 10 240 0.604
10 11 99 0.844
10 12 103 0.775
10 13 224 0.595
10 14 222 0.372
10 15 206 0.587
10 16 170 0.712
10 17 149 0.71
10 18 194 0.786
10 19 122 0.716
10 20 146 0.865
10 21 121 0.818
10 22 160 0.67
10 23 192 0.822
10 24 129 0.776
10 25 142 0.6
10 26 129 0.507
10 27 117 0.722
10 28 146 0.81
10 29 134 0.849
10 30 161 0.704
10 31 137 0.824
10 32 153 0.516
10 33 153 0.559
10 34 112 0.657
10 35 135 0.888
10 36 155 0.332
10 37 131 0.692
10 38 155 0.474
10 39 94 0.75
10 40 152 0.538
10 41 148 0.91
10 42 161 0.641
10 43 168 0.689
10 44 182 0.793
10 45 188 0.802
10 46 242 0.84
10 47 283 0.729
10 48 369 0.767
11 1 461 0.803
11 2 378 0.752
11 3 323 0.633
11 4 302 0.691
11 5 271 0.467
11 6 279 0.741
11 7 171 0.729
11 8 217 0.829
11 9 171 0.589
11 10 204 0.668
11 11 201 0.671
11 12 200 0.544
11 13 64 0.906
11 14 63 0.825
11 15 170 0.484
11 16 176 0.809
11 17 155 0.732
11 18 108 0.846
11 19 121 0.85
11 20 160 0.834
11 21 161 0.586
11 22 160 0.834
11 23 179 0.633
11 24 155 0.715
11 25 162 0.461
11 26 108 0.846
11 27 146 0.517
11 28 133 0.761
11 29 133 0.821
11 30 145 0.801
11 31 122 0.77
11 32 164 0.757
11 33 161 0.617
11 34 136 0.849
11 35 139 0.742
11 36 119 0.805
11 37 145 0.519
11 38 125 0.451
11 39 146 0.581
11 40 125 0.609
11 41 160 0.729
11 42 176 0.667
11 43 149 0.803
11 44 156 0.743
11 45 190 0.923
11 46 230 0.598
11 47 266 0.895
11 48 403 0.747
12 1 488 0.73
12 2 383 0.812
12 3 346 0.862
12 4 306 0.863
12 5 294 0.704
12 6 273 0.532
12 7 253 0.721
12 8 235 0.646
12 9 250 0.625
12 10 188 0.712
12 11 180 0.483
12 12 221 0.518
12 13 184 0.386
12 14 196 0.609
12 15 187 0.566
12 16 178 0.829
12 17 175 0.79
12 18 142 0.821
12 19 166 0.642
12 20 145 0.801
12 21 136 0.744
12 22 161 0.633
12 23 142 0.784
12 24 147 0.714
12 25 158 0.624
12 26 154 0.665
12 27 161 0.898
12 28 143 0.502
12 29 165 0.812
12 30 136 0.81
12 31 124 0.702
12 32 153 0.669
12 33 142 0.747
12 34 186 0.604
12 35 144 0.693
12 36 103 0.643
12 37 174 0.479
12 38 145 0.613
12 39 153 0.69
12 40 129 0.682
12 41 169 0.693
12 42 159 0.758
12 43 180 0.866
12 44 128 0.751
12 45 175 0.756
12 46 231 0.824
12 47 209 0.763
12 48 379 0.823
13 1 281 0.786
13 2 387 0.732
13 3 333 0.816
13 4 328 0.635
13 5 33 -1.0
13 6 28 0.943
13 7 345 0.808
13 8 224 0.633
13 9 197 0.658
13 10 157 0.826
13 11 250 0.534
13 12 198 0.651
13 13 207 0.482
13 14 171 0.693
13 15 210 0.489
13 16 170 0.663
13 17 176 0.45
13 18 150 0.712
13 19 180 0.688
13 20 209 0.782
13 21 80 0.838
13 22 76 0.866
13 23 158 0.559
13 24 115 0.901
13 25 164 0.715
13 26 166 0.647
13 27 125 0.78
13 28 122 0.701
13 29 110 0.888
13 30 124 0.782
13 31 149 0.664
13 32 116 0.858
13 33 108 0.759
13 34 149 0.533
13 35 145 0.534
13 36 142 0.784
13 37 127 0.845
13 38 120 0.64
13 39 110 0.773
13 40 158 0.586
13 41 143 0.537
13 42 154 0.583
13 43 160 0.806
13 44 182 0.796
13 45 173 0.813
13 46 231 0.792
13 47 257 0.848
13 48 333 0.85
14 1 500 0.77
14 2 360 0.615
14 3 310 0.799
14 4 252 0.498
14 5 317 0.803
14 6 326 0.584
14 7 257 0.636
14 8 233 0.578
14 9 205 0.558
14 10 258 0.393
14 11 172 0.685
14 12 176 0.722
14 13 187 0.529
14 14 159 0.537
14 15 157 0.644
14 16 141 0.815
14 17 165 0.671
14 18 176 0.722
14 19 149 0.679
14 20 149 0.769
14 21 150 0.58
14 22 174 0.616
14 23 166 0.763
14 24 117 0.75
14 25 169 0.593
14 26 145 0.707
14 27 137 0.714
14 28 132 0.794
14 29 146 0.696
14 30 156 0.698
14 31 136 0.685
14 32 120 0.613
14 33 135 0.843
14 34 101 0.73
14 35 131 0.734
14 36 144 0.709
14 37 134 0.63
14 38 173 0.709
14 39 147 0.649
14 40 207 0.791
14 41 150 0.506
14 42 136 0.871
14 43 175 0.575
14 44 156 0.659
14 45 183 0.735
14 46 204 0.757
14 47 244 0.6
14 48 338 0.772
15 1 479 0.69
15 2 360 0.782
15 3 380 0.734
15 4 333 0.435
15 5 303 0.765
15 6 321 0.652
15 7 184 0.409
15 8 113 0.569
15 9 234 0.603
15 10 202 0.538
15 11 209 0.621
15 12 179 0.567
15 13 179 0.599
15 14 211 0.458
15 15 167 0.579
15 16 191 0.578
15 17 169 0.687
15 18 162 0.513
15 19 140 0.813
15 20 166 0.583
15 21 182 0.689
15 22 160 0.685
15 23 137 0.824
15 24 126 0.581
15 25 139 0.858
15 26 146 0.696
15 27 130 0.358
15 28 188 0.665
15 29 137 0.665
15 30 155 0.644
15 31 113 0.85
15 32 163 0.649
15 33 134 0.566
15 34 159 0.775
15 35 126 0.921
15 36 119 0.895
15 37 133 0.753
15 38 119 0.509
15 39 136 0.442
15 40 150 0.568
15 41 86 0.901
15 42 103 0.867
15 43 145 0.707
15 44 158 0.676
15 45 180 0.539
15 46 200 0.742
15 47 234 0.828
15 48 359 0.841
16 1 504 0.807
16 2 358 0.754
16 3 329 0.721
16 4 348 0.554
16 5 326 0.746
16 6 299 0.712
16 7 308 0.643
16 8 252 0.581
16 9 254 0.52
16 10 136 0.633
16 11 193 0.501
16 12 174 0.557
16 13 175 0.772
16 14 227 0.553
16 15 169 0.577
16 16 165 0.779
16 17 157 0.773
16 18 186 0.803
16 19 140 0.592
16 20 130 0.889
16 21 170 0.606
16 22 105 0.759
16 23 136 0.719
16 24 130 0.875
16 25 168 0.572
16 26 176 0.653
16 27 156 0.682
16 28 158 0.682
16 29 107 0.723
16 30 164 0.708
16 31 148 0.582
16 32 174 0.462
16 33 102 0.661
16 34 142 0.661
16 35 135 0.372
16 36 141 0.534
16 37 156 0.396
16 38 155 0.607
16 39 146 0.674
16 40 170 0.489
16 41 136 0.614
16 42 168 0.683
16 43 145 0.646
16 44 188 0.625
16 45 185 0.603
16 46 202 0.854
16 47 232 0.721
16 48 406 0.784
17 1 456 0.799
17 2 360 0.827
17 3 358 0.777
17 4 383 0.76
17 5 326 0.686
17 6 264 0.489
17 7 233 0.48
17 8 271 0.504
17 9 248 0.794
17 10 174 0.865
17 11 151 0.644
17 12 167 0.685
17 13 175 0.815
17 14 167 0.706
17 15 51 0.938
17 16 57 0.853
17 17 173 0.498
17 18 173 0.68
17 19 191 0.558
17 20 155 0.763
17 21 159 0.595
17 22 131 0.839
17 23 131 0.651
17 24 142 0.804
17 25 167 0.768
17 26 152 0.708
17 27 151 0.572
17 28 174 0.693
17 29 85 0.786
17 30 123 0.522
17 31 108 0.846
17 32 97 0.76
17 33 143 0.576
17 34 116 0.577
17 35 148 0.594
17 36 134 0.508
17 37 120 0.542
17 38 151 0.646
17 39 148 0.753
17 40 116 0.398
17 41 116 0.825
17 42 130 0.606
17 43 146 0.665
17 44 154 0.773
17 45 162 0.522
17 46 190 0.659
17 47 265 0.724
17 48 342 0.806
18 1 477 0.711
18 2 341 0.786
18 3 317 0.684
18 4 368 0.817
18 5 355 0.466
18 6 296 0.606
18 7 277 0.665
18 8 246 0.473
18 9 260 0.722
18 10 192 0.454
18 11 211 0.494
18 12 201 0.737
18 13 236 0.629
18 14 162 0.693
18 15 172 0.592
18 16 184 0.748
18 17 142 0.521
18 18 184 0.651
18 19 153 0.789
18 20 199 0.841
18 21 133 0.5
18 22 138 0.527
18 23 150 0.738
18 24 127 0.913
18 25 181 0.388
18 26 153 0.633
18 27 114 0.514
18 28 127 0.868
18 29 160 0.526
18 30 147 0.603
18 31 131 0.492
18 32 148 0.589
18 33 89 0.834
18 34 156 0.713
18 35 110 0.752
18 36 114 0.742
18 37 129 0.529
18 38 141 0.476
18 39 121 0.518
18 40 151 0.316
18 41 141 0.657
18 42 168 0.631
18 43 166 0.661
18 44 173 0.568
18 45 172 0.759
18 46 217 0.727
18 47 240 0.839
18 48 383 0.799
19 1 482 0.804
19 2 351 0.86
19 3 282 0.549
19 4 356 0.761
19 5 0 0.0
19 6 0 0.0
19 7 65 0.705
19 8 62 0.706
19 9 221 0.437
19 10 218 0.558
19 11 225 0.438
19 12 229 0.541
19 13 203 0.472
19 14 145 0.554
19 15 162 0.537
19 16 170 0.792
19 17 157 0.436
19 18 155 0.856
19 19 126 0.576
19 20 174 0.735
19 21 150 0.837
19 22 137 0.757
19 23 162 0.651
19 24 119 0.771
19 25 147 0.694
19 26 132 0.565
19 27 116 0.883
19 28 130 0.718
19 29 150 0.552
19 30 129 0.509
19 31 187 0.662
19 32 94 0.75
19 33 138 0.736
19 34 153 0.684
19 35 140 0.581
19 36 152 0.631
19 37 142 0.792
19 38 204 0.748
19 39 157 0.59
19 40 146 0.402
19 41 150 0.285
19 42 134 0.798
19 43 166 0.655
19 44 166 0.695
19 45 190 0.779
19 46 180 0.663
19 47 249 0.847
19 48 317 0.803
20 1 445 0.648
20 2 383 0.814
20 3 337 0.629
20 4 333 0.78
20 5 335 0.849
20 6 306 0.752
20 7 227 0.549
20 8 233 0.533
20 9 258 0.748
20 10 268 0.769
20 11 177 0.492
20 12 199 0.427
20 13 171 0.582
20 14 202 0.651
20 15 120 0.697
20 16 139 0.717
20 17 170 0.649
20 18 183 0.693
20 19 177 0.788
20 20 152 0.547
20 21 164 0.693
20 22 171 0.834
20 23 191 0.489
20 24 113 0.716
20 25 170 0.644
20 26 158 0.593
20 27 165 0.607
20 28 131 0.645
20 29 133 0.852
20 30 149 0.475
20 31 140 0.574
20 32 156 0.386
20 33 115 0.786
20 34 151 0.556
20 35 143 0.592
20 36 119 0.641
20 37 131 0.363
20 38 143 0.704
20 39 133 0.552
20 40 141 0.681
20 41 150 0.506
20 42 150 0.722
20 43 138 0.762
20 44 131 0.682
20 45 149 0.48
20 46 211 0.783
20 47 187 0.808
20 48 315 0.825
21 1 442 0.745
21 2 365 0.732
21 3 376 0.678
21 4 336 0.515
21 5 327 0.828
21 6 269 0.61
21 7 255 0.851
21 8 227 0.577
21 9 249 0.479
21 10 192 0.804
21 11 225 0.471
21 12 177 0.764
21 13 131 0.788
21 14 176 0.76
21 15 150 0.526
21 16 153 0.541
21 17 170 0.548
21 18 188 0.748
21 19 171 0.361
21 20 169 0.685
21 21 117 0.679
21 22 147 0.635
21 23 133 0.569
21 24 115 0.841
21 25 120 0.625
21 26 116 0.619
21 27 193 0.536
21 28 129 0.705
21 29 133 0.852
21 30 129 0.713
21 31 107 0.715
21 32 118 0.737
21 33 129 0.629
21 34 111 0.704
21 35 127 0.449
21 36 109 0.854
21 37 34 0.972
21 38 32 0.991
21 39 93 0.491
21 40 82 0.682
21 41 130 0.694
21 42 186 0.58
21 43 139 0.531
21 44 164 0.708
21 45 182 0.811
21 46 205 0.866
21 47 211 0.761
21 48 331 0.693
22 1 514 0.777
22 2 364 0.79
22 3 356 0.708
22 4 318 0.619
22 5 297 0.608
22 6 293 0.862
22 7 284 0.698
22 8 257 0.669
22 9 239 0.443
22 10 217 0.574
22 11 204 0.427
22 12 224 0.742
22 13 146 0.594
22 14 165 0.657
22 15 179 0.797
22 16 186 0.673
22 17 176 0.672
22 18 205 0.644
22 19 182 0.626
22 20 164 0.523
22 21 155 0.434
22 22 126 0.546
22 23 130 0.718
22 24 181 0.579
22 25 135 0.583
22 26 179 0.494
22 27 153 0.682
22 28 135 0.78
22 29 138 0.512
22 30 196 0.455
22 31 126 0.629
22 32 156 0.761
22 33 158 0.707
22 34 174 0.599
22 35 129 0.776
22 36 123 0.427
22 37 106 0.5
22 38 138 0.679
22 39 134 0.574
22 40 163 0.663
22 41 187 0.751
22 42 197 0.753
22 43 161 0.733
22 44 185 0.85
22 45 158 0.796
22 46 180 0.795
22 47 250 0.785
22 48 385 0.777
23 1 534 0.808
23 2 383 0.576
23 3 359 0.622
23 4 295 0.753
23 5 288 0.755
23 6 255 0.772
23 7 295 0.627
23 8 253 0.641
23 9 222 0.644
23 10 230 0.504
23 11 223 0.605
23 12 205 0.55
23 13 198 0.434
23 14 169 0.61
23 15 211 0.443
23 16 189 0.512
23 17 200 0.528
23 18 110 0.724
23 19 158 0.45
23 20 202 0.369
23 21 147 0.649
23 22 164 0.639
23 23 222 0.801
23 24 167 0.596
23 25 172 0.37
23 26 164 0.731
23 27 164 0.564
23 28 146 0.623
23 29 160 0.715
23 30 109 0.854
23 31 196 0.794
23 32 157 0.59
23 33 120 0.537
23 34 142 0.565
23 35 174 0.616
23 36 147 0.624
23 37 180 0.723
23 38 141 0.681
23 39 144 0.541
23 40 237 0.699
23 41 24 -1.0
23 42 31 0.937
23 43 145 0.607
23 44 174 0.659
23 45 198 0.863
23 46 213 0.838
23 47 279 0.762
23 48 446 0.666
24 1 536 0.649
24 2 394 0.636
24 3 349 0.666
24 4 300 0.641
24 5 334 0.672
24 6 269 0.655
24 7 287 0.752
24 8 281 0.812
24 9 236 0.714
24 10 251 0.794
24 11 255 0.714
24 12 186 0.731
24 13 235 0.662
24 14 192 0.461
24 15 153 0.627
24 16 205 0.429
24 17 201 0.427
24 18 137 0.878
24 19 155 0.582
24 20 173 0.503
24 21 185 0.44
24 22 192 0.626
24 23 192 0.804
24 24 149 0.724
24 25 126 0.574
24 26 118 0.49
24 27 184 0.598
24 28 194 0.517
24 29 138 0.549
24 30 159 0.62
24 31 173 0.716
24 32 155 0.658
24 33 160 0.516
24 34 143 0.666
24 35 97 0.88
24 36 134 0.592
24 37 153 0.635
24 38 137 0.462
24 39 128 0.833
24 40 127 0.878
24 41 171 0.755
24 42 179 0.79
24 43 154 0.659
24 44 196 0.742
24 45 233 0.772
24 46 225 0.835
24 47 298 0.682
24 48 389 0.644
25 1 509 0.58
25 2 356 0.678
25 3 373 0.646
25 4 272 0.83
25 5 315 0.772
25 6 274 0.656
25 7 264 0.692
25 8 256 0.412
25 9 152 0.828
25 10 138 0.549
25 11 186 0.563
25 12 215 0.573
25 13 214 0.648
25 14 203 0.57
25 15 181 0.521
25 16 156 0.727
25 17 193 0.841
25 18 235 0.587
25 19 204 0.403
25 20 187 0.644
25 21 163 0.625
25 22 191 0.562
25 23 156 0.527
25 24 166 0.672
25 25 152 0.741
25 26 153 0.805
25 27 158 0.753
25 28 162 0.645
25 29 162 0.417
25 30 139 0.448
25 31 137 0.592
25 32 139 0.614
25 33 196 0.675
25 34 152 0.513
25 35 135 0.511
25 36 173 0.595
25 37 157 0.571
25 38 146 0.497
25 39 141 0.779
25 40 155 0.434
25 41 150 0.393
25 42 169 0.564
25 43 175 0.668
25 44 171 0.496
25 45 179 0.834
25 46 202 0.843
25 47 306 0.783
25 48 444 0.776
26 1 491 0.729
26 2 383 0.696
26 3 371 0.652
26 4 343 0.58
26 5 292 0.765
26 6 266 0.685
26 7 274 0.767
26 8 252 0.783
26 9 222 0.703
26 10 231 0.559
26 11 210 0.62
26 12 242 0.599
26 13 227 0.605
26 14 226 0.743
26 15 217 0.719
26 16 194 0.692
26 17 153 0.587
26 18 197 0.499
26 19 139 0.403
26 20 173 0.562
26 21 217 0.508
26 22 161 0.75
26 23 220 0.627
26 24 165 0.657
26 25 187 0.575
26 26 166 0.521
26 27 159 0.783
26 28 162 0.591
26 29 168 0.499
26 30 232 0.576
26 31 127 0.687
26 32 114 0.623
26 33 123 0.526
26 34 104 0.76
26 35 118 0.737
26 36 129 0.713
26 37 119 0.88
26 38 159 0.644
26 39 125 0.823
26 40 123 0.635
26 41 138 0.744
26 42 151 0.787
26 43 161 0.75
26 44 195 0.724
26 45 193 0.879
26 46 235 0.831
26 47 258 0.823
26 48 385 0.823
27 1 515 0.729
27 2 391 0.711
27 3 343 0.703
27 4 248 0.699
27 5 291 0.666
27 6 297 0.858
27 7 260 0.544
27 8 249 0.847
27 9 275 0.833
27 10 240 0.691
27 11 256 0.675
27 12 194 0.573
27 13 207 0.693
27 14 206 0.469
27 15 213 0.731
27 16 227 0.631
27 17 187 0.662
27 18 197 0.586
27 19 219 0.64
27 20 155 0.644
27 21 200 0.556
27 22 176 0.611
27 23 209 0.745
27 24 175 0.697
27 25 177 0.676
27 26 145 0.602
27 27 163 0.802
27 28 157 0.578
27 29 163 0.649
27 30 175 0.671
27 31 166 0.512
27 32 165 0.86
27 33 191 0.655
27 34 193 0.775
27 35 185 0.768
27 36 164 0.681
27 37 153 0.888
27 38 107 0.853
27 39 197 0.703
27 40 197 0.567
27 41 158 0.598
27 42 173 0.568
27 43 197 0.633
27 44 216 0.802
27 45 200 0.441
27 46 222 0.824
27 47 277 0.867
27 48 429 0.833
28 1 531 0.639
28 2 381 0.731
28 3 363 0.431
28 4 305 0.584
28 5 308 0.66
28 6 299 0.716
28 7 274 0.711
28 8 285 0.604
28 9 268 0.858
28 10 246 0.851
28 11 195 0.69
28 12 204 0.676
28 13 233 0.743
28 14 238 0.803
28 15 195 0.793
28 16 190 0.756
28 17 160 0.664
28 18 243 0.741
28 19 194 0.607
28 20 201 0.553
28 21 213 0.719
28 22 211 0.439
28 23 201 0.631
28 24 225 0.566
28 25 153 0.684
28 26 165 0.618
28 27 203 0.626
28 28 211 0.634
28 29 174 0.485
28 30 191 0.695
28 31 185 0.768
28 32 203 0.638
28 33 158 0.564
28 34 178 0.779
28 35 153 0.805
28 36 170 0.719
28 37 177 0.626
28 38 146 0.806
28 39 188 0.589
28 40 193 0.677
28 41 183 0.735
28 42 176 0.64
28 43 220 0.627
28 44 300 0.84
28 45 192 0.797
28 46 248 0.771
28 47 292 0.803
28 48 446 0.837
29 1 542 0.601
29 2 404 0.739
29 3 393 0.846
29 4 378 0.438
29 5 298 0.585
29 6 317 0.657
29 7 283 0.654
29 8 285 0.642
29 9 253 0.91
29 10 273 0.676
29 11 263 0.755
29 12 246 0.867
29 13 263 0.832
29 14 250 0.768
29 15 265 0.788
29 16 216 0.832
29 17 218 0.756
29 18 269 0.691
29 19 212 0.684
29 20 245 0.802
29 21 210 0.802
29 22 234 0.799
29 23 192 0.733
29 24 229 0.625
29 25 179 0.698
29 26 155 0.658
29 27 232 0.754
29 28 185 0.765
29 29 188 0.565
29 30 204 0.742
29 31 240 0.655
29 32 160 0.85
29 33 196 0.862
29 34 224 0.792
29 35 178 0.694
29 36 172 0.759
29 37 180 0.895
29 38 172 0.534
29 39 243 0.827
29 40 169 0.76
29 41 198 0.681
29 42 168 0.719
29 43 176 0.675
29 44 224 0.762
29 45 219 0.797
29 46 244 0.847
29 47 270 0.783
29 48 400 0.861
30 1 567 0.704
30 2 444 0.671
30 3 411 0.703
30 4 401 0.558
30 5 393 0.328
30 6 395 0.549
30 7 346 0.756
30 8 297 0.765
30 9 303 0.869
30 10 279 0.786
30 11 287 0.847
30 12 309 0.85
30 13 295 0.758
30 14 295 0.781
30 15 281 0.707
30 16 256 0.711
30 17 271 0.722
30 18 224 0.714
30 19 227 0.758
30 20 206 0.81
30 21 230 0.827
30 22 209 0.862
30 23 229 0.893
30 24 254 0.718
30 25 230 0.499
30 26 226 0.76
30 27 268 0.763
30 28 226 0.628
30 29 251 0.847
30 30 259 0.82
30 31 237 0.658
30 32 250 0.777
30 33 212 0.756
30 34 218 0.742
30 35 176 0.589
30 36 194 0.692
30 37 224 0.771
30 38 270 0.83
30 39 266 0.791
30 40 221 0.827
30 41 251 0.571
30 42 226 0.713
30 43 258 0.823
30 44 269 0.821
30 45 225 0.842
30 46 244 0.815
30 47 289 0.866
30 48 610 0.814
31 1 652 0.701
31 2 539 0.598
31 3 536 0.417
31 4 413 0.512
31 5 440 0.626
31 6 456 0.669
31 7 389 0.832
31 8 394 0.647
31 9 375 0.62
31 10 370 0.714
31 11 328 0.799
31 12 366 0.675
31 13 406 0.779
31 14 392 0.746
31 15 358 0.794
31 16 361 0.806
31 17 339 0.812
31 18 346 0.837
31 19 348 0.882
31 20 340 0.784
31 21 290 0.765
31 22 305 0.767
31 23 285 0.798
31 24 297 0.831
31 25 245 0.796
31 26 286 0.685
31 27 293 0.72
31 28 300 0.876
31 29 302 0.816
31 30 266 0.739
31 31 265 0.817
31 32 278 0.848
31 33 259 0.851
31 34 289 0.815
31 35 293 0.841
31 36 273 0.751
31 37 236 0.728
31 38 261 0.782
31 39 232 0.768
31 40 263 0.823
31 41 253 0.674
31 42 242 0.84
31 43 279 0.845
31 44 313 0.745
31 45 321 0.8
31 46 322 0.85
31 47 355 0.749
31 48 539 0.841
32 1 739 0.869
32 2 650 0.764
32 3 650 0.621
32 4 566 0.625
32 5 660 0.628
32 6 551 0.565
32 7 517 0.506
32 8 530 0.672
32 9 518 0.656
32 10 565 0.533
32 11 507 0.683
32 12 483 0.738
32 13 588 0.626
32 14 59 0.92
32 15 575 0.79
32 16 499 0.719
32 17 370 0.725
32 18 465 0.795
32 19 459 0.789
32 20 314 0.82
32 21 449 0.772
32 22 371 0.702
32 23 482 0.857
32 24 298 0.849
32 25 367 0.807
32 26 286 0.902
32 27 411 0.771
32 28 431 0.779
32 29 311 0.902
32 30 403 0.778
32 31 389 0.732
32 32 406 0.742
32 33 410 0.776
32 34 389 0.62
32 35 352 0.721
32 36 389 0.758
32 37 383 0.778
32 38 411 0.641
32 39 441 0.724
32 40 431 0.832
32 41 420 0.79
32 42 456 0.795
32 43 502 0.802
32 44 465 0.733
32 45 515 0.783
32 46 569 0.8
32 47 583 0.886
32 48 402 0.852
