row  column  size-1  circ-1
1 1 533 0.699
1 2 578 0.74
1 3 533 0.618
1 4 482 0.766
1 5 511 0.823
1 6 385 0.787
1 7 371 0.771
1 8 423 0.824
1 9 407 0.809
1 10 369 0.85
1 11 389 0.855
1 12 404 0.856
1 13 400 0.784
1 14 417 0.847
1 15 411 0.789
1 16 385 0.808
1 17 358 0.85
1 18 390 0.871
1 19 325 0.804
1 20 372 0.8
1 21 377 0.818
1 22 369 0.814
1 23 355 0.85
1 24 343 0.827
1 25 331 0.833
1 26 335 0.849
1 27 354 0.764
1 28 334 0.832
1 29 328 0.691
1 30 319 0.828
1 31 295 0.797
1 32 280 0.9
1 33 302 0.851
1 34 274 0.897
1 35 297 0.874
1 36 324 0.867
1 37 333 0.83
1 38 331 0.806
1 39 328 0.799
1 40 429 0.836
1 41 315 0.736
1 42 338 0.74
1 43 402 0.794
1 44 406 0.853
1 45 399 0.81
1 46 414 0.846
1 47 434 0.793
1 48 459 0.832
2 1 403 0.875
2 2 520 0.759
2 3 0 0.0
2 4 35 0.834
2 5 442 0.76
2 6 384 0.852
2 7 298 0.825
2 8 318 0.806
2 9 356 0.82
2 10 325 0.797
2 11 0 0.0
2 12 214 0.842
2 13 332 0.68
2 14 310 0.874
2 15 0 0.0
2 16 287 0.809
2 17 42 0.744
2 18 39 0.858
2 19 0 0.0
2 20 34 0.941
2 21 276 0.848
2 22 267 0.656
2 23 0 0.0
2 24 251 0.895
2 25 203 0.913
2 26 227 0.9
2 27 141 0.81
2 28 149 0.874
2 29 230 0.776
2 30 235 0.829
2 31 188 0.755
2 32 217 0.836
2 33 213 0.733
2 34 256 0.761
2 35 204 0.889
2 36 194 0.813
2 37 213 0.838
2 38 196 0.749
2 39 236 0.741
2 40 240 0.888
2 41 237 0.75
2 42 243 0.891
2 43 262 0.752
2 44 260 0.892
2 45 33 0.913
2 46 33 0.965
2 47 329 0.814
2 48 445 0.83
3 1 513 0.851
3 2 420 0.83
3 3 411 0.81
3 4 404 0.808
3 5 317 0.857
3 6 317 0.834
3 7 343 0.855
3 8 299 0.745
3 9 247 0.782
3 10 264 0.739
3 11 293 0.847
3 12 253 0.766
3 13 251 0.794
3 14 251 0.854
3 15 249 0.616
3 16 259 0.848
3 17 235 0.815
3 18 252 0.763
3 19 236 0.682
3 20 238 0.753
3 21 248 0.86
3 22 196 0.901
3 23 180 0.754
3 24 197 0.851
3 25 170 0.818
3 26 189 0.663
3 27 159 0.724
3 28 219 0.766
3 29 221 0.895
3 30 187 0.783
3 31 207 0.849
3 32 184 0.745
3 33 207 0.821
3 34 191 0.745
3 35 177 0.922
3 36 196 0.854
3 37 205 0.848
3 38 185 0.862
3 39 160 0.77
3 40 181 0.742
3 41 197 0.859
3 42 203 0.825
3 43 221 0.887
3 44 238 0.863
3 45 255 0.868
3 46 291 0.737
3 47 300 0.792
3 48 401 0.695
4 1 493 0.759
4 2 395 0.741
4 3 373 0.757
4 4 354 0.798
4 5 333 0.844
4 6 260 0.781
4 7 278 0.839
4 8 255 0.858
4 9 280 0.818
4 10 308 0.712
4 11 286 0.57
4 12 238 0.826
4 13 228 0.708
4 14 230 0.837
4 15 215 0.889
4 16 223 0.761
4 17 202 0.781
4 18 217 0.79
4 19 196 0.804
4 20 216 0.832
4 21 222 0.855
4 22 213 0.781
4 23 208 0.871
4 24 200 0.827
4 25 197 0.906
4 26 203 0.933
4 27 199 0.816
4 28 208 0.702
4 29 192 0.787
4 30 217 0.829
4 31 29 -1.0
4 32 27 0.73
4 33 203 0.775
4 34 192 0.855
4 35 158 0.713
4 36 190 0.691
4 37 151 0.768
4 38 127 0.903
4 39 175 0.783
4 40 183 0.901
4 41 179 0.89
4 42 194 0.735
4 43 178 0.885
4 44 186 0.803
4 45 192 0.812
4 46 225 0.867
4 47 260 0.875
4 48 452 0.878
5 1 481 0.677
5 2 411 0.898
5 3 309 0.815
5 4 334 0.795
5 5 305 0.86
5 6 260 0.654
5 7 212 0.885
5 8 212 0.834
5 9 262 0.638
5 10 243 0.717
5 11 253 0.885
5 12 197 0.731
5 13 221 0.862
5 14 221 0.699
5 15 201 0.839
5 16 161 0.628
5 17 203 0.775
5 18 186 0.829
5 19 214 0.742
5 20 197 0.878
5 21 183 0.808
5 22 178 0.818
5 23 146 0.921
5 24 174 0.818
5 25 133 0.655
5 26 211 0.873
5 27 163 0.849
5 28 161 0.774
5 29 157 0.898
5 30 177 0.824
5 31 174 0.72
5 32 207 0.838
5 33 161 0.689
5 34 145 0.915
5 35 189 0.799
5 36 164 0.854
5 37 180 0.838
5 38 167 0.814
5 39 168 0.827
5 40 190 0.839
5 41 155 0.816
5 42 165 0.745
5 43 176 0.875
5 44 193 0.826
5 45 234 0.876
5 46 243 0.906
5 47 300 0.797
5 48 319 0.877
6 1 517 0.67
6 2 395 0.795
6 3 366 0.675
6 4 335 0.81
6 5 65 0.767
6 6 58 0.821
6 7 229 0.801
6 8 231 0.857
6 9 26 0.932
6 10 20 0.994
6 11 231 0.847
6 12 194 0.772
6 13 219 0.663
6 14 195 0.842
6 15 162 0.762
6 16 169 0.832
6 17 184 0.697
6 18 168 0.884
6 19 172 0.791
6 20 181 0.792
6 21 168 0.855
6 22 174 0.877
6 23 162 0.836
6 24 174 0.81
6 25 175 0.682
6 26 178 0.864
6 27 146 0.848
6 28 158 0.785
6 29 164 0.807
6 30 161 0.859
6 31 176 0.76
6 32 185 0.898
6 33 50 0.903
6 34 42 -1.0
6 35 141 0.858
6 36 150 0.809
6 37 24 -1.0
6 38 24 0.941
6 39 175 0.882
6 40 188 0.884
6 41 122 0.857
6 42 140 0.793
6 43 154 0.734
6 44 183 0.869
6 45 27 0.967
6 46 19 -1.0
6 47 304 0.789
6 48 337 0.84
7 1 453 0.61
7 2 377 0.794
7 3 307 0.731
7 4 317 0.831
7 5 229 0.758
7 6 240 0.604
7 7 223 0.717
7 8 265 0.788
7 9 200 0.864
7 10 211 0.699
7 11 207 0.704
7 12 206 0.906
7 13 236 0.902
7 14 203 0.798
7 15 199 0.799
7 16 191 0.862
7 17 186 0.875
7 18 173 0.832
7 19 173 0.771
7 20 152 0.803
7 21 156 0.925
7 22 148 0.9
7 23 188 0.892
7 24 184 0.857
7 25 125 0.814
7 26 147 0.881
7 27 172 0.783
7 28 115 0.891
7 29 147 0.885
7 30 140 0.801
7 31 129 0.797
7 32 98 0.851
7 33 179 0.842
7 34 171 0.834
7 35 87 0.912
7 36 115 0.808
7 37 167 0.778
7 38 182 0.848
7 39 150 0.841
7 40 130 0.842
7 41 180 0.846
7 42 168 0.783
7 43 171 0.745
7 44 187 0.825
7 45 202 0.908
7 46 250 0.851
7 47 293 0.686
7 48 373 0.841
8 1 553 0.733
8 2 337 0.782
8 3 356 0.826
8 4 301 0.902
8 5 300 0.773
8 6 284 0.737
8 7 210 0.819
8 8 215 0.706
8 9 130 0.803
8 10 207 0.814
8 11 162 0.824
8 12 203 0.801
8 13 162 0.904
8 14 181 0.891
8 15 159 0.758
8 16 177 0.732
8 17 170 0.845
8 18 168 0.875
8 19 162 0.816
8 20 164 0.764
8 21 150 0.936
8 22 166 0.845
8 23 159 0.809
8 24 157 0.826
8 25 144 0.854
8 26 164 0.789
8 27 126 0.886
8 28 165 0.839
8 29 123 0.759
8 30 153 0.854
8 31 168 0.748
8 32 133 0.821
8 33 188 0.845
8 34 145 0.755
8 35 163 0.879
8 36 146 0.856
8 37 162 0.808
8 38 133 0.812
8 39 151 0.895
8 40 179 0.815
8 41 139 0.854
8 42 150 0.903
8 43 170 0.886
8 44 206 0.871
8 45 208 0.772
8 46 231 0.865
8 47 266 0.732
8 48 381 0.851
9 1 453 0.785
9 2 361 0.851
9 3 400 0.707
9 4 313 0.788
9 5 264 0.721
9 6 281 0.786
9 7 298 0.633
9 8 232 0.754
9 9 236 0.812
9 10 230 0.854
9 11 258 0.688
9 12 174 0.894
9 13 201 0.746
9 14 172 0.896
9 15 203 0.833
9 16 197 0.784
9 17 171 0.87
9 18 161 0.687
9 19 176 0.875
9 20 169 0.73
9 21 172 0.827
9 22 151 0.886
9 23 167 0.932
9 24 147 0.832
9 25 130 0.875
9 26 180 0.846
9 27 138 0.884
9 28 138 0.861
9 29 150 0.912
9 30 160 0.745
9 31 114 0.932
9 32 117 0.88
9 33 147 0.862
9 34 149 0.874
9 35 167 0.909
9 36 128 0.79
9 37 182 0.796
9 38 126 0.896
9 39 159 0.812
9 40 170 0.837
9 41 170 0.837
9 42 156 0.892
9 43 152 0.792
9 44 161 0.8
9 45 187 0.852
9 46 219 0.751
9 47 278 0.901
9 48 295 0.792
10 1 423 0.803
10 2 387 0.786
10 3 167 0.456
10 4 155 0.781
10 5 63 0.755
10 6 34 0.994
10 7 200 0.845
10 8 181 0.851
10 9 43 0.974
10 10 68 0.803
10 11 235 0.815
10 12 201 0.8
10 13 0 0.0
10 14 0 0.0
10 15 192 0.822
10 16 162 0.816
10 17 142 0.824
10 18 153 0.907
10 19 150 0.781
10 20 157 0.867
10 21 144 0.836
10 22 135 0.772
10 23 150 0.88
10 24 160 0.825
10 25 159 0.857
10 26 150 0.82
10 27 155 0.77
10 28 101 0.782
10 29 136 0.84
10 30 150 0.8
10 31 146 0.911
10 32 166 0.895
10 33 139 0.795
10 34 120 0.821
10 35 115 0.901
10 36 105 0.912
10 37 89 0.902
10 38 95 0.8
10 39 174 0.735
10 40 172 0.884
10 41 150 0.858
10 42 157 0.783
10 43 168 0.843
10 44 187 0.767
10 45 16 -1.0
10 46 17 -1.0
10 47 221 0.804
10 48 374 0.862
11 1 431 0.737
11 2 309 0.506
11 3 307 0.818
11 4 291 0.76
11 5 292 0.853
11 6 223 0.635
11 7 218 0.85
11 8 225 0.825
11 9 219 0.766
11 10 204 0.748
11 11 201 0.768
11 12 214 0.842
11 13 183 0.815
11 14 194 0.864
11 15 173 0.501
11 16 165 0.868
11 17 186 0.839
11 18 172 0.827
11 19 149 0.638
11 20 163 0.841
11 21 143 0.851
11 22 151 0.826
11 23 130 0.914
11 24 115 0.901
11 25 164 0.863
11 26 163 0.841
11 27 87 0.882
11 28 101 0.782
11 29 150 0.793
11 30 147 0.862
11 31 104 0.915
11 32 98 0.878
11 33 175 0.834
11 34 159 0.857
11 35 157 0.791
11 36 131 0.862
11 37 164 0.834
11 38 163 0.777
11 39 131 0.906
11 40 0 0.0
11 41 149 0.897
11 42 152 0.811
11 43 161 0.839
11 44 176 0.847
11 45 200 0.803
11 46 225 0.893
11 47 262 0.754
11 48 314 0.855
12 1 445 0.581
12 2 388 0.812
12 3 318 0.762
12 4 313 0.852
12 5 262 0.752
12 6 203 0.798
12 7 218 0.833
12 8 214 0.885
12 9 186 0.717
12 10 212 0.851
12 11 237 0.736
12 12 196 0.804
12 13 204 0.789
12 14 202 0.861
12 15 183 0.86
12 16 178 0.829
12 17 135 0.843
12 18 142 0.677
12 19 175 0.797
12 20 169 0.813
12 21 160 0.854
12 22 118 0.888
12 23 171 0.85
12 24 156 0.786
12 25 170 0.703
12 26 174 0.907
12 27 143 0.86
12 28 165 0.82
12 29 154 0.872
12 30 191 0.663
12 31 170 0.865
12 32 132 0.583
12 33 115 0.841
12 34 125 0.855
12 35 150 0.731
12 36 153 0.816
12 37 160 0.893
12 38 167 0.778
12 39 133 0.812
12 40 168 0.875
12 41 158 0.913
12 42 174 0.72
12 43 30 0.793
12 44 29 0.877
12 45 191 0.832
12 46 224 0.696
12 47 233 0.673
12 48 340 0.839
13 1 430 0.843
13 2 323 0.744
13 3 259 0.865
13 4 248 0.844
13 5 266 0.82
13 6 220 0.83
13 7 226 0.881
13 8 214 0.817
13 9 149 0.694
13 10 206 0.787
13 11 216 0.849
13 12 211 0.686
13 13 184 0.846
13 14 204 0.862
13 15 180 0.668
13 16 102 0.859
13 17 157 0.876
13 18 166 0.853
13 19 183 0.671
13 20 175 0.85
13 21 165 0.794
13 22 112 0.853
13 23 178 0.803
13 24 175 0.766
13 25 166 0.798
13 26 159 0.817
13 27 171 0.882
13 28 166 0.895
13 29 166 0.895
13 30 178 0.8
13 31 174 0.792
13 32 169 0.911
13 33 167 0.891
13 34 148 0.746
13 35 163 0.887
13 36 170 0.837
13 37 160 0.78
13 38 159 0.809
13 39 165 0.851
13 40 147 0.885
13 41 132 0.846
13 42 163 0.849
13 43 187 0.908
13 44 185 0.89
13 45 179 0.881
13 46 187 0.871
13 47 229 0.857
13 48 330 0.773
14 1 388 0.783
14 2 316 0.769
14 3 175 0.727
14 4 197 0.484
14 5 272 0.845
14 6 257 0.792
14 7 178 0.793
14 8 181 0.824
14 9 205 0.799
14 10 0 0.0
14 11 192 0.883
14 12 169 0.813
14 13 50 0.919
14 14 37 0.798
14 15 194 0.75
14 16 157 0.858
14 17 176 0.875
14 18 172 0.769
14 19 182 0.803
14 20 189 0.827
14 21 195 0.858
14 22 0 0.0
14 23 166 0.836
14 24 175 0.749
14 25 41 0.91
14 26 47 0.966
14 27 175 0.797
14 28 135 0.812
14 29 121 0.91
14 30 154 0.859
14 31 0 0.0
14 32 0 0.0
14 33 47 0.904
14 34 43 0.43
14 35 115 0.865
14 36 117 0.891
14 37 173 0.832
14 38 130 0.875
14 39 144 0.933
14 40 189 0.869
14 41 152 0.873
14 42 128 0.91
14 43 167 0.879
14 44 203 0.933
14 45 32 0.991
14 46 34 0.919
14 47 222 0.632
14 48 335 0.857
15 1 416 0.675
15 2 337 0.772
15 3 323 0.794
15 4 275 0.824
15 5 247 0.767
15 6 224 0.808
15 7 206 0.82
15 8 196 0.764
15 9 192 0.804
15 10 217 0.853
15 11 151 0.855
15 12 229 0.788
15 13 186 0.811
15 14 177 0.764
15 15 136 0.905
15 16 196 0.821
15 17 164 0.854
15 18 152 0.784
15 19 182 0.762
15 20 158 0.852
15 21 140 0.638
15 22 182 0.793
15 23 142 0.776
15 24 163 0.752
15 25 157 0.829
15 26 159 0.91
15 27 142 0.821
15 28 149 0.803
15 29 161 0.847
15 30 159 0.775
15 31 96 0.86
15 32 102 0.886
15 33 160 0.842
15 34 146 0.806
15 35 116 0.815
15 36 134 0.882
15 37 144 0.709
15 38 156 0.768
15 39 169 0.813
15 40 85 0.935
15 41 161 0.75
15 42 116 0.848
15 43 149 0.84
15 44 170 0.799
15 45 189 0.872
15 46 163 0.821
15 47 198 0.687
15 48 350 0.619
16 1 405 0.755
16 2 341 0.688
16 3 310 0.743
16 4 267 0.734
16 5 220 0.865
16 6 223 0.862
16 7 219 0.725
16 8 221 0.869
16 9 211 0.873
16 10 188 0.83
16 11 12 0.851
16 12 23 0.992
16 13 210 0.672
16 14 178 0.752
16 15 156 0.832
16 16 176 0.82
16 17 187 0.899
16 18 171 0.645
16 19 177 0.909
16 20 179 0.853
16 21 177 0.851
16 22 171 0.823
16 23 144 0.854
16 24 110 0.915
16 25 191 0.8
16 26 163 0.769
16 27 30 0.877
16 28 34 0.941
16 29 182 0.786
16 30 169 0.832
16 31 172 0.855
16 32 158 0.831
16 33 129 0.757
16 34 134 0.698
16 35 162 0.816
16 36 155 0.878
16 37 168 0.855
16 38 143 0.745
16 39 162 0.808
16 40 151 0.877
16 41 149 0.823
16 42 170 0.774
16 43 112 0.745
16 44 146 0.879
16 45 182 0.779
16 46 199 0.799
16 47 225 0.774
16 48 348 0.867
17 1 359 0.854
17 2 340 0.842
17 3 294 0.803
17 4 232 0.783
17 5 258 0.727
17 6 244 0.895
17 7 235 0.822
17 8 227 0.819
17 9 84 0.729
17 10 109 0.754
17 11 212 0.862
17 12 200 0.88
17 13 189 0.768
17 14 151 0.771
17 15 151 0.918
17 16 148 0.877
17 17 163 0.766
17 18 183 0.833
17 19 152 0.934
17 20 177 0.892
17 21 181 0.9
17 22 157 0.898
17 23 139 0.925
17 24 166 0.825
17 25 169 0.824
17 26 136 0.789
17 27 166 0.845
17 28 183 0.88
17 29 153 0.875
17 30 143 0.771
17 31 120 0.888
17 32 158 0.873
17 33 160 0.915
17 34 150 0.88
17 35 145 0.755
17 36 137 0.768
17 37 128 0.7
17 38 150 0.756
17 39 157 0.885
17 40 151 0.877
17 41 157 0.898
17 42 151 0.843
17 43 136 0.93
17 44 152 0.892
17 45 185 0.87
17 46 182 0.71
17 47 203 0.667
17 48 311 0.841
18 1 407 0.809
18 2 350 0.812
18 3 0 0.0
18 4 294 0.859
18 5 40 0.953
18 6 55 0.91
18 7 22 0.723
18 8 0 0.0
18 9 212 0.787
18 10 203 0.815
18 11 0 0.0
18 12 219 0.837
18 13 160 0.939
18 14 132 0.803
18 15 0 0.0
18 16 156 0.832
18 17 139 0.868
18 18 157 0.846
18 19 166 0.773
18 20 188 0.856
18 21 12 0.967
18 22 47 0.848
18 23 112 0.915
18 24 89 0.979
18 25 31 0.96
18 26 56 0.985
18 27 179 0.826
18 28 174 0.723
18 29 37 0.948
18 30 41 0.976
18 31 127 0.845
18 32 138 0.852
18 33 44 0.949
18 34 50 0.988
18 35 157 0.838
18 36 141 0.771
18 37 36 0.974
18 38 28 -1.0
18 39 160 0.825
18 40 152 0.84
18 41 21 0.943
18 42 34 0.871
18 43 157 0.867
18 44 163 0.802
18 45 166 0.836
18 46 183 0.833
18 47 228 0.649
18 48 246 0.821
19 1 390 0.647
19 2 289 0.763
19 3 310 0.721
19 4 280 0.9
19 5 248 0.719
19 6 245 0.742
19 7 206 0.918
19 8 249 0.857
19 9 213 0.863
19 10 200 0.813
19 11 200 0.845
19 12 205 0.866
19 13 188 0.812
19 14 158 0.815
19 15 177 0.901
19 16 184 0.865
19 17 174 0.865
19 18 179 0.861
19 19 166 0.798
19 20 137 0.855
19 21 187 0.833
19 22 170 0.873
19 23 168 0.808
19 24 162 0.886
19 25 172 0.847
19 26 156 0.832
19 27 131 0.818
19 28 150 0.621
19 29 154 0.734
19 30 170 0.818
19 31 145 0.748
19 32 152 0.84
19 33 178 0.786
19 34 169 0.851
19 35 98 0.815
19 36 132 0.913
19 37 141 0.807
19 38 149 0.815
19 39 107 0.805
19 40 114 0.801
19 41 141 0.928
19 42 149 0.844
19 43 141 0.807
19 44 148 0.9
19 45 162 0.873
19 46 197 0.815
19 47 196 0.68
19 48 440 0.553
20 1 362 0.791
20 2 338 0.837
20 3 287 0.853
20 4 286 0.692
20 5 258 0.861
20 6 232 0.805
20 7 198 0.855
20 8 194 0.72
20 9 249 0.847
20 10 188 0.83
20 11 20 0.994
20 12 32 0.936
20 13 174 0.885
20 14 179 0.834
20 15 145 0.829
20 16 174 0.818
20 17 199 0.816
20 18 170 0.642
20 19 150 0.858
20 20 151 0.768
20 21 0 0.0
20 22 0 0.0
20 23 173 0.703
20 24 176 0.827
20 25 186 0.526
20 26 156 0.531
20 27 57 0.853
20 28 46 0.902
20 29 46 0.492
20 30 143 0.782
20 31 179 0.823
20 32 155 0.789
20 33 167 0.83
20 34 143 0.745
20 35 161 0.75
20 36 134 0.859
20 37 140 0.737
20 38 146 0.761
20 39 128 0.885
20 40 156 0.862
20 41 129 0.882
20 42 129 0.902
20 43 127 0.814
20 44 140 0.658
20 45 156 0.794
20 46 178 0.864
20 47 167 0.858
20 48 748 0.904
21 1 384 0.708
21 2 322 0.821
21 3 303 0.821
21 4 268 0.769
21 5 267 0.729
21 6 238 0.561
21 7 200 0.81
21 8 209 0.805
21 9 224 0.838
21 10 182 0.896
21 11 201 0.755
21 12 179 0.861
21 13 176 0.875
21 14 166 0.825
21 15 140 0.864
21 16 134 0.892
21 17 140 0.842
21 18 143 0.851
21 19 141 0.827
21 20 171 0.842
21 21 184 0.865
21 22 151 0.895
21 23 154 0.784
21 24 170 0.818
21 25 206 0.878
21 26 139 0.787
21 27 164 0.846
21 28 171 0.879
21 29 146 0.897
21 30 185 0.775
21 31 146 0.743
21 32 158 0.873
21 33 145 0.851
21 34 144 0.867
21 35 144 0.876
21 36 140 0.874
21 37 121 0.805
21 38 176 0.887
21 39 140 0.793
21 40 151 0.864
21 41 106 0.866
21 42 114 0.904
21 43 164 0.854
21 44 140 0.629
21 45 171 0.87
21 46 198 0.863
21 47 220 0.8
21 48 305 0.564
22 1 418 0.72
22 2 375 0.701
22 3 304 0.681
22 4 259 0.811
22 5 49 0.831
22 6 53 0.877
22 7 212 0.721
22 8 216 0.913
22 9 41 0.928
22 10 36 0.815
22 11 171 0.823
22 12 180 0.846
22 13 187 0.879
22 14 147 0.832
22 15 170 0.939
22 16 179 0.466
22 17 139 0.742
22 18 164 0.906
22 19 170 0.853
22 20 164 0.807
22 21 163 0.858
22 22 151 0.864
22 23 63 0.892
22 24 70 0.826
22 25 48 0.924
22 26 44 0.996
22 27 169 0.805
22 28 187 0.871
22 29 105 0.837
22 30 148 0.914
22 31 138 0.852
22 32 145 0.763
22 33 144 0.876
22 34 156 0.761
22 35 159 0.801
22 36 163 0.879
22 37 140 0.842
22 38 136 0.849
22 39 116 0.873
22 40 145 0.895
22 41 16 0.795
22 42 34 0.899
22 43 142 0.896
22 44 158 0.843
22 45 184 0.83
22 46 177 0.832
22 47 224 0.822
22 48 299 0.723
23 1 398 0.717
23 2 363 0.795
23 3 323 0.728
23 4 297 0.702
23 5 257 0.683
23 6 228 0.83
23 7 178 0.786
23 8 159 0.82
23 9 197 0.66
23 10 209 0.839
23 11 150 0.705
23 12 193 0.791
23 13 168 0.808
23 14 174 0.829
23 15 190 0.885
23 16 167 0.83
23 17 179 0.773
23 18 189 0.834
23 19 153 0.763
23 20 186 0.847
23 21 186 0.818
23 22 169 0.84
23 23 175 0.842
23 24 195 0.877
23 25 184 0.894
23 26 189 0.842
23 27 159 0.837
23 28 145 0.821
23 29 160 0.67
23 30 152 0.84
23 31 111 0.86
23 32 164 0.781
23 33 147 0.812
23 34 143 0.893
23 35 117 0.856
23 36 160 0.871
23 37 140 0.864
23 38 134 0.892
23 39 152 0.84
23 40 96 0.775
23 41 155 0.887
23 42 171 0.815
23 43 142 0.886
23 44 175 0.842
23 45 207 0.791
23 46 192 0.855
23 47 241 0.853
23 48 331 0.73
24 1 427 0.642
24 2 353 0.629
24 3 323 0.691
24 4 264 0.827
24 5 254 0.81
24 6 235 0.895
24 7 261 0.848
24 8 204 0.773
24 9 210 0.843
24 10 183 0.844
24 11 178 0.762
24 12 177 0.814
24 13 186 0.875
24 14 208 0.788
24 15 159 0.817
24 16 177 0.909
24 17 171 0.804
24 18 150 0.793
24 19 177 0.931
24 20 198 0.781
24 21 28 0.621
24 22 28 0.8
24 23 150 0.738
24 24 154 0.842
24 25 200 0.883
24 26 179 0.898
24 27 55 0.858
24 28 48 0.707
24 29 163 0.636
24 30 164 0.863
24 31 159 0.869
24 32 181 0.871
24 33 125 0.683
24 34 135 0.812
24 35 146 0.743
24 36 98 0.708
24 37 137 0.868
24 38 151 0.942
24 39 110 0.795
24 40 123 0.864
24 41 175 0.823
24 42 150 0.628
24 43 127 0.845
24 44 118 0.777
24 45 165 0.86
24 46 205 0.856
24 47 247 0.864
24 48 363 0.664
25 1 418 0.743
25 2 349 0.71
25 3 351 0.674
25 4 303 0.705
25 5 264 0.733
25 6 243 0.781
25 7 235 0.55
25 8 224 0.829
25 9 192 0.771
25 10 182 0.811
25 11 192 0.848
25 12 201 0.824
25 13 187 0.908
25 14 199 0.799
25 15 152 0.773
25 16 160 0.834
25 17 165 0.944
25 18 172 0.783
25 19 146 0.815
25 20 180 0.805
25 21 183 0.88
25 22 191 0.91
25 23 158 0.682
25 24 180 0.886
25 25 212 0.888
25 26 159 0.878
25 27 153 0.866
25 28 174 0.848
25 29 147 0.678
25 30 153 0.789
25 31 160 0.697
25 32 166 0.853
25 33 151 0.697
25 34 181 0.891
25 35 137 0.846
25 36 160 0.854
25 37 144 0.923
25 38 146 0.879
25 39 148 0.859
25 40 160 0.915
25 41 170 0.886
25 42 207 0.856
25 43 131 0.685
25 44 179 0.757
25 45 177 0.86
25 46 184 0.906
25 47 270 0.877
25 48 394 0.866
26 1 405 0.73
26 2 370 0.796
26 3 258 0.581
26 4 243 0.67
26 5 36 0.776
26 6 45 0.866
26 7 161 0.774
26 8 153 0.805
26 9 205 0.799
26 10 203 0.877
26 11 184 0.865
26 12 180 0.777
26 13 165 0.812
26 14 199 0.809
26 15 178 0.848
26 16 175 0.823
26 17 157 0.858
26 18 188 0.892
26 19 169 0.84
26 20 170 0.865
26 21 159 0.887
26 22 165 0.752
26 23 186 0.839
26 24 190 0.741
26 25 40 0.906
26 26 28 -1.0
26 27 158 0.913
26 28 152 0.861
26 29 158 0.843
26 30 160 0.915
26 31 171 0.789
26 32 138 0.719
26 33 29 0.977
26 34 23 0.938
26 35 149 0.93
26 36 144 0.795
26 37 153 0.816
26 38 139 0.925
26 39 124 0.766
26 40 139 0.881
26 41 34 0.871
26 42 22 0.922
26 43 169 0.832
26 44 173 0.86
26 45 174 0.751
26 46 195 0.79
26 47 234 0.775
26 48 332 0.656
27 1 461 0.673
27 2 346 0.785
27 3 359 0.724
27 4 272 0.59
27 5 281 0.717
27 6 210 0.77
27 7 207 0.59
27 8 218 0.883
27 9 188 0.884
27 10 205 0.848
27 11 181 0.785
27 12 204 0.702
27 13 184 0.82
27 14 180 0.846
27 15 188 0.704
27 16 150 0.748
27 17 188 0.724
27 18 191 0.793
27 19 170 0.818
27 20 164 0.893
27 21 145 0.873
27 22 173 0.852
27 23 172 0.801
27 24 166 0.788
27 25 180 0.738
27 26 186 0.772
27 27 178 0.885
27 28 180 0.831
27 29 141 0.752
27 30 155 0.856
27 31 138 0.801
27 32 143 0.839
27 33 164 0.815
27 34 156 0.786
27 35 135 0.865
27 36 142 0.864
27 37 159 0.828
27 38 136 0.881
27 39 158 0.86
27 40 155 0.865
27 41 162 0.873
27 42 160 0.834
27 43 173 0.832
27 44 157 0.672
27 45 186 0.903
27 46 229 0.788
27 47 236 0.689
27 48 404 0.743
28 1 498 0.705
28 2 403 0.756
28 3 347 0.787
28 4 321 0.787
28 5 232 0.734
28 6 277 0.664
28 7 253 0.835
28 8 236 0.797
28 9 207 0.807
28 10 194 0.867
28 11 201 0.876
28 12 214 0.817
28 13 215 0.798
28 14 187 0.626
28 15 230 0.837
28 16 174 0.751
28 17 191 0.668
28 18 169 0.787
28 19 191 0.745
28 20 183 0.88
28 21 248 0.867
28 22 202 0.781
28 23 162 0.709
28 24 181 0.782
28 25 157 0.867
28 26 213 0.855
28 27 12 0.967
28 28 30 0.793
28 29 195 0.896
28 30 163 0.821
28 31 193 0.852
28 32 187 0.852
28 33 145 0.731
28 34 152 0.869
28 35 170 0.845
28 36 127 0.701
28 37 197 0.825
28 38 160 0.948
28 39 164 0.789
28 40 160 0.834
28 41 127 0.903
28 42 118 0.807
28 43 174 0.885
28 44 196 0.893
28 45 211 0.884
28 46 195 0.79
28 47 270 0.824
28 48 404 0.769
29 1 587 0.62
29 2 359 0.652
29 3 323 0.799
29 4 327 0.823
29 5 312 0.551
29 6 294 0.663
29 7 223 0.821
29 8 231 0.765
29 9 217 0.822
29 10 241 0.877
29 11 181 0.824
29 12 233 0.732
29 13 254 0.761
29 14 221 0.641
29 15 190 0.803
29 16 195 0.754
29 17 197 0.762
29 18 207 0.699
29 19 176 0.794
29 20 224 0.643
29 21 235 0.75
29 22 224 0.722
29 23 201 0.697
29 24 184 0.812
29 25 225 0.812
29 26 219 0.797
29 27 202 0.839
29 28 196 0.865
29 29 180 0.874
29 30 183 0.798
29 31 207 0.831
29 32 178 0.769
29 33 190 0.796
29 34 174 0.848
29 35 164 0.843
29 36 184 0.865
29 37 200 0.708
29 38 199 0.944
29 39 178 0.856
29 40 178 0.876
29 41 175 0.78
29 42 189 0.702
29 43 182 0.786
29 44 177 0.781
29 45 165 0.839
29 46 179 0.861
29 47 292 0.789
29 48 431 0.793
30 1 97 0.751
30 2 86 0.588
30 3 426 0.661
30 4 372 0.69
30 5 70 0.839
30 6 74 0.802
30 7 262 0.741
30 8 249 0.74
30 9 292 0.868
30 10 0 0.0
30 11 243 0.784
30 12 263 0.706
30 13 83 0.913
30 14 65 0.899
30 15 241 0.501
30 16 236 0.803
30 17 209 0.847
30 18 218 0.875
30 19 223 0.859
30 20 211 0.799
30 21 234 0.57
30 22 0 0.0
30 23 81 0.861
30 24 122 0.684
30 25 32 0.936
30 26 36 0.923
30 27 196 0.828
30 28 225 0.842
30 29 145 0.821
30 30 120 0.853
30 31 215 0.732
30 32 198 0.882
30 33 27 0.887
30 34 22 0.988
30 35 205 0.893
30 36 200 0.845
30 37 12 -1.0
30 38 0 0.0
30 39 198 0.863
30 40 225 0.842
30 41 0 0.0
30 42 0 0.0
30 43 217 0.887
30 44 235 0.772
30 45 206 0.845
30 46 244 0.744
30 47 291 0.781
30 48 510 0.844
31 1 612 0.708
31 2 371 0.652
31 3 474 0.517
31 4 362 0.715
31 5 359 0.67
31 6 347 0.653
31 7 324 0.802
31 8 309 0.742
31 9 307 0.804
31 10 302 0.831
31 11 318 0.806
31 12 362 0.808
31 13 295 0.853
31 14 260 0.767
31 15 280 0.778
31 16 235 0.597
31 17 279 0.795
31 18 244 0.863
31 19 257 0.751
31 20 239 0.785
31 21 257 0.917
31 22 250 0.757
31 23 209 0.767
31 24 272 0.901
31 25 312 0.852
31 26 285 0.847
31 27 276 0.897
31 28 271 0.881
31 29 288 0.885
31 30 243 0.874
31 31 227 0.857
31 32 246 0.815
31 33 263 0.855
31 34 259 0.679
31 35 259 0.784
31 36 229 0.817
31 37 238 0.856
31 38 236 0.835
31 39 242 0.766
31 40 232 0.798
31 41 214 0.842
31 42 253 0.822
31 43 253 0.854
31 44 270 0.809
31 45 264 0.811
31 46 270 0.845
31 47 403 0.761
31 48 343 0.778
32 1 581 0.456
32 2 622 0.654
32 3 663 0.793
32 4 527 0.637
32 5 469 0.578
32 6 469 0.594
32 7 480 0.473
32 8 479 0.636
32 9 407 0.725
32 10 432 0.582
32 11 308 0.705
32 12 447 0.72
32 13 426 0.742
32 14 379 0.727
32 15 379 0.772
32 16 334 0.736
32 17 300 0.805
32 18 603 0.882
32 19 259 0.899
32 20 382 0.738
32 21 374 0.81
32 22 377 0.73
32 23 296 0.822
32 24 381 0.838
32 25 363 0.733
32 26 353 0.854
32 27 46 0.885
32 28 50 0.767
32 29 421 0.792
32 30 363 0.811
32 31 398 0.875
32 32 381 0.785
32 33 370 0.892
32 34 277 0.877
32 35 372 0.849
32 36 350 0.852
32 37 354 0.848
32 38 355 0.826
32 39 312 0.79
32 40 336 0.818
32 41 279 0.873
32 42 355 0.831
32 43 395 0.802
32 44 412 0.695
32 45 353 0.827
32 46 388 0.892
32 47 378 0.796
32 48 487 0.672
