row  column  size-1  circ-1
1 1 546 0.739
1 2 548 0.722
1 3 489 0.591
1 4 553 0.602
1 5 458 0.758
1 6 356 0.808
1 7 388 0.853
1 8 407 0.802
1 9 459 0.856
1 10 356 0.831
1 11 444 0.721
1 12 432 0.759
1 13 429 0.821
1 14 391 0.816
1 15 306 0.757
1 16 164 0.653
1 17 446 0.793
1 18 334 0.819
1 19 201 0.74
1 20 242 0.84
1 21 353 0.819
1 22 378 0.791
1 23 299 0.852
1 24 260 0.793
1 25 312 0.879
1 26 308 0.884
1 27 368 0.876
1 28 318 0.903
1 29 333 0.83
1 30 377 0.734
1 31 275 0.884
1 32 303 0.757
1 33 340 0.766
1 34 308 0.853
1 35 303 0.876
1 36 274 0.842
1 37 287 0.838
1 38 315 0.881
1 39 339 0.839
1 40 330 0.798
1 41 203 0.885
1 42 196 0.893
1 43 405 0.879
1 44 402 0.846
1 45 277 0.749
1 46 274 0.842
1 47 394 0.75
1 48 537 0.886
2 1 379 0.823
2 2 445 0.662
2 3 468 0.62
2 4 388 0.432
2 5 350 0.794
2 6 317 0.513
2 7 287 0.823
2 8 301 0.805
2 9 270 0.824
2 10 272 0.852
2 11 213 0.747
2 12 257 0.745
2 13 250 0.804
2 14 296 0.789
2 15 286 0.747
2 16 294 0.835
2 17 287 0.717
2 18 243 0.867
2 19 253 0.686
2 20 242 0.817
2 21 268 0.686
2 22 247 0.834
2 23 227 0.81
2 24 219 0.82
2 25 206 0.898
2 26 222 0.891
2 27 220 0.823
2 28 215 0.838
2 29 184 0.717
2 30 207 0.753
2 31 205 0.671
2 32 194 0.88
2 33 200 0.742
2 34 193 0.887
2 35 188 0.755
2 36 190 0.885
2 37 171 0.9
2 38 197 0.843
2 39 187 0.852
2 40 186 0.895
2 41 206 0.918
2 42 249 0.8
2 43 218 0.833
2 44 215 0.856
2 45 283 0.87
2 46 303 0.891
2 47 344 0.793
2 48 455 0.82
3 1 473 0.744
3 2 368 0.777
3 3 428 0.677
3 4 345 0.696
3 5 290 0.662
3 6 283 0.806
3 7 273 0.83
3 8 247 0.782
3 9 242 0.84
3 10 246 0.806
3 11 238 0.794
3 12 211 0.699
3 13 207 0.894
3 14 251 0.735
3 15 94 0.88
3 16 88 0.851
3 17 227 0.819
3 18 208 0.835
3 19 205 0.816
3 20 210 0.729
3 21 197 0.768
3 22 194 0.864
3 23 187 0.714
3 24 171 0.815
3 25 176 0.809
3 26 193 0.775
3 27 185 0.832
3 28 171 0.823
3 29 143 0.798
3 30 191 0.645
3 31 166 0.836
3 32 159 0.869
3 33 170 0.894
3 34 176 0.82
3 35 165 0.823
3 36 165 0.82
3 37 181 0.775
3 38 185 0.878
3 39 174 0.792
3 40 163 0.821
3 41 186 0.883
3 42 167 0.822
3 43 184 0.865
3 44 191 0.818
3 45 194 0.884
3 46 229 0.875
3 47 271 0.922
3 48 300 0.833
4 1 488 0.659
4 2 357 0.768
4 3 417 0.528
4 4 226 0.775
4 5 261 0.802
4 6 231 0.855
4 7 242 0.752
4 8 239 0.87
4 9 227 0.746
4 10 216 0.735
4 11 198 0.863
4 12 204 0.837
4 13 130 0.879
4 14 177 0.781
4 15 199 0.664
4 16 199 0.704
4 17 167 0.909
4 18 140 0.842
4 19 159 0.772
4 20 172 0.809
4 21 194 0.756
4 22 176 0.917
4 23 144 0.787
4 24 136 0.818
4 25 166 0.78
4 26 138 0.884
4 27 171 0.879
4 28 158 0.895
4 29 165 0.839
4 30 123 0.889
4 31 156 0.87
4 32 153 0.897
4 33 160 0.906
4 34 165 0.911
4 35 121 0.818
4 36 139 0.707
4 37 138 0.861
4 38 135 0.934
4 39 128 0.82
4 40 133 0.821
4 41 161 0.88
4 42 156 0.841
4 43 148 0.859
4 44 155 0.896
4 45 174 0.903
4 46 211 0.892
4 47 94 0.869
4 48 297 0.831
5 1 427 0.837
5 2 346 0.713
5 3 387 0.46
5 4 235 0.711
5 5 221 0.827
5 6 229 0.794
5 7 200 0.899
5 8 203 0.893
5 9 197 0.775
5 10 195 0.8
5 11 190 0.686
5 12 176 0.827
5 13 191 0.783
5 14 190 0.821
5 15 118 0.849
5 16 108 0.781
5 17 180 0.903
5 18 176 0.875
5 19 125 0.864
5 20 130 0.856
5 21 176 0.82
5 22 169 0.933
5 23 183 0.815
5 24 139 0.815
5 25 156 0.786
5 26 148 0.9
5 27 150 0.912
5 28 152 0.882
5 29 158 0.831
5 30 164 0.915
5 31 147 0.871
5 32 146 0.818
5 33 138 0.918
5 34 136 0.862
5 35 141 0.819
5 36 131 0.872
5 37 146 0.856
5 38 122 0.892
5 39 122 0.918
5 40 173 0.605
5 41 83 0.767
5 42 101 0.851
5 43 161 0.912
5 44 147 0.904
5 45 185 0.799
5 46 145 0.905
5 47 239 0.862
5 48 351 0.82
6 1 416 0.741
6 2 309 0.827
6 3 346 0.595
6 4 252 0.841
6 5 204 0.897
6 6 230 0.854
6 7 199 0.659
6 8 205 0.698
6 9 210 0.773
6 10 212 0.762
6 11 191 0.825
6 12 204 0.795
6 13 155 0.789
6 14 196 0.901
6 15 183 0.826
6 16 172 0.723
6 17 171 0.842
6 18 149 0.92
6 19 185 0.881
6 20 172 0.905
6 21 157 0.898
6 22 148 0.763
6 23 193 0.816
6 24 190 0.846
6 25 143 0.87
6 26 151 0.886
6 27 140 0.765
6 28 142 0.886
6 29 149 0.852
6 30 155 0.919
6 31 148 0.948
6 32 143 0.902
6 33 135 0.923
6 34 151 0.855
6 35 140 0.883
6 36 130 0.899
6 37 143 0.893
6 38 142 0.833
6 39 142 0.896
6 40 156 0.862
6 41 127 0.903
6 42 127 0.868
6 43 165 0.944
6 44 152 0.924
6 45 149 0.883
6 46 191 0.851
6 47 249 0.888
6 48 353 0.808
7 1 594 0.804
7 2 317 0.573
7 3 247 0.871
7 4 293 0.753
7 5 230 0.762
7 6 223 0.706
7 7 221 0.844
7 8 197 0.676
7 9 196 0.797
7 10 198 0.855
7 11 174 0.758
7 12 197 0.762
7 13 194 0.772
7 14 173 0.764
7 15 185 0.89
7 16 192 0.829
7 17 170 0.767
7 18 170 0.865
7 19 186 0.866
7 20 164 0.834
7 21 172 0.875
7 22 165 0.86
7 23 129 0.892
7 24 139 0.925
7 25 151 0.886
7 26 139 0.877
7 27 143 0.926
7 28 167 0.891
7 29 142 0.91
7 30 99 0.789
7 31 143 0.848
7 32 144 0.795
7 33 147 0.885
7 34 141 0.815
7 35 122 0.816
7 36 113 0.817
7 37 134 0.868
7 38 147 0.885
7 39 130 0.865
7 40 130 0.879
7 41 142 0.854
7 42 129 0.917
7 43 117 0.906
7 44 156 0.862
7 45 182 0.803
7 46 205 0.848
7 47 227 0.816
7 48 320 0.792
8 1 446 0.602
8 2 279 0.675
8 3 363 0.664
8 4 236 0.733
8 5 236 0.849
8 6 189 0.792
8 7 190 0.763
8 8 183 0.769
8 9 214 0.745
8 10 225 0.766
8 11 177 0.781
8 12 197 0.843
8 13 189 0.88
8 14 188 0.83
8 15 181 0.806
8 16 170 0.818
8 17 177 0.814
8 18 163 0.821
8 19 147 0.885
8 20 155 0.865
8 21 167 0.841
8 22 168 0.8
8 23 147 0.724
8 24 145 0.755
8 25 143 0.86
8 26 148 0.934
8 27 124 0.838
8 28 139 0.868
8 29 163 0.849
8 30 135 0.834
8 31 134 0.849
8 32 147 0.918
8 33 118 0.756
8 34 128 0.852
8 35 134 0.859
8 36 141 0.79
8 37 141 0.858
8 38 122 0.867
8 39 133 0.843
8 40 153 0.897
8 41 146 0.798
8 42 136 0.905
8 43 150 0.8
8 44 164 0.846
8 45 157 0.672
8 46 172 0.743
8 47 260 0.829
8 48 208 0.861
9 1 356 0.609
9 2 277 0.839
9 3 257 0.842
9 4 241 0.829
9 5 224 0.899
9 6 198 0.863
9 7 202 0.794
9 8 183 0.849
9 9 184 0.83
9 10 179 0.911
9 11 178 0.837
9 12 185 0.759
9 13 205 0.783
9 14 186 0.803
9 15 120 0.903
9 16 119 0.792
9 17 164 0.826
9 18 174 0.856
9 19 170 0.774
9 20 170 0.837
9 21 167 0.87
9 22 150 0.828
9 23 92 0.873
9 24 85 0.949
9 25 153 0.866
9 26 153 0.907
9 27 44 0.996
9 28 41 0.843
9 29 153 0.897
9 30 146 0.856
9 31 163 0.81
9 32 141 0.913
9 33 134 0.859
9 34 146 0.911
9 35 145 0.851
9 36 120 0.877
9 37 108 0.836
9 38 128 0.885
9 39 137 0.868
9 40 136 0.915
9 41 128 0.861
9 42 136 0.93
9 43 136 0.862
9 44 149 0.93
9 45 138 0.884
9 46 133 0.839
9 47 266 0.848
9 48 343 0.841
10 1 423 0.719
10 2 318 0.686
10 3 249 0.847
10 4 248 0.867
10 5 198 0.837
10 6 225 0.688
10 7 222 0.785
10 8 188 0.812
10 9 189 0.842
10 10 184 0.865
10 11 177 0.88
10 12 184 0.732
10 13 175 0.834
10 14 200 0.872
10 15 183 0.86
10 16 168 0.897
10 17 166 0.895
10 18 146 0.879
10 19 168 0.897
10 20 169 0.832
10 21 153 0.816
10 22 148 0.934
10 23 162 0.895
10 24 140 0.897
10 25 131 0.872
10 26 159 0.933
10 27 159 0.869
10 28 141 0.89
10 29 133 0.885
10 30 146 0.888
10 31 131 0.872
10 32 150 0.858
10 33 157 0.858
10 34 134 0.942
10 35 145 0.882
10 36 121 0.86
10 37 134 0.916
10 38 139 0.868
10 39 149 0.823
10 40 135 0.898
10 41 146 0.835
10 42 138 0.929
10 43 153 0.875
10 44 156 0.883
10 45 162 0.864
10 46 191 0.807
10 47 228 0.836
10 48 317 0.831
11 1 442 0.668
11 2 341 0.804
11 3 132 0.774
11 4 68 0.576
11 5 249 0.597
11 6 188 0.748
11 7 210 0.836
11 8 189 0.824
11 9 192 0.883
11 10 191 0.8
11 11 192 0.829
11 12 182 0.811
11 13 181 0.891
11 14 168 0.906
11 15 172 0.827
11 16 151 0.855
11 17 167 0.891
11 18 164 0.826
11 19 148 0.817
11 20 154 0.851
11 21 163 0.784
11 22 149 0.874
11 23 148 0.79
11 24 144 0.795
11 25 154 0.776
11 26 143 0.87
11 27 164 0.884
11 28 159 0.848
11 29 142 0.91
11 30 129 0.858
11 31 128 0.82
11 32 129 0.907
11 33 131 0.849
11 34 135 0.834
11 35 151 0.864
11 36 133 0.753
11 37 120 0.903
11 38 127 0.878
11 39 135 0.888
11 40 123 0.889
11 41 128 0.842
11 42 147 0.832
11 43 131 0.896
11 44 127 0.859
11 45 174 0.803
11 46 171 0.739
11 47 220 0.794
11 48 298 0.814
12 1 458 0.558
12 2 302 0.882
12 3 275 0.901
12 4 187 0.694
12 5 187 0.8
12 6 203 0.626
12 7 225 0.812
12 8 200 0.764
12 9 184 0.846
12 10 157 0.921
12 11 169 0.84
12 12 167 0.879
12 13 168 0.863
12 14 156 0.906
12 15 174 0.837
12 16 111 0.759
12 17 53 0.899
12 18 63 0.844
12 19 139 0.877
12 20 104 0.805
12 21 146 0.856
12 22 142 0.864
12 23 127 0.836
12 24 148 0.877
12 25 131 0.872
12 26 146 0.875
12 27 148 0.891
12 28 134 0.859
12 29 147 0.894
12 30 125 0.879
12 31 130 0.889
12 32 115 0.865
12 33 129 0.917
12 34 120 0.892
12 35 103 0.883
12 36 162 0.927
12 37 153 0.845
12 38 124 0.848
12 39 123 0.889
12 40 139 0.901
12 41 135 0.96
12 42 135 0.856
12 43 117 0.856
12 44 161 0.868
12 45 131 0.849
12 46 163 0.674
12 47 190 0.705
12 48 338 0.837
13 1 300 0.825
13 2 292 0.817
13 3 252 0.819
13 4 256 0.871
13 5 208 0.811
13 6 211 0.837
13 7 194 0.741
13 8 185 0.668
13 9 186 0.847
13 10 159 0.702
13 11 180 0.866
13 12 169 0.86
13 13 172 0.905
13 14 171 0.772
13 15 97 0.853
13 16 163 0.891
13 17 105 0.873
13 18 79 0.73
13 19 59 0.959
13 20 131 0.872
13 21 135 0.888
13 22 160 0.854
13 23 133 0.946
13 24 136 0.862
13 25 103 0.831
13 26 147 0.894
13 27 145 0.829
13 28 157 0.898
13 29 123 0.809
13 30 160 0.777
13 31 154 0.89
13 32 160 0.906
13 33 143 0.79
13 34 142 0.864
13 35 136 0.794
13 36 108 0.812
13 37 100 0.88
13 38 83 0.882
13 39 134 0.806
13 40 128 0.91
13 41 110 0.888
13 42 106 0.893
13 43 130 0.879
13 44 143 0.893
13 45 110 0.862
13 46 102 0.914
13 47 197 0.833
13 48 302 0.851
14 1 366 0.697
14 2 225 0.59
14 3 270 0.769
14 4 218 0.857
14 5 196 0.804
14 6 190 0.821
14 7 200 0.82
14 8 190 0.81
14 9 186 0.847
14 10 173 0.832
14 11 172 0.847
14 12 158 0.904
14 13 158 0.86
14 14 161 0.912
14 15 163 0.829
14 16 133 0.852
14 17 67 0.927
14 18 58 0.96
14 19 136 0.858
14 20 151 0.918
14 21 157 0.867
14 22 149 0.835
14 23 151 0.834
14 24 151 0.787
14 25 146 0.879
14 26 152 0.901
14 27 126 0.871
14 28 152 0.892
14 29 162 0.904
14 30 137 0.912
14 31 138 0.83
14 32 135 0.856
14 33 127 0.868
14 34 128 0.842
14 35 139 0.858
14 36 148 0.868
14 37 125 0.914
14 38 129 0.917
14 39 143 0.839
14 40 140 0.907
14 41 121 0.85
14 42 134 0.882
14 43 128 0.799
14 44 152 0.924
14 45 156 0.853
14 46 185 0.752
14 47 188 0.876
14 48 305 0.853
15 1 446 0.748
15 2 304 0.723
15 3 227 0.84
15 4 244 0.758
15 5 208 0.772
15 6 200 0.796
15 7 178 0.868
15 8 187 0.888
15 9 193 0.731
15 10 158 0.86
15 11 157 0.846
15 12 154 0.894
15 13 151 0.855
15 14 164 0.834
15 15 159 0.857
15 16 163 0.91
15 17 161 0.912
15 18 147 0.82
15 19 151 0.928
15 20 163 0.81
15 21 142 0.864
15 22 170 0.916
15 23 171 0.842
15 24 148 0.891
15 25 122 0.867
15 26 138 0.884
15 27 165 0.831
15 28 130 0.856
15 29 102 0.87
15 30 145 0.873
15 31 151 0.905
15 32 155 0.856
15 33 147 0.777
15 34 146 0.865
15 35 145 0.939
15 36 124 0.907
15 37 134 0.892
15 38 126 0.911
15 39 135 0.865
15 40 136 0.941
15 41 125 0.845
15 42 136 0.93
15 43 135 0.923
15 44 131 0.827
15 45 140 0.932
15 46 153 0.866
15 47 204 0.844
15 48 211 0.753
16 1 415 0.808
16 2 316 0.692
16 3 294 0.789
16 4 195 0.745
16 5 198 0.695
16 6 198 0.812
16 7 210 0.896
16 8 188 0.864
16 9 165 0.848
16 10 201 0.915
16 11 152 0.819
16 12 179 0.911
16 13 167 0.9
16 14 174 0.865
16 15 174 0.81
16 16 151 0.928
16 17 150 0.849
16 18 170 0.865
16 19 151 0.864
16 20 152 0.901
16 21 169 0.86
16 22 151 0.886
16 23 153 0.941
16 24 161 0.921
16 25 133 0.792
16 26 144 0.899
16 27 139 0.836
16 28 136 0.871
16 29 141 0.904
16 30 145 0.905
16 31 146 0.594
16 32 149 0.815
16 33 159 0.801
16 34 115 0.841
16 35 116 0.848
16 36 130 0.833
16 37 134 0.892
16 38 138 0.918
16 39 123 0.899
16 40 130 0.82
16 41 132 0.869
16 42 138 0.894
16 43 143 0.839
16 44 140 0.842
16 45 142 0.804
16 46 179 0.911
16 47 158 0.864
16 48 333 0.879
17 1 400 0.791
17 2 314 0.419
17 3 250 0.777
17 4 227 0.823
17 5 210 0.819
17 6 206 0.852
17 7 189 0.775
17 8 185 0.814
17 9 190 0.846
17 10 180 0.886
17 11 209 0.815
17 12 177 0.888
17 13 151 0.834
17 14 179 0.763
17 15 108 0.846
17 16 112 0.943
17 17 161 0.921
17 18 144 0.824
17 19 163 0.9
17 20 143 0.916
17 21 32 0.936
17 22 82 0.921
17 23 136 0.789
17 24 159 0.9
17 25 138 0.861
17 26 140 0.897
17 27 105 0.738
17 28 124 0.858
17 29 137 0.855
17 30 154 0.881
17 31 140 0.851
17 32 143 0.711
17 33 139 0.868
17 34 137 0.864
17 35 134 0.806
17 36 141 0.827
17 37 131 0.818
17 38 109 0.83
17 39 114 0.712
17 40 142 0.864
17 41 95 0.851
17 42 108 0.799
17 43 117 0.822
17 44 144 0.933
17 45 140 0.801
17 46 32 0.936
17 47 193 0.834
17 48 277 0.824
18 1 427 0.796
18 2 306 0.601
18 3 256 0.761
18 4 251 0.76
18 5 207 0.673
18 6 211 0.774
18 7 175 0.899
18 8 214 0.703
18 9 188 0.618
18 10 194 0.706
18 11 135 0.843
18 12 158 0.86
18 13 159 0.79
18 14 163 0.795
18 15 166 0.865
18 16 163 0.829
18 17 154 0.881
18 18 151 0.886
18 19 161 0.921
18 20 162 0.844
18 21 158 0.873
18 22 164 0.815
18 23 155 0.835
18 24 144 0.824
18 25 133 0.909
18 26 142 0.784
18 27 137 0.864
18 28 127 0.836
18 29 122 0.773
18 30 146 0.856
18 31 127 0.764
18 32 149 0.776
18 33 143 0.81
18 34 143 0.81
18 35 138 0.894
18 36 147 0.67
18 37 115 0.808
18 38 127 0.836
18 39 134 0.927
18 40 135 0.852
18 41 130 0.903
18 42 144 0.876
18 43 139 0.815
18 44 127 0.784
18 45 136 0.919
18 46 174 0.758
18 47 188 0.892
18 48 289 0.829
19 1 366 0.656
19 2 422 0.642
19 3 285 0.596
19 4 297 0.441
19 5 179 0.853
19 6 232 0.798
19 7 181 0.659
19 8 212 0.896
19 9 202 0.804
19 10 198 0.863
19 11 164 0.8
19 12 170 0.845
19 13 166 0.791
19 14 171 0.823
19 15 133 0.909
19 16 125 0.792
19 17 129 0.954
19 18 113 0.896
19 19 164 0.807
19 20 158 0.895
19 21 147 0.812
19 22 171 0.909
19 23 175 0.631
19 24 145 0.851
19 25 144 0.824
19 26 146 0.911
19 27 140 0.874
19 28 133 0.935
19 29 130 0.803
19 30 136 0.951
19 31 142 0.833
19 32 137 0.842
19 33 139 0.868
19 34 162 0.844
19 35 142 0.886
19 36 124 0.892
19 37 134 0.892
19 38 148 0.924
19 39 128 0.875
19 40 121 0.784
19 41 143 0.893
19 42 134 0.836
19 43 128 0.875
19 44 140 0.874
19 45 165 0.88
19 46 157 0.889
19 47 207 0.784
19 48 307 0.772
20 1 437 0.626
20 2 441 0.479
20 3 257 0.737
20 4 255 0.758
20 5 209 0.719
20 6 241 0.811
20 7 211 0.83
20 8 176 0.895
20 9 198 0.882
20 10 198 0.812
20 11 175 0.772
20 12 183 0.818
20 13 155 0.865
20 14 177 0.843
20 15 178 0.829
20 16 194 0.9
20 17 181 0.871
20 18 188 0.876
20 19 154 0.917
20 20 154 0.872
20 21 156 0.786
20 22 171 0.779
20 23 163 0.802
20 24 137 0.824
20 25 138 0.852
20 26 135 0.908
20 27 127 0.836
20 28 132 0.878
20 29 131 0.882
20 30 121 0.837
20 31 101 0.877
20 32 143 0.851
20 33 169 0.746
20 34 142 0.824
20 35 131 0.849
20 36 131 0.818
20 37 141 0.88
20 38 142 0.864
20 39 110 0.782
20 40 133 0.83
20 41 146 0.921
20 42 147 0.862
20 43 136 0.905
20 44 151 0.886
20 45 153 0.955
20 46 194 0.875
20 47 198 0.91
20 48 322 0.73
21 1 318 0.665
21 2 418 0.587
21 3 271 0.727
21 4 287 0.797
21 5 186 0.786
21 6 72 0.943
21 7 233 0.772
21 8 201 0.737
21 9 191 0.76
21 10 171 0.796
21 11 173 0.872
21 12 176 0.839
21 13 111 0.891
21 14 104 0.752
21 15 110 0.926
21 16 105 0.953
21 17 165 0.831
21 18 148 0.9
21 19 161 0.847
21 20 150 0.809
21 21 159 0.878
21 22 157 0.702
21 23 65 0.935
21 24 154 0.89
21 25 152 0.924
21 26 140 0.874
21 27 129 0.836
21 28 123 0.899
21 29 138 0.83
21 30 126 0.829
21 31 133 0.655
21 32 136 0.915
21 33 136 0.905
21 34 150 0.88
21 35 125 0.823
21 36 136 0.798
21 37 133 0.899
21 38 149 0.823
21 39 139 0.828
21 40 144 0.899
21 41 97 0.807
21 42 106 0.856
21 43 145 0.863
21 44 132 0.903
21 45 11 0.976
21 46 169 0.889
21 47 196 0.78
21 48 296 0.808
22 1 371 0.652
22 2 429 0.568
22 3 293 0.884
22 4 272 0.546
22 5 223 0.73
22 6 137 0.846
22 7 178 0.811
22 8 200 0.872
22 9 186 0.855
22 10 203 0.885
22 11 173 0.852
22 12 170 0.865
22 13 167 0.731
22 14 132 0.794
22 15 187 0.951
22 16 169 0.911
22 17 167 0.87
22 18 170 0.829
22 19 177 0.764
22 20 166 0.895
22 21 163 0.729
22 22 150 0.789
22 23 141 0.938
22 24 143 0.893
22 25 148 0.934
22 26 132 0.855
22 27 155 0.816
22 28 145 0.882
22 29 155 0.878
22 30 125 0.925
22 31 140 0.942
22 32 135 0.834
22 33 147 0.804
22 34 143 0.87
22 35 135 0.888
22 36 131 0.849
22 37 130 0.833
22 38 171 0.815
22 39 129 0.858
22 40 124 0.907
22 41 122 0.882
22 42 128 0.936
22 43 159 0.9
22 44 157 0.898
22 45 181 0.721
22 46 167 0.87
22 47 200 0.845
22 48 284 0.844
23 1 499 0.559
23 2 353 0.764
23 3 288 0.786
23 4 260 0.817
23 5 184 0.812
23 6 212 0.708
23 7 175 0.668
23 8 108 0.738
23 9 178 0.876
23 10 195 0.783
23 11 188 0.856
23 12 170 0.826
23 13 171 0.834
23 14 185 0.843
23 15 176 0.827
23 16 180 0.866
23 17 36 0.876
23 18 16 0.857
23 19 169 0.763
23 20 176 0.794
23 21 156 0.87
23 22 169 0.889
23 23 143 0.87
23 24 160 0.691
23 25 128 0.9
23 26 148 0.934
23 27 148 0.753
23 28 156 0.892
23 29 127 0.903
23 30 155 0.746
23 31 151 0.768
23 32 147 0.875
23 33 113 0.886
23 34 141 0.88
23 35 142 0.784
23 36 149 0.897
23 37 141 0.938
23 38 144 0.876
23 39 68 0.68
23 40 135 0.658
23 41 136 0.871
23 42 133 0.885
23 43 144 0.867
23 44 142 0.812
23 45 160 0.834
23 46 176 0.858
23 47 204 0.905
23 48 294 0.831
24 1 559 0.577
24 2 331 0.753
24 3 275 0.775
24 4 237 0.75
24 5 229 0.875
24 6 184 0.812
24 7 196 0.865
24 8 196 0.873
24 9 200 0.891
24 10 185 0.736
24 11 174 0.856
24 12 190 0.796
24 13 185 0.881
24 14 189 0.799
24 15 167 0.83
24 16 171 0.862
24 17 151 0.834
24 18 145 0.766
24 19 172 0.827
24 20 166 0.895
24 21 159 0.837
24 22 149 0.766
24 23 130 0.842
24 24 141 0.871
24 25 147 0.918
24 26 135 0.898
24 27 141 0.827
24 28 135 0.923
24 29 150 0.88
24 30 151 0.843
24 31 97 0.807
24 32 167 0.778
24 33 158 0.895
24 34 137 0.846
24 35 134 0.927
24 36 119 0.792
24 37 125 0.903
24 38 150 0.972
24 39 143 0.883
24 40 157 0.898
24 41 141 0.771
24 42 129 0.892
24 43 120 0.914
24 44 152 0.8
24 45 154 0.859
24 46 177 0.832
24 47 177 0.871
24 48 338 0.762
25 1 550 0.645
25 2 467 0.638
25 3 282 0.698
25 4 249 0.717
25 5 220 0.785
25 6 216 0.825
25 7 193 0.731
25 8 167 0.887
25 9 215 0.798
25 10 199 0.878
25 11 135 0.643
25 12 128 0.811
25 13 100 0.807
25 14 77 0.972
25 15 118 0.668
25 16 139 0.7
25 17 78 0.935
25 18 74 0.74
25 19 142 0.784
25 20 165 0.868
25 21 146 0.911
25 22 162 0.882
25 23 160 0.814
25 24 0 0.0
25 25 159 0.828
25 26 155 0.763
25 27 155 0.847
25 28 119 0.635
25 29 148 0.9
25 30 158 0.895
25 31 156 0.925
25 32 175 0.853
25 33 146 0.827
25 34 154 0.724
25 35 138 0.894
25 36 120 0.749
25 37 137 0.855
25 38 142 0.833
25 39 151 0.726
25 40 110 0.883
25 41 107 0.829
25 42 91 0.864
25 43 153 0.921
25 44 156 0.813
25 45 133 0.875
25 46 148 0.877
25 47 217 0.7
25 48 307 0.76
26 1 109 0.364
26 2 73 0.815
26 3 320 0.695
26 4 246 0.793
26 5 211 0.823
26 6 236 0.812
26 7 199 0.816
26 8 177 0.824
26 9 201 0.868
26 10 186 0.786
26 11 186 0.779
26 12 184 0.885
26 13 16 0.958
26 14 21 -1.0
26 15 170 0.845
26 16 175 0.861
26 17 173 0.832
26 18 196 0.804
26 19 129 0.814
26 20 169 0.851
26 21 164 0.807
26 22 132 0.869
26 23 147 0.894
26 24 161 0.921
26 25 142 0.833
26 26 137 0.833
26 27 159 0.91
26 28 156 0.87
26 29 148 0.826
26 30 131 0.906
26 31 167 0.9
26 32 152 0.869
26 33 160 0.854
26 34 125 0.864
26 35 134 0.916
26 36 138 0.83
26 37 139 0.845
26 38 133 0.895
26 39 155 0.856
26 40 152 0.819
26 41 138 0.884
26 42 137 0.937
26 43 153 0.854
26 44 168 0.79
26 45 160 0.893
26 46 180 0.874
26 47 219 0.76
26 48 325 0.721
27 1 527 0.744
27 2 534 0.586
27 3 255 0.668
27 4 217 0.868
27 5 230 0.861
27 6 226 0.853
27 7 187 0.825
27 8 191 0.751
27 9 200 0.838
27 10 159 0.75
27 11 182 0.875
27 12 202 0.854
27 13 155 0.929
27 14 164 0.872
27 15 183 0.931
27 16 181 0.851
27 17 172 0.884
27 18 146 0.856
27 19 149 0.865
27 20 192 0.915
27 21 162 0.936
27 22 169 0.851
27 23 154 0.851
27 24 145 0.882
27 25 155 0.887
27 26 160 0.862
27 27 142 0.784
27 28 133 0.885
27 29 137 0.912
27 30 136 0.881
27 31 165 0.889
27 32 159 0.857
27 33 0 0.0
27 34 153 0.866
27 35 143 0.87
27 36 133 0.839
27 37 138 0.83
27 38 122 0.882
27 39 122 0.903
27 40 134 0.748
27 41 142 0.91
27 42 151 0.855
27 43 156 0.68
27 44 147 0.894
27 45 119 0.933
27 46 204 0.844
27 47 212 0.827
27 48 336 0.803
28 1 483 0.819
28 2 411 0.549
28 3 260 0.814
28 4 236 0.819
28 5 229 0.833
28 6 209 0.876
28 7 223 0.842
28 8 168 0.846
28 9 189 0.752
28 10 192 0.829
28 11 204 0.812
28 12 190 0.902
28 13 189 0.869
28 14 203 0.775
28 15 198 0.819
28 16 167 0.9
28 17 194 0.856
28 18 172 0.905
28 19 168 0.906
28 20 162 0.844
28 21 162 0.779
28 22 145 0.882
28 23 170 0.873
28 24 160 0.729
28 25 116 0.772
28 26 162 0.927
28 27 154 0.838
28 28 141 0.904
28 29 164 0.938
28 30 164 0.747
28 31 162 0.836
28 32 172 0.927
28 33 138 0.929
28 34 147 0.885
28 35 152 0.708
28 36 112 0.904
28 37 131 0.931
28 38 159 0.953
28 39 132 0.878
28 40 155 0.887
28 41 150 0.871
28 42 166 0.853
28 43 165 0.889
28 44 171 0.862
28 45 170 0.894
28 46 220 0.769
28 47 225 0.885
28 48 346 0.773
29 1 519 0.724
29 2 355 0.721
29 3 222 0.697
29 4 30 0.811
29 5 250 0.73
29 6 227 0.826
29 7 205 0.874
29 8 221 0.837
29 9 236 0.842
29 10 216 0.849
29 11 148 0.738
29 12 147 0.8
29 13 240 0.823
29 14 229 0.92
29 15 144 0.616
29 16 130 0.833
29 17 183 0.722
29 18 180 0.812
29 19 165 0.779
29 20 190 0.914
29 21 199 0.767
29 22 185 0.941
29 23 179 0.834
29 24 196 0.828
29 25 190 0.865
29 26 158 0.743
29 27 157 0.748
29 28 168 0.863
29 29 165 0.868
29 30 161 0.868
29 31 173 0.813
29 32 173 0.872
29 33 176 0.827
29 34 162 0.895
29 35 165 0.868
29 36 189 0.759
29 37 156 0.832
29 38 158 0.823
29 39 121 0.874
29 40 163 0.91
29 41 160 0.884
29 42 171 0.842
29 43 156 0.862
29 44 165 0.786
29 45 181 0.843
29 46 190 0.893
29 47 185 0.752
29 48 318 0.745
30 1 522 0.804
30 2 393 0.723
30 3 309 0.686
30 4 294 0.823
30 5 293 0.697
30 6 242 0.634
30 7 262 0.845
30 8 244 0.86
30 9 289 0.664
30 10 215 0.814
30 11 220 0.883
30 12 240 0.863
30 13 231 0.731
30 14 194 0.864
30 15 200 0.911
30 16 211 0.9
30 17 209 0.919
30 18 243 0.82
30 19 175 0.878
30 20 225 0.825
30 21 194 0.845
30 22 183 0.86
30 23 217 0.879
30 24 212 0.888
30 25 192 0.866
30 26 180 0.916
30 27 213 0.855
30 28 149 0.71
30 29 192 0.883
30 30 172 0.896
30 31 194 0.813
30 32 197 0.886
30 33 188 0.913
30 34 160 0.67
30 35 189 0.752
30 36 168 0.819
30 37 160 0.814
30 38 173 0.956
30 39 156 0.925
30 40 198 0.829
30 41 175 0.89
30 42 179 0.861
30 43 220 0.807
30 44 198 0.882
30 45 201 0.904
30 46 243 0.891
30 47 269 0.849
30 48 317 0.863
31 1 575 0.711
31 2 432 0.701
31 3 376 0.743
31 4 384 0.731
31 5 304 0.632
31 6 289 0.844
31 7 283 0.798
31 8 321 0.719
31 9 307 0.791
31 10 291 0.841
31 11 294 0.735
31 12 288 0.879
31 13 276 0.874
31 14 287 0.784
31 15 257 0.858
31 16 260 0.754
31 17 239 0.693
31 18 273 0.848
31 19 231 0.786
31 20 227 0.857
31 21 271 0.74
31 22 223 0.877
31 23 229 0.81
31 24 239 0.737
31 25 231 0.89
31 26 224 0.678
31 27 178 0.848
31 28 233 0.905
31 29 225 0.718
31 30 280 0.809
31 31 258 0.861
31 32 257 0.872
31 33 210 0.802
31 34 209 0.872
31 35 227 0.85
31 36 246 0.844
31 37 257 0.702
31 38 229 0.875
31 39 653 0.76
31 40 672 0.742
31 41 245 0.874
31 42 243 0.769
31 43 261 0.826
31 44 264 0.881
31 45 235 0.736
31 46 254 0.804
31 47 341 0.864
31 48 369 0.89
32 1 676 0.773
32 2 632 0.827
32 3 568 0.62
32 4 450 0.708
32 5 445 0.627
32 6 530 0.627
32 7 476 0.534
32 8 348 0.728
32 9 444 0.663
32 10 420 0.818
32 11 316 0.769
32 12 412 0.829
32 13 357 0.768
32 14 410 0.845
32 15 356 0.815
32 16 308 0.75
32 17 304 0.917
32 18 326 0.86
32 19 344 0.851
32 20 347 0.826
32 21 307 0.791
32 22 257 0.875
32 23 294 0.865
32 24 343 0.778
32 25 370 0.853
32 26 328 0.902
32 27 333 0.798
32 28 350 0.858
32 29 290 0.812
32 30 304 0.836
32 31 489 0.656
32 32 288 0.82
32 33 367 0.667
32 34 259 0.784
32 35 357 0.867
32 36 352 0.83
32 37 333 0.824
32 38 360 0.835
32 39 320 0.877
32 40 312 0.873
32 41 286 0.82
32 42 334 0.866
32 43 459 0.739
32 44 418 0.77
32 45 404 0.894
32 46 602 0.825
32 47 347 0.813
32 48 453 0.783
