row  column  size-1  circ-1
1 1 610 0.727
1 2 606 0.664
1 3 588 0.792
1 4 419 0.874
1 5 534 0.764
1 6 535 0.789
1 7 455 0.839
1 8 453 0.833
1 9 304 0.911
1 10 465 0.726
1 11 427 0.785
1 12 437 0.856
1 13 337 0.84
1 14 335 0.748
1 15 398 0.825
1 16 381 0.815
1 17 382 0.753
1 18 351 0.804
1 19 388 0.84
1 20 310 0.818
1 21 329 0.776
1 22 326 0.826
1 23 302 0.888
1 24 294 0.865
1 25 431 0.832
1 26 415 0.82
1 27 323 0.746
1 28 395 0.863
1 29 402 0.792
1 30 406 0.717
1 31 336 0.769
1 32 348 0.888
1 33 300 0.892
1 34 304 0.872
1 35 322 0.886
1 36 310 0.832
1 37 385 0.782
1 38 262 0.865
1 39 377 0.801
1 40 270 0.824
1 41 440 0.85
1 42 488 0.807
1 43 355 0.795
1 44 401 0.863
1 45 440 0.705
1 46 534 0.808
1 47 524 0.889
1 48 579 0.832
2 1 484 0.855
2 2 435 0.773
2 3 426 0.806
2 4 389 0.736
2 5 380 0.807
2 6 359 0.746
2 7 256 0.816
2 8 285 0.752
2 9 352 0.857
2 10 312 0.837
2 11 318 0.806
2 12 299 0.763
2 13 316 0.82
2 14 284 0.783
2 15 278 0.741
2 16 313 0.826
2 17 284 0.829
2 18 302 0.905
2 19 259 0.702
2 20 284 0.781
2 21 264 0.82
2 22 281 0.781
2 23 274 0.932
2 24 287 0.706
2 25 248 0.821
2 26 256 0.755
2 27 190 0.893
2 28 203 0.815
2 29 228 0.861
2 30 221 0.738
2 31 219 0.797
2 32 225 0.828
2 33 198 0.741
2 34 196 0.764
2 35 204 0.901
2 36 252 0.864
2 37 246 0.758
2 38 266 0.791
2 39 24 0.86
2 40 225 0.904
2 41 294 0.85
2 42 243 0.704
2 43 200 0.771
2 44 261 0.79
2 45 205 0.55
2 46 290 0.862
2 47 342 0.866
2 48 451 0.876
3 1 236 0.667
3 2 117 0.633
3 3 371 0.849
3 4 329 0.874
3 5 311 0.712
3 6 260 0.746
3 7 302 0.719
3 8 316 0.697
3 9 272 0.83
3 10 264 0.827
3 11 299 0.873
3 12 220 0.654
3 13 250 0.841
3 14 234 0.796
3 15 251 0.854
3 16 145 0.634
3 17 244 0.673
3 18 216 0.773
3 19 215 0.879
3 20 225 0.636
3 21 0 0.0
3 22 0 0.0
3 23 252 0.819
3 24 218 0.742
3 25 89 0.763
3 26 70 0.953
3 27 232 0.789
3 28 221 0.758
3 29 200 0.694
3 30 197 0.784
3 31 175 0.823
3 32 191 0.709
3 33 183 0.872
3 34 182 0.779
3 35 173 0.817
3 36 197 0.878
3 37 210 0.888
3 38 199 0.878
3 39 216 0.864
3 40 171 0.823
3 41 209 0.776
3 42 185 0.789
3 43 188 0.733
3 44 184 0.812
3 45 239 0.887
3 46 276 0.842
3 47 307 0.865
3 48 323 0.895
4 1 394 0.578
4 2 433 0.776
4 3 353 0.666
4 4 277 0.795
4 5 293 0.786
4 6 291 0.841
4 7 295 0.797
4 8 310 0.78
4 9 229 0.833
4 10 258 0.665
4 11 325 0.701
4 12 237 0.687
4 13 208 0.811
4 14 254 0.848
4 15 236 0.891
4 16 206 0.803
4 17 198 0.741
4 18 174 0.834
4 19 212 0.736
4 20 169 0.802
4 21 168 0.758
4 22 195 0.783
4 23 171 0.786
4 24 163 0.919
4 25 151 0.787
4 26 163 0.802
4 27 230 0.672
4 28 182 0.848
4 29 191 0.898
4 30 180 0.831
4 31 148 0.838
4 32 177 0.851
4 33 173 0.788
4 34 185 0.835
4 35 126 0.656
4 36 152 0.828
4 37 179 0.89
4 38 176 0.847
4 39 213 0.725
4 40 174 0.785
4 41 139 0.707
4 42 188 0.755
4 43 163 0.932
4 44 150 0.903
4 45 175 0.591
4 46 201 0.784
4 47 299 0.831
4 48 353 0.827
5 1 589 0.725
5 2 442 0.58
5 3 391 0.681
5 4 322 0.864
5 5 270 0.75
5 6 261 0.784
5 7 275 0.839
5 8 291 0.85
5 9 254 0.624
5 10 218 0.634
5 11 248 0.821
5 12 200 0.694
5 13 131 0.422
5 14 144 0.726
5 15 172 0.587
5 16 187 0.662
5 17 187 0.8
5 18 176 0.753
5 19 180 0.674
5 20 165 0.812
5 21 177 0.796
5 22 175 0.815
5 23 197 0.897
5 24 128 0.725
5 25 171 0.681
5 26 117 0.679
5 27 187 0.76
5 28 183 0.655
5 29 120 0.888
5 30 168 0.846
5 31 153 0.866
5 32 158 0.804
5 33 167 0.803
5 34 176 0.855
5 35 174 0.856
5 36 170 0.799
5 37 159 0.783
5 38 169 0.889
5 39 146 0.798
5 40 165 0.839
5 41 183 0.833
5 42 179 0.646
5 43 179 0.593
5 44 183 0.88
5 45 199 0.823
5 46 262 0.836
5 47 308 0.762
5 48 323 0.794
6 1 549 0.771
6 2 415 0.612
6 3 338 0.848
6 4 317 0.79
6 5 281 0.786
6 6 265 0.734
6 7 217 0.588
6 8 265 0.855
6 9 216 0.755
6 10 221 0.732
6 11 237 0.779
6 12 159 0.857
6 13 185 0.673
6 14 215 0.573
6 15 185 0.756
6 16 176 0.847
6 17 179 0.75
6 18 181 0.672
6 19 154 0.872
6 20 160 0.795
6 21 159 0.828
6 22 164 0.915
6 23 150 0.756
6 24 139 0.877
6 25 193 0.816
6 26 184 0.865
6 27 186 0.855
6 28 172 0.855
6 29 150 0.867
6 30 163 0.742
6 31 163 0.668
6 32 161 0.767
6 33 88 0.524
6 34 74 0.9
6 35 161 0.868
6 36 152 0.848
6 37 134 0.845
6 38 179 0.773
6 39 171 0.755
6 40 164 0.789
6 41 170 0.886
6 42 156 0.813
6 43 149 0.795
6 44 236 0.803
6 45 181 0.742
6 46 117 0.856
6 47 300 0.704
6 48 384 0.821
7 1 207 0.667
7 2 98 0.681
7 3 336 0.662
7 4 325 0.733
7 5 304 0.822
7 6 287 0.629
7 7 227 0.642
7 8 248 0.639
7 9 247 0.834
7 10 251 0.809
7 11 178 0.736
7 12 174 0.765
7 13 215 0.798
7 14 21 0.733
7 15 205 0.866
7 16 188 0.595
7 17 195 0.739
7 18 138 0.861
7 19 147 0.871
7 20 168 0.509
7 21 171 0.789
7 22 144 0.787
7 23 176 0.839
7 24 173 0.74
7 25 168 0.897
7 26 156 0.778
7 27 144 0.909
7 28 128 0.875
7 29 145 0.774
7 30 151 0.864
7 31 167 0.822
7 32 151 0.873
7 33 127 0.823
7 34 153 0.931
7 35 145 0.842
7 36 161 0.767
7 37 155 0.8
7 38 150 0.809
7 39 156 0.841
7 40 156 0.75
7 41 161 0.889
7 42 157 0.818
7 43 145 0.821
7 44 131 0.896
7 45 191 0.76
7 46 238 0.78
7 47 296 0.745
7 48 402 0.852
8 1 527 0.635
8 2 229 0.794
8 3 354 0.634
8 4 257 0.798
8 5 332 0.725
8 6 194 0.624
8 7 269 0.78
8 8 245 0.796
8 9 228 0.755
8 10 189 0.861
8 11 189 0.806
8 12 186 0.74
8 13 154 0.881
8 14 177 0.764
8 15 199 0.776
8 16 164 0.863
8 17 192 0.863
8 18 175 0.78
8 19 107 0.913
8 20 109 0.797
8 21 157 0.898
8 22 149 0.844
8 23 169 0.86
8 24 158 0.86
8 25 198 0.847
8 26 178 0.837
8 27 171 0.732
8 28 155 0.865
8 29 201 0.85
8 30 168 0.793
8 31 150 0.809
8 32 154 0.83
8 33 170 0.886
8 34 130 0.744
8 35 151 0.886
8 36 157 0.931
8 37 161 0.931
8 38 169 0.911
8 39 88 0.922
8 40 123 0.874
8 41 138 0.83
8 42 155 0.789
8 43 160 0.842
8 44 162 0.779
8 45 122 0.568
8 46 196 0.699
8 47 286 0.749
8 48 392 0.862
9 1 525 0.713
9 2 418 0.657
9 3 377 0.739
9 4 300 0.726
9 5 334 0.714
9 6 285 0.653
9 7 267 0.802
9 8 226 0.65
9 9 202 0.662
9 10 188 0.795
9 11 191 0.8
9 12 184 0.914
9 13 193 0.762
9 14 204 0.748
9 15 191 0.91
9 16 181 0.721
9 17 170 0.926
9 18 130 0.924
9 19 201 0.824
9 20 171 0.842
9 21 21 0.943
9 22 27 0.836
9 23 154 0.717
9 24 165 0.889
9 25 81 0.878
9 26 132 0.938
9 27 121 0.846
9 28 138 0.609
9 29 158 0.904
9 30 152 0.892
9 31 163 0.91
9 32 155 0.844
9 33 160 0.906
9 34 138 0.861
9 35 135 0.888
9 36 150 0.871
9 37 147 0.832
9 38 159 0.923
9 39 162 0.864
9 40 183 0.783
9 41 172 0.896
9 42 141 0.735
9 43 177 0.901
9 44 220 0.807
9 45 177 0.832
9 46 147 0.885
9 47 186 0.839
9 48 443 0.798
10 1 408 0.752
10 2 280 0.861
10 3 332 0.716
10 4 305 0.845
10 5 297 0.837
10 6 238 0.773
10 7 208 0.634
10 8 204 0.708
10 9 245 0.874
10 10 163 0.752
10 11 186 0.653
10 12 182 0.821
10 13 174 0.803
10 14 156 0.915
10 15 185 0.862
10 16 179 0.725
10 17 144 0.733
10 18 148 0.9
10 19 181 0.824
10 20 192 0.903
10 21 140 0.821
10 22 140 0.851
10 23 142 0.886
10 24 152 0.811
10 25 164 0.854
10 26 147 0.918
10 27 153 0.667
10 28 154 0.872
10 29 154 0.784
10 30 149 0.883
10 31 141 0.913
10 32 151 0.905
10 33 112 0.634
10 34 105 0.759
10 35 159 0.9
10 36 190 0.726
10 37 140 0.842
10 38 140 0.897
10 39 140 0.821
10 40 161 0.921
10 41 157 0.838
10 42 191 0.783
10 43 12 0.967
10 44 22 -1.0
10 45 185 0.898
10 46 228 0.83
10 47 219 0.895
10 48 349 0.767
11 1 336 0.703
11 2 375 0.755
11 3 344 0.684
11 4 324 0.644
11 5 315 0.657
11 6 33 0.665
11 7 250 0.771
11 8 257 0.784
11 9 229 0.804
11 10 157 0.818
11 11 157 0.846
11 12 128 0.667
11 13 183 0.783
11 14 222 0.628
11 15 170 0.873
11 16 163 0.887
11 17 158 0.668
11 18 183 0.808
11 19 152 0.692
11 20 178 0.856
11 21 18 0.755
11 22 20 0.838
11 23 162 0.755
11 24 157 0.846
11 25 158 0.736
11 26 150 0.912
11 27 0 0.0
11 28 142 0.854
11 29 147 0.758
11 30 147 0.731
11 31 127 0.836
11 32 114 0.824
11 33 155 0.8
11 34 161 0.695
11 35 169 0.868
11 36 133 0.8
11 37 142 0.886
11 38 132 0.815
11 39 150 0.889
11 40 149 0.795
11 41 39 1.0
11 42 73 0.765
11 43 150 0.793
11 44 152 0.861
11 45 196 0.797
11 46 189 0.759
11 47 228 0.791
11 48 277 0.775
12 1 455 0.854
12 2 327 0.848
12 3 291 0.808
12 4 319 0.8
12 5 305 0.853
12 6 241 0.688
12 7 266 0.712
12 8 214 0.636
12 9 203 0.792
12 10 251 0.597
12 11 203 0.785
12 12 224 0.889
12 13 179 0.75
12 14 176 0.613
12 15 175 0.709
12 16 155 0.856
12 17 165 0.868
12 18 158 0.559
12 19 191 0.681
12 20 166 0.675
12 21 183 0.833
12 22 159 0.765
12 23 169 0.763
12 24 174 0.829
12 25 83 0.887
12 26 98 0.825
12 27 155 0.827
12 28 166 0.798
12 29 148 0.838
12 30 156 0.813
12 31 140 0.851
12 32 141 0.779
12 33 177 0.888
12 34 145 0.842
12 35 149 0.852
12 36 150 0.715
12 37 153 0.771
12 38 173 0.86
12 39 104 0.903
12 40 110 0.915
12 41 161 0.868
12 42 176 0.904
12 43 165 0.831
12 44 183 0.714
12 45 179 0.75
12 46 161 0.252
12 47 283 0.818
12 48 405 0.602
13 1 304 0.872
13 2 333 0.635
13 3 298 0.733
13 4 285 0.826
13 5 187 0.767
13 6 235 0.793
13 7 246 0.773
13 8 195 0.869
13 9 192 0.742
13 10 191 0.709
13 11 209 0.839
13 12 204 0.889
13 13 12 0.781
13 14 0 0.0
13 15 185 0.881
13 16 185 0.73
13 17 164 0.715
13 18 165 0.595
13 19 169 0.708
13 20 189 0.861
13 21 14 0.434
13 22 0 0.0
13 23 189 0.909
13 24 150 0.889
13 25 52 0.915
13 26 52 0.956
13 27 149 0.844
13 28 160 0.806
13 29 161 0.889
13 30 144 0.854
13 31 182 0.786
13 32 110 0.899
13 33 162 0.816
13 34 156 0.794
13 35 148 0.699
13 36 167 0.788
13 37 118 0.785
13 38 126 0.713
13 39 24 0.916
13 40 20 0.744
13 41 161 0.868
13 42 142 0.9
13 43 157 0.731
13 44 170 0.845
13 45 160 0.854
13 46 243 0.827
13 47 210 0.677
13 48 330 0.624
14 1 400 0.717
14 2 331 0.751
14 3 316 0.854
14 4 314 0.647
14 5 303 0.876
14 6 181 0.623
14 7 205 0.777
14 8 181 0.824
14 9 187 0.667
14 10 164 0.747
14 11 190 0.779
14 12 183 0.833
14 13 158 0.835
14 14 158 0.796
14 15 162 0.844
14 16 153 0.778
14 17 162 0.852
14 18 149 0.776
14 19 137 0.855
14 20 151 0.814
14 21 174 0.865
14 22 191 0.76
14 23 171 0.913
14 24 152 0.882
14 25 167 0.9
14 26 153 0.503
14 27 128 0.829
14 28 148 0.722
14 29 131 0.882
14 30 138 0.839
14 31 111 0.812
14 32 154 0.89
14 33 117 0.77
14 34 164 0.854
14 35 148 0.728
14 36 157 0.921
14 37 93 0.871
14 38 163 0.766
14 39 148 0.806
14 40 170 0.829
14 41 137 0.864
14 42 165 0.804
14 43 16 -1.0
14 44 21 0.88
14 45 175 0.912
14 46 154 0.903
14 47 200 0.441
14 48 256 0.748
15 1 164 0.619
15 2 384 0.773
15 3 292 0.811
15 4 362 0.781
15 5 239 0.836
15 6 268 0.855
15 7 188 0.83
15 8 176 0.753
15 9 163 0.821
15 10 191 0.859
15 11 185 0.759
15 12 154 0.665
15 13 192 0.804
15 14 160 0.589
15 15 193 0.753
15 16 165 0.812
15 17 158 0.77
15 18 163 0.802
15 19 162 0.7
15 20 183 0.826
15 21 11 0.78
15 22 11 0.78
15 23 163 0.9
15 24 149 0.679
15 25 145 0.738
15 26 164 0.906
15 27 142 0.69
15 28 143 0.822
15 29 131 0.76
15 30 142 0.812
15 31 113 0.886
15 32 154 0.765
15 33 74 0.59
15 34 146 0.835
15 35 118 0.756
15 36 150 0.708
15 37 147 0.766
15 38 165 0.794
15 39 133 0.92
15 40 153 0.797
15 41 143 0.798
15 42 148 0.838
15 43 157 0.838
15 44 161 0.839
15 45 122 0.734
15 46 138 0.861
15 47 226 0.871
15 48 410 0.55
16 1 437 0.572
16 2 349 0.85
16 3 273 0.777
16 4 304 0.747
16 5 256 0.913
16 6 220 0.616
16 7 223 0.859
16 8 204 0.802
16 9 270 0.861
16 10 223 0.739
16 11 175 0.763
16 12 146 0.576
16 13 196 0.688
16 14 171 0.862
16 15 170 0.75
16 16 172 0.801
16 17 144 0.836
16 18 142 0.699
16 19 167 0.891
16 20 190 0.873
16 21 184 0.894
16 22 161 0.921
16 23 190 0.873
16 24 144 0.876
16 25 157 0.858
16 26 153 0.778
16 27 164 0.781
16 28 153 0.825
16 29 132 0.869
16 30 140 0.917
16 31 160 0.906
16 32 184 0.894
16 33 171 0.772
16 34 110 0.697
16 35 146 0.856
16 36 126 0.807
16 37 128 0.799
16 38 141 0.871
16 39 107 0.864
16 40 88 0.863
16 41 144 0.795
16 42 135 0.888
16 43 127 0.882
16 44 223 0.795
16 45 142 0.833
16 46 174 0.792
16 47 235 0.691
16 48 378 0.768
17 1 452 0.687
17 2 320 0.767
17 3 440 0.535
17 4 207 0.814
17 5 361 0.707
17 6 225 0.726
17 7 244 0.744
17 8 236 0.873
17 9 209 0.789
17 10 206 0.89
17 11 175 0.85
17 12 190 0.813
17 13 149 0.823
17 14 119 0.87
17 15 180 0.812
17 16 188 0.892
17 17 171 0.779
17 18 168 0.875
17 19 137 0.624
17 20 176 0.82
17 21 151 0.726
17 22 167 0.858
17 23 143 0.87
17 24 158 0.767
17 25 30 -1.0
17 26 39 0.841
17 27 172 0.801
17 28 161 0.831
17 29 63 0.755
17 30 65 0.935
17 31 165 0.794
17 32 131 0.896
17 33 138 0.908
17 34 146 0.761
17 35 111 0.845
17 36 150 0.972
17 37 119 0.635
17 38 118 0.839
17 39 131 0.906
17 40 142 0.945
17 41 160 0.862
17 42 162 0.816
17 43 158 0.736
17 44 159 0.837
17 45 160 0.915
17 46 148 0.838
17 47 238 0.782
17 48 375 0.768
18 1 444 0.763
18 2 321 0.833
18 3 212 0.454
18 4 260 0.676
18 5 221 0.804
18 6 173 0.731
18 7 202 0.828
18 8 219 0.82
18 9 216 0.902
18 10 162 0.836
18 11 212 0.794
18 12 215 0.909
18 13 191 0.843
18 14 197 0.612
18 15 142 0.845
18 16 138 0.918
18 17 161 0.727
18 18 199 0.776
18 19 164 0.771
18 20 168 0.827
18 21 157 0.818
18 22 158 0.831
18 23 144 0.804
18 24 172 0.827
18 25 165 0.804
18 26 161 0.839
18 27 138 0.861
18 28 142 0.9
18 29 167 0.932
18 30 116 0.763
18 31 162 0.844
18 32 149 0.751
18 33 139 0.836
18 34 134 0.882
18 35 131 0.872
18 36 155 0.919
18 37 124 0.816
18 38 135 0.804
18 39 142 0.92
18 40 157 0.799
18 41 148 0.798
18 42 148 0.924
18 43 141 0.871
18 44 129 0.827
18 45 155 0.739
18 46 182 0.684
18 47 232 0.649
18 48 319 0.848
19 1 377 0.756
19 2 318 0.719
19 3 276 0.778
19 4 289 0.575
19 5 243 0.749
19 6 229 0.779
19 7 203 0.85
19 8 186 0.776
19 9 205 0.783
19 10 194 0.806
19 11 180 0.802
19 12 211 0.799
19 13 14 0.811
19 14 22 0.788
19 15 188 0.83
19 16 171 0.804
19 17 101 0.84
19 18 86 0.914
19 19 167 0.788
19 20 174 0.885
19 21 145 0.838
19 22 166 0.788
19 23 140 0.712
19 24 185 0.898
19 25 142 0.877
19 26 127 0.929
19 27 135 0.784
19 28 144 0.899
19 29 142 0.886
19 30 138 0.918
19 31 165 0.86
19 32 154 0.686
19 33 158 0.904
19 34 134 0.827
19 35 146 0.827
19 36 153 0.816
19 37 138 0.871
19 38 97 0.832
19 39 130 0.879
19 40 141 0.84
19 41 27 0.91
19 42 69 0.723
19 43 134 0.859
19 44 143 0.735
19 45 152 0.748
19 46 163 0.683
19 47 217 0.836
19 48 340 0.699
20 1 391 0.678
20 2 283 0.792
20 3 273 0.809
20 4 316 0.484
20 5 291 0.881
20 6 0 0.0
20 7 222 0.808
20 8 185 0.752
20 9 167 0.676
20 10 184 0.6
20 11 197 0.808
20 12 200 0.764
20 13 222 0.795
20 14 222 0.735
20 15 196 0.873
20 16 160 0.742
20 17 171 0.815
20 18 210 0.665
20 19 146 0.787
20 20 156 0.883
20 21 149 0.823
20 22 145 0.905
20 23 172 0.875
20 24 134 0.872
20 25 149 0.784
20 26 129 0.928
20 27 147 0.942
20 28 143 0.79
20 29 133 0.862
20 30 150 0.912
20 31 151 0.795
20 32 138 0.839
20 33 157 0.755
20 34 139 0.815
20 35 135 0.875
20 36 142 0.864
20 37 129 0.872
20 38 128 0.79
20 39 133 0.899
20 40 143 0.87
20 41 144 0.824
20 42 143 0.738
20 43 157 0.748
20 44 148 0.868
20 45 163 0.879
20 46 141 0.88
20 47 221 0.788
20 48 347 0.78
21 1 435 0.763
21 2 321 0.752
21 3 336 0.65
21 4 334 0.832
21 5 243 0.818
21 6 211 0.605
21 7 215 0.871
21 8 233 0.905
21 9 220 0.817
21 10 170 0.837
21 11 215 0.838
21 12 191 0.745
21 13 172 0.714
21 14 166 0.836
21 15 130 0.899
21 16 157 0.702
21 17 135 0.728
21 18 168 0.647
21 19 165 0.752
21 20 160 0.884
21 21 142 0.641
21 22 177 0.824
21 23 149 0.823
21 24 136 0.818
21 25 125 0.879
21 26 117 0.891
21 27 145 0.851
21 28 156 0.813
21 29 131 0.788
21 30 124 0.892
21 31 151 0.814
21 32 131 0.839
21 33 144 0.824
21 34 132 0.824
21 35 147 0.908
21 36 131 0.853
21 37 114 0.858
21 38 122 0.867
21 39 143 0.87
21 40 142 0.93
21 41 137 0.804
21 42 128 0.77
21 43 145 0.905
21 44 159 0.933
21 45 158 0.873
21 46 196 0.758
21 47 231 0.737
21 48 365 0.792
22 1 306 0.587
22 2 310 0.824
22 3 289 0.838
22 4 304 0.752
22 5 298 0.709
22 6 227 0.772
22 7 214 0.852
22 8 186 0.563
22 9 185 0.721
22 10 177 0.764
22 11 174 0.758
22 12 181 0.721
22 13 205 0.746
22 14 161 0.663
22 15 135 0.865
22 16 156 0.761
22 17 166 0.836
22 18 164 0.733
22 19 140 0.897
22 20 159 0.857
22 21 150 0.793
22 22 153 0.866
22 23 157 0.921
22 24 144 0.795
22 25 166 0.773
22 26 150 0.903
22 27 139 0.76
22 28 140 0.773
22 29 62 0.892
22 30 109 0.918
22 31 94 0.909
22 32 134 0.759
22 33 156 0.786
22 34 134 0.892
22 35 163 0.9
22 36 147 0.862
22 37 141 0.938
22 38 136 0.871
22 39 144 0.768
22 40 156 0.805
22 41 155 0.789
22 42 131 0.896
22 43 143 0.902
22 44 144 0.876
22 45 143 0.839
22 46 214 0.827
22 47 260 0.708
22 48 407 0.759
23 1 477 0.736
23 2 319 0.682
23 3 331 0.795
23 4 277 0.681
23 5 271 0.682
23 6 257 0.875
23 7 234 0.812
23 8 212 0.702
23 9 187 0.852
23 10 176 0.76
23 11 177 0.764
23 12 167 0.515
23 13 115 0.818
23 14 123 0.885
23 15 164 0.771
23 16 179 0.933
23 17 182 0.837
23 18 176 0.672
23 19 146 0.753
23 20 158 0.843
23 21 151 0.918
23 22 139 0.845
23 23 152 0.924
23 24 172 0.884
23 25 147 0.885
23 26 170 0.818
23 27 171 0.9
23 28 155 0.919
23 29 163 0.879
23 30 124 0.892
23 31 117 0.856
23 32 115 0.901
23 33 159 0.817
23 34 136 0.762
23 35 179 0.861
23 36 136 0.849
23 37 62 0.967
23 38 126 0.483
23 39 137 0.804
23 40 154 0.881
23 41 52 -1.0
23 42 53 0.877
23 43 169 0.86
23 44 160 0.854
23 45 147 0.885
23 46 207 0.867
23 47 228 0.741
23 48 341 0.799
24 1 519 0.598
24 2 329 0.603
24 3 316 0.69
24 4 276 0.772
24 5 250 0.73
24 6 244 0.725
24 7 257 0.807
24 8 203 0.815
24 9 188 0.755
24 10 161 0.539
24 11 183 0.918
24 12 187 0.879
24 13 199 0.698
24 14 166 0.766
24 15 154 0.665
24 16 192 0.778
24 17 167 0.671
24 18 161 0.847
24 19 144 0.836
24 20 146 0.798
24 21 146 0.925
24 22 137 0.824
24 23 147 0.894
24 24 145 0.763
24 25 152 0.852
24 26 173 0.852
24 27 141 0.848
24 28 154 0.851
24 29 160 0.729
24 30 155 0.789
24 31 125 0.903
24 32 153 0.866
24 33 139 0.925
24 34 136 0.915
24 35 149 0.906
24 36 135 0.72
24 37 134 0.806
24 38 137 0.757
24 39 128 0.91
24 40 142 0.641
24 41 150 0.662
24 42 161 0.868
24 43 155 0.887
24 44 126 0.886
24 45 165 0.921
24 46 192 0.755
24 47 242 0.801
24 48 404 0.769
25 1 521 0.53
25 2 372 0.783
25 3 269 0.874
25 4 244 0.733
25 5 264 0.842
25 6 234 0.775
25 7 215 0.699
25 8 272 0.713
25 9 232 0.734
25 10 201 0.807
25 11 162 0.873
25 12 162 0.873
25 13 156 0.805
25 14 184 0.802
25 15 195 0.832
25 16 192 0.804
25 17 183 0.88
25 18 145 0.86
25 19 160 0.834
25 20 163 0.879
25 21 160 0.893
25 22 151 0.834
25 23 158 0.804
25 24 136 0.881
25 25 164 0.884
25 26 157 0.931
25 27 163 0.837
25 28 152 0.901
25 29 151 0.855
25 30 143 0.839
25 31 138 0.789
25 32 147 0.812
25 33 140 0.785
25 34 146 0.869
25 35 132 0.815
25 36 152 0.892
25 37 141 0.694
25 38 144 0.845
25 39 133 0.753
25 40 132 0.878
25 41 139 0.891
25 42 168 0.816
25 43 162 0.873
25 44 160 0.915
25 45 178 0.752
25 46 205 0.783
25 47 316 0.86
25 48 368 0.757
26 1 508 0.717
26 2 380 0.672
26 3 306 0.775
26 4 299 0.763
26 5 265 0.718
26 6 227 0.758
26 7 219 0.739
26 8 209 0.706
26 9 202 0.721
26 10 250 0.867
26 11 205 0.799
26 12 206 0.796
26 13 223 0.789
26 14 167 0.691
26 15 211 0.656
26 16 177 0.781
26 17 142 0.75
26 18 170 0.818
26 19 168 0.919
26 20 151 0.641
26 21 169 0.746
26 22 144 0.795
26 23 184 0.846
26 24 146 0.865
26 25 154 0.83
26 26 160 0.862
26 27 158 0.852
26 28 177 0.806
26 29 46 0.927
26 30 53 0.916
26 31 169 0.714
26 32 146 0.856
26 33 132 0.815
26 34 130 0.833
26 35 129 0.635
26 36 116 0.948
26 37 132 0.903
26 38 143 0.916
26 39 160 0.814
26 40 156 0.832
26 41 145 0.714
26 42 122 0.691
26 43 159 0.857
26 44 190 0.786
26 45 182 0.875
26 46 222 0.873
26 47 125 0.615
26 48 117 0.822
27 1 497 0.64
27 2 384 0.662
27 3 273 0.861
27 4 270 0.622
27 5 276 0.8
27 6 269 0.644
27 7 240 0.846
27 8 213 0.797
27 9 185 0.898
27 10 205 0.874
27 11 238 0.666
27 12 209 0.758
27 13 188 0.642
27 14 201 0.74
27 15 207 0.455
27 16 181 0.706
27 17 155 0.856
27 18 169 0.84
27 19 156 0.841
27 20 163 0.63
27 21 173 0.806
27 22 162 0.772
27 23 158 0.67
27 24 142 0.854
27 25 144 0.836
27 26 142 0.854
27 27 166 0.853
27 28 141 0.752
27 29 164 0.747
27 30 200 0.734
27 31 142 0.833
27 32 146 0.946
27 33 150 0.858
27 34 135 0.888
27 35 122 0.803
27 36 129 0.814
27 37 151 0.798
27 38 131 0.839
27 39 141 0.827
27 40 152 0.766
27 41 144 0.709
27 42 144 0.815
27 43 162 0.738
27 44 171 0.87
27 45 175 0.65
27 46 231 0.808
27 47 333 0.85
27 48 316 0.891
28 1 505 0.661
28 2 412 0.582
28 3 365 0.713
28 4 286 0.844
28 5 272 0.823
28 6 263 0.794
28 7 245 0.734
28 8 237 0.869
28 9 208 0.853
28 10 184 0.683
28 11 202 0.715
28 12 220 0.791
28 13 273 0.753
28 14 236 0.598
28 15 204 0.844
28 16 218 0.75
28 17 160 0.722
28 18 185 0.707
28 19 175 0.804
28 20 185 0.87
28 21 187 0.899
28 22 184 0.656
28 23 195 0.745
28 24 145 0.793
28 25 158 0.785
28 26 170 0.916
28 27 166 0.733
28 28 150 0.715
28 29 149 0.769
28 30 170 0.865
28 31 117 0.686
28 32 157 0.867
28 33 230 0.783
28 34 155 0.655
28 35 167 0.887
28 36 152 0.869
28 37 197 0.768
28 38 147 0.792
28 39 156 0.841
28 40 174 0.894
28 41 198 0.795
28 42 153 0.825
28 43 159 0.866
28 44 211 0.847
28 45 177 0.788
28 46 238 0.849
28 47 272 0.817
28 48 367 0.891
29 1 269 0.563
29 2 294 0.561
29 3 377 0.582
29 4 231 0.751
29 5 324 0.821
29 6 294 0.803
29 7 274 0.767
29 8 274 0.73
29 9 241 0.724
29 10 247 0.753
29 11 213 0.807
29 12 220 0.823
29 13 151 0.787
29 14 147 0.853
29 15 285 0.747
29 16 222 0.703
29 17 240 0.817
29 18 233 0.737
29 19 177 0.901
29 20 203 0.825
29 21 259 0.738
29 22 183 0.685
29 23 202 0.88
29 24 176 0.866
29 25 200 0.864
29 26 172 0.884
29 27 165 0.82
29 28 193 0.899
29 29 211 0.753
29 30 192 0.911
29 31 185 0.835
29 32 191 0.89
29 33 190 0.747
29 34 196 0.922
29 35 171 0.87
29 36 175 0.772
29 37 172 0.743
29 38 160 0.862
29 39 178 0.776
29 40 187 0.808
29 41 194 0.813
29 42 170 0.799
29 43 159 0.693
29 44 200 0.82
29 45 201 0.814
29 46 272 0.823
29 47 90 0.792
29 48 153 0.897
30 1 489 0.701
30 2 449 0.433
30 3 384 0.669
30 4 354 0.59
30 5 356 0.466
30 6 276 0.806
30 7 318 0.728
30 8 252 0.851
30 9 259 0.842
30 10 288 0.784
30 11 304 0.81
30 12 184 0.877
30 13 338 0.815
30 14 325 0.761
30 15 242 0.863
30 16 255 0.721
30 17 242 0.81
30 18 234 0.844
30 19 266 0.791
30 20 249 0.794
30 21 217 0.796
30 22 222 0.838
30 23 164 0.915
30 24 232 0.851
30 25 206 0.871
30 26 209 0.76
30 27 188 0.884
30 28 202 0.836
30 29 168 0.915
30 30 174 0.916
30 31 208 0.708
30 32 219 0.837
30 33 232 0.697
30 34 153 0.866
30 35 202 0.794
30 36 141 0.88
30 37 182 0.848
30 38 183 0.783
30 39 209 0.839
30 40 213 0.821
30 41 198 0.802
30 42 212 0.817
30 43 140 0.851
30 44 195 0.754
30 45 231 0.872
30 46 262 0.771
30 47 243 0.884
30 48 407 0.74
31 1 456 0.493
31 2 481 0.595
31 3 565 0.468
31 4 502 0.601
31 5 383 0.581
31 6 407 0.616
31 7 328 0.6
31 8 330 0.672
31 9 322 0.766
31 10 320 0.836
31 11 270 0.809
31 12 286 0.768
31 13 46 0.651
31 14 35 0.897
31 15 305 0.813
31 16 276 0.904
31 17 391 0.766
31 18 344 0.742
31 19 244 0.815
31 20 227 0.885
31 21 282 0.906
31 22 253 0.703
31 23 262 0.892
31 24 314 0.796
31 25 272 0.852
31 26 256 0.761
31 27 235 0.848
31 28 266 0.809
31 29 250 0.835
31 30 252 0.763
31 31 228 0.813
31 32 236 0.797
31 33 195 0.917
31 34 253 0.585
31 35 216 0.809
31 36 254 0.81
31 37 234 0.775
31 38 247 0.809
31 39 243 0.86
31 40 205 0.813
31 41 233 0.872
31 42 248 0.791
31 43 296 0.849
31 44 195 0.888
31 45 280 0.832
31 46 319 0.884
31 47 353 0.859
31 48 373 0.841
32 1 602 0.556
32 2 648 0.706
32 3 644 0.624
32 4 536 0.477
32 5 450 0.629
32 6 530 0.553
32 7 471 0.679
32 8 425 0.701
32 9 479 0.545
32 10 408 0.804
32 11 461 0.769
32 12 355 0.813
32 13 344 0.735
32 14 297 0.707
32 15 359 0.791
32 16 325 0.829
32 17 479 0.782
32 18 269 0.8
32 19 324 0.747
32 20 321 0.808
32 21 337 0.86
32 22 292 0.817
32 23 295 0.773
32 24 305 0.839
32 25 276 0.8
32 26 290 0.901
32 27 323 0.749
32 28 305 0.692
32 29 273 0.791
32 30 399 0.755
32 31 300 0.831
32 32 403 0.747
32 33 320 0.792
32 34 300 0.883
32 35 300 0.819
32 36 360 0.804
32 37 289 0.888
32 38 313 0.846
32 39 381 0.845
32 40 288 0.786
32 41 305 0.805
32 42 437 0.822
32 43 313 0.826
32 44 341 0.83
32 45 371 0.861
32 46 368 0.867
32 47 362 0.803
32 48 537 0.842
