row  column  size-1  circ-1
1 1 589 0.7
1 2 513 0.693
1 3 514 0.666
1 4 485 0.802
1 5 407 0.802
1 6 410 0.754
1 7 348 0.807
1 8 376 0.717
1 9 374 0.848
1 10 374 0.807
1 11 363 0.737
1 12 352 0.843
1 13 325 0.804
1 14 350 0.777
1 15 367 0.93
1 16 329 0.801
1 17 400 0.824
1 18 374 0.783
1 19 346 0.877
1 20 322 0.797
1 21 343 0.855
1 22 340 0.745
1 23 339 0.699
1 24 384 0.834
1 25 280 0.854
1 26 344 0.843
1 27 338 0.75
1 28 373 0.815
1 29 362 0.853
1 30 319 0.814
1 31 315 0.851
1 32 412 0.764
1 33 400 0.761
1 34 415 0.808
1 35 401 0.729
1 36 383 0.869
1 37 407 0.677
1 38 368 0.811
1 39 353 0.739
1 40 355 0.818
1 41 402 0.788
1 42 364 0.739
1 43 331 0.758
1 44 508 0.676
1 45 453 0.726
1 46 541 0.661
1 47 673 0.746
1 48 695 0.804
2 1 424 0.838
2 2 367 0.752
2 3 0 0.0
2 4 12 0.967
2 5 335 0.734
2 6 288 0.725
2 7 277 0.845
2 8 259 0.858
2 9 286 0.85
2 10 279 0.738
2 11 0 0.0
2 12 136 0.858
2 13 276 0.887
2 14 301 0.908
2 15 0 0.0
2 16 288 0.919
2 17 16 0.857
2 18 20 0.717
2 19 0 0.0
2 20 39 0.949
2 21 243 0.68
2 22 274 0.809
2 23 0 0.0
2 24 250 0.851
2 25 232 0.886
2 26 237 0.838
2 27 161 0.711
2 28 156 0.794
2 29 249 0.831
2 30 256 0.825
2 31 251 0.774
2 32 236 0.803
2 33 243 0.622
2 34 264 0.726
2 35 233 0.848
2 36 216 0.755
2 37 270 0.824
2 38 277 0.845
2 39 254 0.848
2 40 261 0.588
2 41 268 0.895
2 42 311 0.835
2 43 344 0.726
2 44 345 0.761
2 45 31 0.596
2 46 67 0.448
2 47 486 0.66
2 48 648 0.882
3 1 414 0.795
3 2 326 0.812
3 3 336 0.757
3 4 320 0.767
3 5 268 0.732
3 6 283 0.792
3 7 231 0.89
3 8 235 0.88
3 9 245 0.57
3 10 243 0.834
3 11 253 0.701
3 12 228 0.846
3 13 283 0.76
3 14 255 0.816
3 15 265 0.747
3 16 215 0.74
3 17 225 0.835
3 18 241 0.884
3 19 223 0.753
3 20 185 0.799
3 21 214 0.785
3 22 223 0.67
3 23 222 0.824
3 24 222 0.792
3 25 216 0.818
3 26 249 0.774
3 27 214 0.709
3 28 215 0.814
3 29 225 0.76
3 30 249 0.841
3 31 223 0.87
3 32 199 0.685
3 33 227 0.746
3 34 223 0.514
3 35 177 0.832
3 36 158 0.882
3 37 233 0.751
3 38 240 0.754
3 39 165 0.828
3 40 206 0.78
3 41 218 0.778
3 42 250 0.806
3 43 282 0.671
3 44 315 0.694
3 45 325 0.779
3 46 343 0.749
3 47 388 0.695
3 48 529 0.79
4 1 473 0.65
4 2 312 0.809
4 3 312 0.738
4 4 288 0.649
4 5 285 0.516
4 6 257 0.805
4 7 245 0.906
4 8 211 0.761
4 9 247 0.779
4 10 221 0.724
4 11 190 0.893
4 12 170 0.926
4 13 250 0.771
4 14 228 0.727
4 15 244 0.888
4 16 226 0.623
4 17 192 0.701
4 18 184 0.865
4 19 178 0.786
4 20 171 0.786
4 21 207 0.856
4 22 236 0.866
4 23 180 0.858
4 24 209 0.899
4 25 173 0.806
4 26 188 0.748
4 27 223 0.795
4 28 209 0.883
4 29 202 0.836
4 30 213 0.775
4 31 25 0.676
4 32 19 0.853
4 33 215 0.871
4 34 198 0.89
4 35 191 0.76
4 36 199 0.718
4 37 139 0.891
4 38 163 0.81
4 39 181 0.871
4 40 194 0.75
4 41 195 0.869
4 42 240 0.817
4 43 243 0.796
4 44 253 0.786
4 45 282 0.768
4 46 323 0.733
4 47 357 0.817
4 48 480 0.648
5 1 473 0.609
5 2 319 0.742
5 3 256 0.68
5 4 261 0.7
5 5 241 0.833
5 6 229 0.85
5 7 242 0.78
5 8 258 0.735
5 9 238 0.842
5 10 216 0.867
5 11 223 0.828
5 12 192 0.74
5 13 215 0.831
5 14 211 0.855
5 15 220 0.848
5 16 223 0.744
5 17 161 0.683
5 18 228 0.871
5 19 199 0.834
5 20 194 0.779
5 21 222 0.77
5 22 206 0.787
5 23 136 0.871
5 24 153 0.845
5 25 144 0.824
5 26 196 0.797
5 27 170 0.792
5 28 191 0.776
5 29 163 0.818
5 30 189 0.71
5 31 161 0.727
5 32 216 0.849
5 33 203 0.85
5 34 180 0.723
5 35 193 0.71
5 36 197 0.815
5 37 192 0.704
5 38 201 0.824
5 39 167 0.803
5 40 202 0.765
5 41 166 0.908
5 42 241 0.653
5 43 269 0.655
5 44 234 0.818
5 45 274 0.851
5 46 318 0.75
5 47 385 0.761
5 48 557 0.659
6 1 409 0.623
6 2 297 0.655
6 3 299 0.752
6 4 276 0.897
6 5 91 0.892
6 6 92 0.654
6 7 220 0.794
6 8 231 0.84
6 9 11 0.715
6 10 21 0.906
6 11 191 0.79
6 12 154 0.744
6 13 215 0.821
6 14 200 0.899
6 15 176 0.847
6 16 193 0.834
6 17 182 0.84
6 18 192 0.829
6 19 191 0.776
6 20 187 0.815
6 21 204 0.757
6 22 162 0.856
6 23 191 0.723
6 24 184 0.748
6 25 159 0.602
6 26 186 0.77
6 27 133 0.834
6 28 178 0.803
6 29 194 0.884
6 30 161 0.868
6 31 163 0.777
6 32 206 0.898
6 33 46 0.885
6 34 11 0.691
6 35 122 0.929
6 36 109 0.854
6 37 0 0.0
6 38 0 0.0
6 39 203 0.792
6 40 165 0.851
6 41 171 0.87
6 42 178 0.686
6 43 161 0.622
6 44 274 0.706
6 45 19 0.987
6 46 25 0.873
6 47 408 0.675
6 48 496 0.625
7 1 416 0.604
7 2 287 0.739
7 3 239 0.729
7 4 237 0.739
7 5 239 0.798
7 6 212 0.859
7 7 196 0.722
7 8 235 0.711
7 9 198 0.615
7 10 212 0.78
7 11 179 0.823
7 12 203 0.792
7 13 206 0.765
7 14 215 0.746
7 15 193 0.775
7 16 178 0.746
7 17 173 0.774
7 18 167 0.737
7 19 123 0.759
7 20 152 0.784
7 21 158 0.76
7 22 130 0.889
7 23 179 0.797
7 24 164 0.854
7 25 179 0.853
7 26 163 0.766
7 27 163 0.879
7 28 150 0.8
7 29 149 0.658
7 30 176 0.672
7 31 149 0.769
7 32 108 0.846
7 33 186 0.779
7 34 187 0.76
7 35 114 0.848
7 36 150 0.774
7 37 193 0.809
7 38 184 0.812
7 39 197 0.859
7 40 164 0.693
7 41 177 0.799
7 42 173 0.764
7 43 180 0.838
7 44 239 0.807
7 45 309 0.719
7 46 300 0.666
7 47 352 0.843
7 48 426 0.695
8 1 386 0.752
8 2 274 0.748
8 3 300 0.819
8 4 254 0.848
8 5 267 0.7
8 6 243 0.775
8 7 216 0.802
8 8 203 0.745
8 9 181 0.758
8 10 206 0.78
8 11 175 0.831
8 12 176 0.667
8 13 207 0.753
8 14 184 0.795
8 15 173 0.84
8 16 205 0.848
8 17 174 0.845
8 18 207 0.738
8 19 171 0.748
8 20 161 0.695
8 21 236 0.728
8 22 230 0.679
8 23 186 0.734
8 24 158 0.843
8 25 169 0.702
8 26 168 0.819
8 27 169 0.933
8 28 178 0.856
8 29 153 0.713
8 30 207 0.747
8 31 175 0.749
8 32 149 0.874
8 33 162 0.844
8 34 197 0.808
8 35 176 0.784
8 36 166 0.817
8 37 174 0.714
8 38 190 0.839
8 39 174 0.837
8 40 191 0.87
8 41 175 0.861
8 42 160 0.884
8 43 178 0.796
8 44 232 0.774
8 45 263 0.839
8 46 312 0.634
8 47 427 0.517
8 48 413 0.693
9 1 355 0.595
9 2 292 0.607
9 3 332 0.737
9 4 271 0.745
9 5 259 0.751
9 6 236 0.753
9 7 212 0.817
9 8 208 0.853
9 9 216 0.818
9 10 191 0.878
9 11 216 0.849
9 12 199 0.799
9 13 197 0.64
9 14 169 0.848
9 15 213 0.769
9 16 196 0.828
9 17 187 0.783
9 18 159 0.681
9 19 141 0.89
9 20 157 0.765
9 21 170 0.719
9 22 162 0.873
9 23 165 0.848
9 24 174 0.856
9 25 176 0.791
9 26 157 0.838
9 27 152 0.686
9 28 182 0.896
9 29 151 0.834
9 30 179 0.89
9 31 136 0.818
9 32 160 0.825
9 33 174 0.818
9 34 189 0.782
9 35 189 0.897
9 36 171 0.804
9 37 190 0.741
9 38 183 0.833
9 39 195 0.8
9 40 177 0.909
9 41 179 0.766
9 42 172 0.766
9 43 207 0.605
9 44 276 0.704
9 45 216 0.633
9 46 293 0.654
9 47 348 0.595
9 48 402 0.745
10 1 388 0.63
10 2 299 0.68
10 3 79 0.857
10 4 87 0.755
10 5 19 0.725
10 6 12 0.781
10 7 194 0.766
10 8 183 0.597
10 9 14 0.811
10 10 25 0.919
10 11 203 0.724
10 12 217 0.694
10 13 0 0.0
10 14 25 0.566
10 15 206 0.796
10 16 191 0.832
10 17 135 0.865
10 18 173 0.795
10 19 145 0.682
10 20 176 0.866
10 21 168 0.719
10 22 160 0.722
10 23 178 0.864
10 24 165 0.786
10 25 162 0.882
10 26 153 0.845
10 27 162 0.632
10 28 160 0.762
10 29 172 0.773
10 30 140 0.813
10 31 153 0.797
10 32 172 0.827
10 33 177 0.931
10 34 171 0.823
10 35 94 0.75
10 36 97 0.88
10 37 72 0.666
10 38 87 0.853
10 39 206 0.619
10 40 184 0.795
10 41 176 0.701
10 42 185 0.749
10 43 193 0.834
10 44 207 0.856
10 45 12 0.851
10 46 26 0.854
10 47 356 0.826
10 48 423 0.694
11 1 369 0.819
11 2 291 0.605
11 3 244 0.678
11 4 242 0.795
11 5 217 0.679
11 6 208 0.804
11 7 191 0.8
11 8 199 0.739
11 9 195 0.624
11 10 199 0.867
11 11 194 0.892
11 12 181 0.721
11 13 185 0.824
11 14 217 0.871
11 15 139 0.824
11 16 173 0.806
11 17 185 0.843
11 18 178 0.724
11 19 136 0.895
11 20 160 0.788
11 21 122 0.834
11 22 189 0.877
11 23 143 0.756
11 24 166 0.681
11 25 178 0.769
11 26 172 0.794
11 27 161 0.641
11 28 142 0.784
11 29 141 0.89
11 30 156 0.821
11 31 125 0.78
11 32 127 0.836
11 33 172 0.727
11 34 179 0.942
11 35 169 0.889
11 36 183 0.88
11 37 205 0.813
11 38 185 0.881
11 39 144 0.889
11 40 182 0.811
11 41 198 0.829
11 42 197 0.601
11 43 205 0.656
11 44 209 0.767
11 45 268 0.783
11 46 278 0.728
11 47 304 0.632
11 48 401 0.522
12 1 327 0.791
12 2 274 0.754
12 3 265 0.667
12 4 242 0.786
12 5 225 0.781
12 6 180 0.777
12 7 224 0.808
12 8 197 0.689
12 9 170 0.894
12 10 213 0.814
12 11 215 0.74
12 12 226 0.863
12 13 220 0.778
12 14 174 0.659
12 15 189 0.853
12 16 187 0.767
12 17 177 0.835
12 18 137 0.888
12 19 166 0.882
12 20 170 0.81
12 21 305 0.875
12 22 261 0.796
12 23 154 0.851
12 24 191 0.807
12 25 144 0.836
12 26 163 0.87
12 27 186 0.779
12 28 175 0.783
12 29 230 0.814
12 30 215 0.761
12 31 191 0.87
12 32 159 0.741
12 33 170 0.865
12 34 194 0.726
12 35 175 0.797
12 36 172 0.773
12 37 170 0.792
12 38 155 0.808
12 39 204 0.742
12 40 193 0.907
12 41 163 0.821
12 42 169 0.723
12 43 17 0.359
12 44 0 0.0
12 45 268 0.727
12 46 302 0.719
12 47 286 0.636
12 48 410 0.778
13 1 356 0.678
13 2 268 0.758
13 3 249 0.864
13 4 207 0.814
13 5 213 0.739
13 6 198 0.829
13 7 191 0.73
13 8 224 0.722
13 9 181 0.862
13 10 172 0.82
13 11 217 0.917
13 12 199 0.875
13 13 172 0.769
13 14 168 0.683
13 15 184 0.771
13 16 121 0.646
13 17 157 0.898
13 18 178 0.848
13 19 190 0.839
13 20 162 0.787
13 21 159 0.828
13 22 161 0.72
13 23 164 0.863
13 24 181 0.742
13 25 166 0.845
13 26 177 0.788
13 27 169 0.805
13 28 172 0.783
13 29 194 0.864
13 30 164 0.764
13 31 187 0.808
13 32 175 0.79
13 33 176 0.827
13 34 178 0.786
13 35 191 0.77
13 36 183 0.826
13 37 178 0.73
13 38 224 0.831
13 39 184 0.677
13 40 178 0.837
13 41 180 0.795
13 42 203 0.833
13 43 220 0.83
13 44 236 0.803
13 45 217 0.768
13 46 214 0.817
13 47 260 0.698
13 48 357 0.855
14 1 355 0.778
14 2 243 0.891
14 3 151 0.834
14 4 138 0.617
14 5 246 0.83
14 6 212 0.762
14 7 227 0.85
14 8 196 0.846
14 9 218 0.771
14 10 0 0.0
14 11 174 0.837
14 12 190 0.686
14 13 23 0.902
14 14 0 0.0
14 15 202 0.854
14 16 178 0.856
14 17 195 0.732
14 18 193 0.791
14 19 190 0.735
14 20 172 0.794
14 21 183 0.86
14 22 0 0.0
14 23 189 0.816
14 24 182 0.896
14 25 12 0.695
14 26 27 0.714
14 27 177 0.868
14 28 212 0.834
14 29 176 0.887
14 30 156 0.862
14 31 36 0.441
14 32 62 0.672
14 33 13 0.496
14 34 12 0.781
14 35 88 0.754
14 36 110 0.899
14 37 165 0.761
14 38 180 0.82
14 39 174 0.856
14 40 205 0.833
14 41 174 0.885
14 42 166 0.845
14 43 201 0.768
14 44 217 0.79
14 45 0 0.0
14 46 117 0.472
14 47 278 0.716
14 48 388 0.788
15 1 347 0.631
15 2 222 0.801
15 3 266 0.811
15 4 245 0.703
15 5 199 0.724
15 6 205 0.777
15 7 226 0.784
15 8 186 0.924
15 9 166 0.798
15 10 159 0.878
15 11 163 0.691
15 12 231 0.699
15 13 215 0.805
15 14 189 0.834
15 15 170 0.926
15 16 193 0.801
15 17 152 0.766
15 18 203 0.833
15 19 170 0.792
15 20 188 0.827
15 21 160 0.745
15 22 163 0.821
15 23 151 0.768
15 24 155 0.827
15 25 159 0.687
15 26 173 0.901
15 27 180 0.78
15 28 188 0.727
15 29 171 0.762
15 30 171 0.772
15 31 125 0.564
15 32 128 0.9
15 33 198 0.805
15 34 188 0.83
15 35 167 0.737
15 36 152 0.738
15 37 158 0.618
15 38 164 0.747
15 39 181 0.775
15 40 180 0.768
15 41 202 0.804
15 42 183 0.798
15 43 180 0.812
15 44 177 0.888
15 45 217 0.762
15 46 243 0.722
15 47 229 0.84
15 48 383 0.686
16 1 373 0.712
16 2 264 0.595
16 3 238 0.849
16 4 238 0.726
16 5 244 0.853
16 6 193 0.86
16 7 228 0.761
16 8 230 0.776
16 9 199 0.792
16 10 173 0.813
16 11 0 0.0
16 12 13 0.922
16 13 181 0.871
16 14 169 0.73
16 15 183 0.833
16 16 194 0.624
16 17 214 0.924
16 18 214 0.772
16 19 194 0.772
16 20 174 0.714
16 21 205 0.761
16 22 183 0.808
16 23 152 0.861
16 24 152 0.924
16 25 173 0.718
16 26 162 0.779
16 27 32 0.676
16 28 24 0.86
16 29 183 0.729
16 30 196 0.787
16 31 168 0.772
16 32 161 0.782
16 33 160 0.762
16 34 183 0.722
16 35 181 0.729
16 36 169 0.813
16 37 188 0.692
16 38 173 0.832
16 39 189 0.869
16 40 179 0.842
16 41 175 0.763
16 42 167 0.9
16 43 189 0.702
16 44 192 0.749
16 45 178 0.906
16 46 251 0.584
16 47 320 0.699
16 48 367 0.525
17 1 338 0.812
17 2 289 0.679
17 3 291 0.755
17 4 249 0.754
17 5 210 0.69
17 6 263 0.848
17 7 252 0.798
17 8 231 0.834
17 9 144 0.75
17 10 133 0.745
17 11 216 0.867
17 12 224 0.856
17 13 200 0.845
17 14 179 0.728
17 15 193 0.823
17 16 149 0.803
17 17 156 0.883
17 18 178 0.837
17 19 168 0.79
17 20 175 0.842
17 21 163 0.829
17 22 165 0.848
17 23 156 0.805
17 24 175 0.772
17 25 193 0.86
17 26 166 0.624
17 27 177 0.741
17 28 194 0.806
17 29 183 0.729
17 30 157 0.773
17 31 167 0.803
17 32 181 0.736
17 33 191 0.851
17 34 195 0.824
17 35 175 0.85
17 36 197 0.801
17 37 186 0.895
17 38 170 0.826
17 39 163 0.704
17 40 194 0.789
17 41 198 0.593
17 42 214 0.867
17 43 188 0.802
17 44 179 0.808
17 45 211 0.704
17 46 228 0.791
17 47 244 0.83
17 48 363 0.826
18 1 361 0.643
18 2 263 0.784
18 3 272 0.836
18 4 250 0.785
18 5 19 0.916
18 6 0 0.0
18 7 45 0.85
18 8 37 0.948
18 9 235 0.838
18 10 208 0.722
18 11 0 0.0
18 12 227 0.738
18 13 201 0.907
18 14 180 0.838
18 15 0 0.0
18 16 153 0.771
18 17 137 0.738
18 18 203 0.733
18 19 173 0.764
18 20 194 0.789
18 21 23 0.824
18 22 25 0.494
18 23 230 0.783
18 24 156 0.862
18 25 0 0.0
18 26 23 0.824
18 27 185 0.765
18 28 180 0.882
18 29 0 0.0
18 30 10 0.579
18 31 167 0.796
18 32 167 0.83
18 33 18 0.965
18 34 30 0.857
18 35 201 0.807
18 36 187 0.879
18 37 0 0.0
18 38 42 0.846
18 39 185 0.806
18 40 179 0.823
18 41 12 0.931
18 42 0 0.0
18 43 195 0.807
18 44 206 0.787
18 45 213 0.855
18 46 239 0.792
18 47 239 0.813
18 48 381 0.717
19 1 394 0.648
19 2 263 0.885
19 3 238 0.842
19 4 229 0.65
19 5 206 0.765
19 6 247 0.788
19 7 226 0.8
19 8 243 0.626
19 9 193 0.731
19 10 205 0.649
19 11 197 0.737
19 12 228 0.719
19 13 166 0.756
19 14 157 0.876
19 15 183 0.889
19 16 194 0.756
19 17 189 0.869
19 18 170 0.767
19 19 174 0.885
19 20 172 0.884
19 21 191 0.81
19 22 173 0.824
19 23 179 0.78
19 24 182 0.71
19 25 188 0.876
19 26 155 0.835
19 27 207 0.807
19 28 175 0.763
19 29 204 0.812
19 30 195 0.8
19 31 207 0.814
19 32 151 0.556
19 33 182 0.779
19 34 196 0.707
19 35 152 0.792
19 36 186 0.747
19 37 193 0.768
19 38 176 0.76
19 39 166 0.895
19 40 146 0.588
19 41 172 0.82
19 42 193 0.753
19 43 171 0.862
19 44 187 0.863
19 45 234 0.821
19 46 257 0.59
19 47 262 0.892
19 48 397 0.843
20 1 301 0.75
20 2 294 0.638
20 3 276 0.605
20 4 237 0.718
20 5 237 0.785
20 6 247 0.888
20 7 221 0.782
20 8 202 0.548
20 9 219 0.766
20 10 216 0.886
20 11 15 0.524
20 12 20 0.585
20 13 208 0.811
20 14 193 0.791
20 15 254 0.81
20 16 205 0.866
20 17 140 0.673
20 18 162 0.715
20 19 173 0.731
20 20 185 0.792
20 21 72 0.82
20 22 35 0.793
20 23 200 0.803
20 24 182 0.769
20 25 210 0.819
20 26 224 0.846
20 27 32 0.704
20 28 192 0.787
20 29 114 0.779
20 30 167 0.754
20 31 204 0.779
20 32 204 0.736
20 33 183 0.86
20 34 188 0.805
20 35 153 0.816
20 36 171 0.804
20 37 162 0.824
20 38 203 0.877
20 39 169 0.753
20 40 180 0.846
20 41 176 0.855
20 42 187 0.59
20 43 168 0.835
20 44 171 0.755
20 45 185 0.759
20 46 238 0.585
20 47 267 0.753
20 48 306 0.783
21 1 361 0.746
21 2 294 0.728
21 3 247 0.721
21 4 263 0.871
21 5 266 0.797
21 6 232 0.796
21 7 231 0.658
21 8 207 0.875
21 9 205 0.823
21 10 227 0.718
21 11 213 0.775
21 12 178 0.721
21 13 165 0.786
21 14 202 0.687
21 15 165 0.776
21 16 160 0.834
21 17 163 0.766
21 18 183 0.75
21 19 158 0.736
21 20 198 0.902
21 21 175 0.74
21 22 173 0.91
21 23 188 0.788
21 24 194 0.796
21 25 179 0.911
21 26 198 0.72
21 27 171 0.765
21 28 194 0.735
21 29 151 0.886
21 30 158 0.823
21 31 183 0.808
21 32 174 0.651
21 33 180 0.738
21 34 172 0.766
21 35 180 0.854
21 36 176 0.701
21 37 147 0.773
21 38 171 0.812
21 39 188 0.647
21 40 170 0.734
21 41 185 0.843
21 42 195 0.88
21 43 198 0.772
21 44 171 0.913
21 45 235 0.88
21 46 231 0.745
21 47 285 0.739
21 48 327 0.771
22 1 384 0.78
22 2 332 0.385
22 3 282 0.824
22 4 266 0.609
22 5 22 0.681
22 6 0 0.0
22 7 245 0.857
22 8 252 0.718
22 9 10 -1.0
22 10 0 0.0
22 11 217 0.753
22 12 212 0.896
22 13 197 0.612
22 14 155 0.827
22 15 183 0.798
22 16 183 0.852
22 17 174 0.865
22 18 173 0.788
22 19 181 0.921
22 20 176 0.802
22 21 182 0.864
22 22 172 0.927
22 23 73 0.956
22 24 64 0.661
22 25 0 0.0
22 26 18 0.895
22 27 189 0.643
22 28 193 0.868
22 29 138 0.822
22 30 156 0.841
22 31 172 0.847
22 32 126 0.699
22 33 166 0.886
22 34 162 0.738
22 35 157 0.898
22 36 164 0.875
22 37 148 0.924
22 38 138 0.871
22 39 169 0.832
22 40 152 0.803
22 41 0 0.0
22 42 18 0.808
22 43 194 0.838
22 44 185 0.692
22 45 198 0.756
22 46 254 0.81
22 47 316 0.782
22 48 382 0.718
23 1 456 0.63
23 2 351 0.633
23 3 237 0.705
23 4 279 0.623
23 5 260 0.547
23 6 214 0.842
23 7 205 0.746
23 8 191 0.65
23 9 205 0.841
23 10 173 0.795
23 11 203 0.754
23 12 214 0.683
23 13 212 0.774
23 14 198 0.805
23 15 176 0.812
23 16 194 0.789
23 17 195 0.555
23 18 156 0.743
23 19 153 0.789
23 20 169 0.813
23 21 179 0.79
23 22 167 0.724
23 23 169 0.702
23 24 189 0.792
23 25 210 0.809
23 26 170 0.845
23 27 177 0.871
23 28 180 0.688
23 29 178 0.915
23 30 154 0.851
23 31 151 0.787
23 32 182 0.731
23 33 177 0.843
23 34 165 0.555
23 35 145 0.691
23 36 174 0.599
23 37 168 0.835
23 38 163 0.683
23 39 190 0.796
23 40 163 0.698
23 41 183 0.653
23 42 214 0.69
23 43 161 0.868
23 44 204 0.795
23 45 247 0.788
23 46 251 0.861
23 47 274 0.8
23 48 378 0.594
24 1 418 0.343
24 2 332 0.63
24 3 309 0.59
24 4 320 0.453
24 5 282 0.676
24 6 241 0.699
24 7 247 0.796
24 8 238 0.81
24 9 273 0.777
24 10 240 0.655
24 11 236 0.72
24 12 159 0.801
24 13 206 0.78
24 14 180 0.717
24 15 150 0.88
24 16 176 0.82
24 17 164 0.693
24 18 166 0.806
24 19 172 0.679
24 20 164 0.747
24 21 78 0.829
24 22 57 0.853
24 23 171 0.85
24 24 203 0.754
24 25 214 0.794
24 26 192 0.764
24 27 31 0.96
24 28 26 0.76
24 29 182 0.837
24 30 185 0.87
24 31 211 0.865
24 32 213 0.823
24 33 169 0.73
24 34 164 0.789
24 35 158 0.873
24 36 133 0.78
24 37 195 0.8
24 38 169 0.868
24 39 149 0.784
24 40 180 0.838
24 41 192 0.812
24 42 193 0.565
24 43 174 0.742
24 44 212 0.803
24 45 287 0.683
24 46 301 0.745
24 47 304 0.696
24 48 432 0.724
25 1 455 0.537
25 2 334 0.518
25 3 364 0.534
25 4 344 0.715
25 5 296 0.51
25 6 278 0.666
25 7 252 0.744
25 8 246 0.821
25 9 216 0.622
25 10 214 0.842
25 11 246 0.69
25 12 233 0.855
25 13 205 0.833
25 14 196 0.764
25 15 153 0.907
25 16 172 0.855
25 17 168 0.793
25 18 186 0.747
25 19 193 0.768
25 20 166 0.865
25 21 185 0.799
25 22 182 0.821
25 23 169 0.88
25 24 185 0.782
25 25 181 0.7
25 26 196 0.854
25 27 162 0.805
25 28 165 0.633
25 29 153 0.771
25 30 158 0.796
25 31 169 0.889
25 32 186 0.696
25 33 190 0.813
25 34 186 0.763
25 35 215 0.74
25 36 168 0.846
25 37 180 0.747
25 38 168 0.819
25 39 143 0.798
25 40 222 0.848
25 41 186 0.829
25 42 231 0.801
25 43 246 0.793
25 44 253 0.521
25 45 247 0.462
25 46 269 0.598
25 47 325 0.723
25 48 448 0.678
26 1 466 0.628
26 2 387 0.558
26 3 176 0.628
26 4 135 0.566
26 5 0 0.0
26 6 17 0.693
26 7 166 0.917
26 8 153 0.746
26 9 237 0.632
26 10 238 0.826
26 11 204 0.819
26 12 208 0.821
26 13 195 0.783
26 14 189 0.869
26 15 223 0.795
26 16 183 0.75
26 17 194 0.643
26 18 171 0.842
26 19 190 0.796
26 20 208 0.742
26 21 168 0.875
26 22 172 0.847
26 23 193 0.816
26 24 203 0.778
26 25 0 0.0
26 26 0 0.0
26 27 209 0.798
26 28 182 0.753
26 29 187 0.683
26 30 177 0.665
26 31 184 0.755
26 32 180 0.82
26 33 0 0.0
26 34 0 0.0
26 35 205 0.774
26 36 191 0.807
26 37 185 0.854
26 38 210 0.78
26 39 192 0.764
26 40 180 0.777
26 41 0 0.0
26 42 0 0.0
26 43 226 0.657
26 44 244 0.644
26 45 272 0.713
26 46 281 0.827
26 47 333 0.798
26 48 455 0.633
27 1 484 0.557
27 2 372 0.543
27 3 356 0.674
27 4 292 0.562
27 5 320 0.567
27 6 235 0.764
27 7 229 0.693
27 8 232 0.742
27 9 204 0.736
27 10 224 0.889
27 11 222 0.785
27 12 203 0.727
27 13 210 0.809
27 14 175 0.772
27 15 210 0.812
27 16 192 0.764
27 17 185 0.721
27 18 182 0.74
27 19 163 0.81
27 20 186 0.677
27 21 179 0.659
27 22 212 0.81
27 23 192 0.778
27 24 188 0.755
27 25 225 0.676
27 26 191 0.832
27 27 203 0.785
27 28 202 0.811
27 29 170 0.734
27 30 180 0.82
27 31 186 0.685
27 32 200 0.722
27 33 186 0.803
27 34 179 0.747
27 35 158 0.796
27 36 169 0.554
27 37 180 0.812
27 38 170 0.792
27 39 199 0.799
27 40 164 0.906
27 41 204 0.77
27 42 240 0.651
27 43 235 0.793
27 44 235 0.845
27 45 248 0.828
27 46 282 0.876
27 47 351 0.521
27 48 432 0.751
28 1 499 0.624
28 2 414 0.426
28 3 404 0.413
28 4 337 0.656
28 5 277 0.659
28 6 288 0.639
28 7 269 0.559
28 8 254 0.775
28 9 254 0.755
28 10 268 0.427
28 11 221 0.807
28 12 222 0.824
28 13 224 0.742
28 14 207 0.814
28 15 210 0.843
28 16 204 0.844
28 17 187 0.767
28 18 190 0.562
28 19 191 0.8
28 20 215 0.846
28 21 179 0.621
28 22 168 0.675
28 23 202 0.69
28 24 187 0.79
28 25 193 0.753
28 26 190 0.854
28 27 260 0.808
28 28 12 0.597
28 29 225 0.61
28 30 195 0.824
28 31 213 0.769
28 32 208 0.818
28 33 185 0.835
28 34 189 0.775
28 35 189 0.792
28 36 182 0.664
28 37 200 0.675
28 38 217 0.879
28 39 204 0.757
28 40 208 0.653
28 41 181 0.706
28 42 186 0.803
28 43 253 0.576
28 44 262 0.754
28 45 265 0.749
28 46 324 0.636
28 47 352 0.764
28 48 449 0.562
29 1 609 0.635
29 2 394 0.447
29 3 372 0.461
29 4 373 0.495
29 5 313 0.665
29 6 329 0.534
29 7 246 0.779
29 8 212 0.75
29 9 287 0.715
29 10 272 0.839
29 11 241 0.631
29 12 273 0.797
29 13 242 0.84
29 14 240 0.817
29 15 198 0.671
29 16 259 0.762
29 17 253 0.594
29 18 236 0.702
29 19 219 0.651
29 20 283 0.773
29 21 221 0.752
29 22 231 0.771
29 23 204 0.826
29 24 236 0.679
29 25 258 0.717
29 26 249 0.906
29 27 224 0.856
29 28 227 0.718
29 29 217 0.887
29 30 231 0.712
29 31 231 0.759
29 32 184 0.616
29 33 213 0.769
29 34 217 0.871
29 35 218 0.833
29 36 196 0.734
29 37 225 0.842
29 38 246 0.701
29 39 238 0.753
29 40 222 0.808
29 41 243 0.891
29 42 271 0.727
29 43 265 0.796
29 44 272 0.73
29 45 263 0.744
29 46 318 0.752
29 47 363 0.614
29 48 517 0.754
30 1 160 0.268
30 2 116 0.304
30 3 442 0.451
30 4 395 0.53
30 5 0 0.0
30 6 0 0.0
30 7 321 0.621
30 8 304 0.66
30 9 284 0.77
30 10 0 0.0
30 11 315 0.601
30 12 282 0.618
30 13 16 0.857
30 14 0 0.0
30 15 283 0.652
30 16 273 0.71
30 17 249 0.864
30 18 263 0.741
30 19 241 0.783
30 20 258 0.823
30 21 211 0.48
30 22 298 0.607
30 23 75 0.588
30 24 57 0.859
30 25 0 0.0
30 26 0 0.0
30 27 257 0.792
30 28 309 0.791
30 29 130 0.899
30 30 144 0.68
30 31 270 0.783
30 32 276 0.778
30 33 0 0.0
30 34 0 0.0
30 35 226 0.729
30 36 250 0.851
30 37 0 0.0
30 38 0 0.0
30 39 277 0.731
30 40 288 0.856
30 41 11 0.589
30 42 14 0.727
30 43 311 0.788
30 44 332 0.79
30 45 355 0.591
30 46 348 0.795
30 47 432 0.518
30 48 492 0.688
31 1 680 0.757
31 2 558 0.369
31 3 477 0.34
31 4 450 0.307
31 5 468 0.392
31 6 385 0.654
31 7 403 0.442
31 8 377 0.685
31 9 415 0.492
31 10 407 0.62
31 11 364 0.693
31 12 282 0.601
31 13 299 0.663
31 14 315 0.787
31 15 315 0.649
31 16 285 0.778
31 17 302 0.76
31 18 271 0.607
31 19 264 0.675
31 20 284 0.676
31 21 279 0.795
31 22 281 0.639
31 23 265 0.802
31 24 331 0.847
31 25 348 0.702
31 26 362 0.619
31 27 390 0.729
31 28 382 0.575
31 29 316 0.752
31 30 304 0.552
31 31 294 0.797
31 32 259 0.743
31 33 313 0.78
31 34 312 0.703
31 35 276 0.792
31 36 277 0.781
31 37 321 0.663
31 38 314 0.603
31 39 334 0.777
31 40 345 0.672
31 41 303 0.869
31 42 384 0.537
31 43 367 0.604
31 44 415 0.596
31 45 447 0.734
31 46 482 0.648
31 47 479 0.499
31 48 515 0.537
32 1 724 0.672
32 2 721 0.767
32 3 676 0.59
32 4 599 0.331
32 5 671 0.629
32 6 597 0.513
32 7 408 0.453
32 8 621 0.618
32 9 501 0.412
32 10 511 0.718
32 11 382 0.658
32 12 555 0.536
32 13 401 0.627
32 14 433 0.699
32 15 469 0.709
32 16 292 0.644
32 17 443 0.615
32 18 495 0.586
32 19 411 0.699
32 20 391 0.638
32 21 382 0.787
32 22 413 0.567
32 23 395 0.704
32 24 416 0.769
32 25 442 0.564
32 26 441 0.459
32 27 50 0.524
32 28 28 0.429
32 29 456 0.868
32 30 436 0.592
32 31 424 0.771
32 32 458 0.719
32 33 460 0.78
32 34 432 0.785
32 35 457 0.801
32 36 465 0.718
32 37 440 0.649
32 38 426 0.606
32 39 430 0.605
32 40 426 0.666
32 41 430 0.68
32 42 430 0.771
32 43 449 0.697
32 44 566 0.787
32 45 626 0.774
32 46 586 0.855
32 47 517 0.69
32 48 655 0.819
