row  column  size-1  circ-1
1 1 253 0.81
1 2 281 0.781
1 3 278 0.767
1 4 305 0.797
1 5 264 0.752
1 6 299 0.852
1 7 279 0.883
1 8 290 0.803
1 9 276 0.874
1 10 254 0.864
1 11 258 0.902
1 12 305 0.845
1 13 259 0.72
1 14 178 0.829
1 15 264 0.898
1 16 268 0.912
1 17 141 0.871
1 18 139 0.807
1 19 251 0.878
1 20 257 0.899
1 21 279 0.821
1 22 237 0.838
1 23 280 0.877
1 24 268 0.848
1 25 276 0.897
1 26 169 0.832
1 27 275 0.861
1 28 290 0.847
1 29 162 0.882
1 30 213 0.791
1 31 270 0.891
1 32 163 0.784
1 33 257 0.835
1 34 306 0.871
1 35 55 0.873
1 36 287 0.853
1 37 235 0.88
1 38 275 0.894
1 39 230 0.798
1 40 298 0.834
1 41 314 0.864
1 42 207 0.797
1 43 412 0.854
1 44 574 0.884
1 45 490 0.677
1 46 480 0.755
1 47 460 0.553
1 48 426 0.845
2 1 230 0.861
2 2 307 0.765
2 3 249 0.874
2 4 257 0.892
2 5 289 0.838
2 6 302 0.773
2 7 238 0.826
2 8 265 0.839
2 9 277 0.861
2 10 281 0.806
2 11 279 0.795
2 12 271 0.898
2 13 258 0.861
2 14 249 0.906
2 15 257 0.813
2 16 269 0.8
2 17 262 0.868
2 18 302 0.783
2 19 279 0.873
2 20 234 0.844
2 21 263 0.938
2 22 257 0.829
2 23 258 0.848
2 24 265 0.788
2 25 248 0.885
2 26 246 0.902
2 27 261 0.842
2 28 223 0.885
2 29 262 0.808
2 30 232 0.92
2 31 234 0.735
2 32 261 0.895
2 33 234 0.828
2 34 259 0.916
2 35 287 0.892
2 36 308 0.862
2 37 293 0.884
2 38 373 0.828
2 39 249 0.864
2 40 313 0.834
2 41 331 0.819
2 42 314 0.834
2 43 378 0.803
2 44 366 0.857
2 45 336 0.872
2 46 321 0.808
2 47 397 0.747
2 48 378 0.784
3 1 243 0.917
3 2 226 0.889
3 3 275 0.894
3 4 362 0.769
3 5 244 0.824
3 6 263 0.848
3 7 261 0.871
3 8 259 0.842
3 9 185 0.85
3 10 311 0.908
3 11 211 0.823
3 12 233 0.872
3 13 0 0.0
3 14 11 0.887
3 15 228 0.747
3 16 234 0.812
3 17 247 0.906
3 18 252 0.841
3 19 296 0.88
3 20 243 0.827
3 21 229 0.901
3 22 242 0.817
3 23 247 0.867
3 24 294 0.823
3 25 239 0.829
3 26 250 0.851
3 27 236 0.859
3 28 271 0.898
3 29 244 0.853
3 30 282 0.883
3 31 241 0.82
3 32 253 0.822
3 33 260 0.909
3 34 273 0.904
3 35 155 0.878
3 36 152 0.811
3 37 269 0.881
3 38 296 0.887
3 39 279 0.845
3 40 264 0.842
3 41 270 0.756
3 42 283 0.826
3 43 315 0.904
3 44 350 0.789
3 45 328 0.793
3 46 338 0.837
3 47 309 0.844
3 48 381 0.851
4 1 305 0.791
4 2 297 0.811
4 3 316 0.848
4 4 309 0.835
4 5 273 0.894
4 6 283 0.91
4 7 222 0.891
4 8 291 0.847
4 9 259 0.826
4 10 302 0.805
4 11 265 0.885
4 12 298 0.828
4 13 245 0.811
4 14 243 0.811
4 15 211 0.873
4 16 222 0.866
4 17 230 0.854
4 18 243 0.902
4 19 229 0.893
4 20 224 0.815
4 21 221 0.869
4 22 225 0.842
4 23 235 0.862
4 24 247 0.818
4 25 156 0.805
4 26 233 0.766
4 27 246 0.853
4 28 251 0.878
4 29 238 0.891
4 30 236 0.883
4 31 192 0.804
4 32 231 0.811
4 33 252 0.899
4 34 236 0.948
4 35 260 0.823
4 36 236 0.866
4 37 274 0.851
4 38 249 0.847
4 39 212 0.896
4 40 200 0.872
4 41 259 0.756
4 42 246 0.885
4 43 293 0.901
4 44 313 0.889
4 45 287 0.817
4 46 343 0.796
4 47 299 0.858
4 48 402 0.75
5 1 307 0.731
5 2 433 0.819
5 3 335 0.774
5 4 322 0.83
5 5 273 0.745
5 6 263 0.749
5 7 299 0.758
5 8 232 0.774
5 9 292 0.797
5 10 231 0.751
5 11 235 0.815
5 12 273 0.871
5 13 213 0.855
5 14 248 0.86
5 15 228 0.853
5 16 259 0.881
5 17 185 0.775
5 18 230 0.879
5 19 217 0.822
5 20 220 0.865
5 21 212 0.787
5 22 209 0.895
5 23 236 0.859
5 24 269 0.898
5 25 232 0.734
5 26 246 0.83
5 27 250 0.867
5 28 226 0.846
5 29 245 0.761
5 30 232 0.762
5 31 251 0.854
5 32 245 0.781
5 33 254 0.864
5 34 242 0.863
5 35 246 0.877
5 36 235 0.752
5 37 266 0.805
5 38 263 0.782
5 39 238 0.708
5 40 262 0.851
5 41 288 0.755
5 42 307 0.818
5 43 364 0.766
5 44 309 0.829
5 45 296 0.871
5 46 371 0.836
5 47 317 0.863
5 48 419 0.734
6 1 268 0.826
6 2 234 0.876
6 3 315 0.825
6 4 302 0.816
6 5 345 0.768
6 6 322 0.83
6 7 241 0.836
6 8 221 0.844
6 9 286 0.768
6 10 240 0.856
6 11 229 0.85
6 12 235 0.88
6 13 236 0.832
6 14 231 0.85
6 15 259 0.835
6 16 216 0.792
6 17 225 0.904
6 18 201 0.8
6 19 193 0.775
6 20 228 0.83
6 21 156 0.824
6 22 261 0.878
6 23 195 0.817
6 24 222 0.824
6 25 202 0.872
6 26 229 0.794
6 27 238 0.81
6 28 251 0.831
6 29 232 0.805
6 30 270 0.877
6 31 204 0.862
6 32 231 0.801
6 33 236 0.902
6 34 230 0.83
6 35 234 0.869
6 36 254 0.888
6 37 244 0.744
6 38 252 0.819
6 39 268 0.861
6 40 214 0.817
6 41 263 0.817
6 42 264 0.811
6 43 297 0.896
6 44 301 0.879
6 45 309 0.835
6 46 307 0.859
6 47 327 0.742
6 48 392 0.843
7 1 244 0.772
7 2 231 0.865
7 3 330 0.798
7 4 363 0.837
7 5 316 0.834
7 6 303 0.825
7 7 73 0.73
7 8 135 0.908
7 9 214 0.852
7 10 217 0.898
7 11 209 0.782
7 12 203 0.747
7 13 231 0.908
7 14 236 0.859
7 15 188 0.856
7 16 240 0.898
7 17 192 0.848
7 18 238 0.898
7 19 235 0.806
7 20 244 0.824
7 21 230 0.871
7 22 191 0.89
7 23 241 0.846
7 24 232 0.783
7 25 252 0.798
7 26 264 0.874
7 27 199 0.898
7 28 227 0.843
7 29 237 0.845
7 30 228 0.871
7 31 237 0.838
7 32 216 0.86
7 33 232 0.861
7 34 239 0.716
7 35 251 0.861
7 36 232 0.912
7 37 245 0.834
7 38 264 0.814
7 39 246 0.821
7 40 265 0.788
7 41 253 0.845
7 42 240 0.917
7 43 287 0.789
7 44 296 0.755
7 45 278 0.861
7 46 296 0.716
7 47 339 0.845
7 48 392 0.762
8 1 259 0.899
8 2 342 0.833
8 3 350 0.887
8 4 309 0.765
8 5 203 0.933
8 6 293 0.862
8 7 285 0.778
8 8 231 0.808
8 9 254 0.769
8 10 262 0.829
8 11 221 0.797
8 12 244 0.853
8 13 278 0.911
8 14 223 0.877
8 15 219 0.83
8 16 154 0.881
8 17 223 0.852
8 18 228 0.871
8 19 220 0.749
8 20 246 0.902
8 21 247 0.888
8 22 217 0.871
8 23 267 0.814
8 24 321 0.8
8 25 226 0.881
8 26 221 0.776
8 27 222 0.891
8 28 214 0.933
8 29 243 0.86
8 30 243 0.86
8 31 197 0.851
8 32 280 0.786
8 33 246 0.921
8 34 271 0.842
8 35 244 0.847
8 36 243 0.91
8 37 246 0.86
8 38 250 0.874
8 39 87 0.853
8 40 127 0.903
8 41 280 0.877
8 42 245 0.769
8 43 266 0.818
8 44 301 0.775
8 45 336 0.824
8 46 364 0.878
8 47 422 0.87
8 48 373 0.833
9 1 257 0.882
9 2 234 0.844
9 3 383 0.844
9 4 319 0.747
9 5 277 0.824
9 6 220 0.823
9 7 203 0.808
9 8 215 0.761
9 9 213 0.823
9 10 205 0.885
9 11 355 0.826
9 12 194 0.813
9 13 213 0.807
9 14 265 0.832
9 15 222 0.927
9 16 234 0.876
9 17 206 0.837
9 18 223 0.725
9 19 301 0.879
9 20 229 0.85
9 21 229 0.833
9 22 128 0.842
9 23 204 0.889
9 24 242 0.906
9 25 216 0.802
9 26 223 0.862
9 27 49 0.846
9 28 72 0.82
9 29 230 0.879
9 30 246 0.877
9 31 208 0.804
9 32 272 0.809
9 33 250 0.835
9 34 223 0.835
9 35 234 0.708
9 36 239 0.887
9 37 230 0.912
9 38 259 0.805
9 39 260 0.808
9 40 265 0.808
9 41 222 0.918
9 42 283 0.863
9 43 280 0.797
9 44 270 0.884
9 45 343 0.835
9 46 308 0.78
9 47 367 0.47
9 48 365 0.746
10 1 301 0.836
10 2 284 0.762
10 3 372 0.871
10 4 337 0.889
10 5 202 0.92
10 6 279 0.83
10 7 227 0.794
10 8 246 0.799
10 9 254 0.888
10 10 218 0.823
10 11 82 0.934
10 12 97 0.909
10 13 288 0.865
10 14 224 0.856
10 15 266 0.864
10 16 227 0.885
10 17 235 0.838
10 18 210 0.888
10 19 237 0.845
10 20 219 0.79
10 21 203 0.792
10 22 203 0.904
10 23 253 0.885
10 24 201 0.924
10 25 248 0.844
10 26 253 0.851
10 27 250 0.899
10 28 248 0.851
10 29 252 0.804
10 30 217 0.829
10 31 249 0.825
10 32 272 0.884
10 33 268 0.895
10 34 234 0.821
10 35 210 0.819
10 36 230 0.897
10 37 233 0.848
10 38 221 0.844
10 39 196 0.828
10 40 198 0.812
10 41 253 0.766
10 42 261 0.839
10 43 272 0.852
10 44 296 0.776
10 45 297 0.773
10 46 311 0.807
10 47 375 0.551
10 48 322 0.83
11 1 320 0.774
11 2 350 0.881
11 3 334 0.79
11 4 367 0.704
11 5 310 0.832
11 6 342 0.846
11 7 186 0.895
11 8 211 0.847
11 9 210 0.829
11 10 238 0.747
11 11 285 0.909
11 12 297 0.846
11 13 132 0.837
11 14 192 0.874
11 15 226 0.778
11 16 194 0.681
11 17 214 0.867
11 18 218 0.85
11 19 251 0.754
11 20 277 0.854
11 21 233 0.811
11 22 244 0.847
11 23 257 0.74
11 24 243 0.778
11 25 276 0.904
11 26 191 0.776
11 27 245 0.857
11 28 251 0.847
11 29 261 0.842
11 30 204 0.889
11 31 195 0.888
11 32 264 0.771
11 33 238 0.866
11 34 240 0.88
11 35 239 0.862
11 36 212 0.75
11 37 231 0.857
11 38 231 0.916
11 39 231 0.759
11 40 230 0.798
11 41 251 0.786
11 42 261 0.826
11 43 252 0.804
11 44 267 0.736
11 45 303 0.799
11 46 297 0.867
11 47 343 0.701
11 48 306 0.757
12 1 224 0.831
12 2 298 0.834
12 3 350 0.777
12 4 332 0.827
12 5 333 0.852
12 6 357 0.823
12 7 181 0.824
12 8 262 0.823
12 9 219 0.879
12 10 226 0.889
12 11 235 0.793
12 12 273 0.871
12 13 235 0.815
12 14 258 0.91
12 15 228 0.871
12 16 237 0.832
12 17 257 0.835
12 18 202 0.912
12 19 231 0.789
12 20 246 0.83
12 21 243 0.736
12 22 237 0.869
12 23 207 0.86
12 24 226 0.889
12 25 251 0.895
12 26 244 0.725
12 27 272 0.794
12 28 273 0.855
12 29 253 0.78
12 30 262 0.851
12 31 253 0.713
12 32 235 0.862
12 33 264 0.829
12 34 202 0.908
12 35 184 0.873
12 36 184 0.761
12 37 269 0.842
12 38 214 0.817
12 39 223 0.852
12 40 211 0.865
12 41 214 0.885
12 42 218 0.883
12 43 232 0.802
12 44 215 0.812
12 45 270 0.803
12 46 288 0.781
12 47 247 0.796
12 48 315 0.772
13 1 320 0.805
13 2 299 0.816
13 3 318 0.814
13 4 330 0.791
13 5 0 0.0
13 6 0 0.0
13 7 284 0.823
13 8 236 0.842
13 9 207 0.894
13 10 240 0.833
13 11 246 0.877
13 12 266 0.898
13 13 293 0.781
13 14 215 0.838
13 15 231 0.847
13 16 227 0.85
13 17 224 0.831
13 18 221 0.869
13 19 228 0.77
13 20 281 0.842
13 21 81 0.878
13 22 254 0.816
13 23 224 0.889
13 24 202 0.854
13 25 286 0.85
13 26 228 0.908
13 27 257 0.842
13 28 262 0.838
13 29 246 0.885
13 30 263 0.938
13 31 276 0.836
13 32 189 0.861
13 33 226 0.881
13 34 250 0.851
13 35 216 0.913
13 36 237 0.862
13 37 193 0.895
13 38 216 0.86
13 39 236 0.747
13 40 212 0.896
13 41 219 0.837
13 42 202 0.872
13 43 204 0.889
13 44 246 0.821
13 45 257 0.77
13 46 286 0.872
13 47 283 0.812
13 48 297 0.831
14 1 373 0.841
14 2 316 0.842
14 3 303 0.863
14 4 267 0.823
14 5 301 0.851
14 6 370 0.842
14 7 246 0.83
14 8 255 0.822
14 9 236 0.825
14 10 225 0.835
14 11 201 0.895
14 12 199 0.783
14 13 261 0.757
14 14 251 0.816
14 15 238 0.866
14 16 219 0.837
14 17 238 0.856
14 18 226 0.816
14 19 239 0.87
14 20 248 0.828
14 21 284 0.866
14 22 254 0.857
14 23 198 0.847
14 24 251 0.878
14 25 232 0.828
14 26 230 0.905
14 27 235 0.887
14 28 234 0.894
14 29 217 0.898
14 30 217 0.846
14 31 225 0.859
14 32 221 0.788
14 33 238 0.917
14 34 233 0.784
14 35 214 0.817
14 36 235 0.862
14 37 211 0.837
14 38 205 0.816
14 39 220 0.83
14 40 224 0.856
14 41 228 0.861
14 42 223 0.87
14 43 234 0.901
14 44 222 0.881
14 45 274 0.794
14 46 266 0.771
14 47 307 0.844
14 48 266 0.895
15 1 223 0.852
15 2 296 0.858
15 3 347 0.831
15 4 335 0.792
15 5 308 0.821
15 6 327 0.837
15 7 212 0.869
15 8 182 0.875
15 9 281 0.8
15 10 241 0.843
15 11 227 0.893
15 12 246 0.86
15 13 261 0.864
15 14 224 0.792
15 15 286 0.815
15 16 221 0.844
15 17 240 0.891
15 18 270 0.839
15 19 233 0.872
15 20 287 0.784
15 21 266 0.888
15 22 236 0.859
15 23 262 0.793
15 24 190 0.786
15 25 244 0.815
15 26 258 0.854
15 27 260 0.814
15 28 290 0.875
15 29 241 0.877
15 30 254 0.888
15 31 244 0.853
15 32 227 0.788
15 33 265 0.802
15 34 259 0.881
15 35 202 0.861
15 36 248 0.91
15 37 256 0.848
15 38 223 0.895
15 39 223 0.795
15 40 229 0.817
15 41 82 0.872
15 42 98 0.961
15 43 277 0.596
15 44 259 0.865
15 45 268 0.788
15 46 258 0.81
15 47 276 0.767
15 48 358 0.733
16 1 243 0.73
16 2 267 0.916
16 3 352 0.843
16 4 319 0.856
16 5 344 0.846
16 6 308 0.847
16 7 286 0.795
16 8 276 0.857
16 9 267 0.817
16 10 214 0.859
16 11 293 0.862
16 12 255 0.786
16 13 244 0.752
16 14 273 0.887
16 15 247 0.818
16 16 265 0.909
16 17 236 0.876
16 18 247 0.857
16 19 232 0.851
16 20 224 0.792
16 21 231 0.85
16 22 271 0.842
16 23 232 0.729
16 24 235 0.793
16 25 286 0.762
16 26 264 0.858
16 27 262 0.865
16 28 255 0.875
16 29 153 0.921
16 30 218 0.875
16 31 257 0.858
16 32 271 0.827
16 33 234 0.769
16 34 262 0.827
16 35 307 0.865
16 36 334 0.795
16 37 256 0.825
16 38 231 0.801
16 39 228 0.727
16 40 227 0.843
16 41 194 0.872
16 42 229 0.847
16 43 303 0.876
16 44 260 0.845
16 45 284 0.876
16 46 261 0.842
16 47 282 0.714
16 48 281 0.864
17 1 242 0.817
17 2 329 0.796
17 3 367 0.775
17 4 347 0.851
17 5 236 0.859
17 6 296 0.871
17 7 196 0.828
17 8 296 0.8
17 9 218 0.736
17 10 272 0.809
17 11 217 0.846
17 12 208 0.804
17 13 212 0.75
17 14 266 0.752
17 15 11 0.691
17 16 30 0.769
17 17 249 0.825
17 18 190 0.824
17 19 224 0.762
17 20 256 0.895
17 21 271 0.864
17 22 203 0.699
17 23 235 0.831
17 24 261 0.835
17 25 274 0.851
17 26 255 0.778
17 27 240 0.66
17 28 255 0.778
17 29 211 0.806
17 30 207 0.831
17 31 234 0.781
17 32 265 0.845
17 33 272 0.861
17 34 243 0.899
17 35 252 0.769
17 36 242 0.808
17 37 237 0.845
17 38 250 0.841
17 39 207 0.856
17 40 217 0.853
17 41 224 0.742
17 42 214 0.842
17 43 230 0.804
17 44 261 0.832
17 45 284 0.827
17 46 264 0.726
17 47 291 0.755
17 48 299 0.822
18 1 287 0.823
18 2 311 0.87
18 3 301 0.808
18 4 319 0.752
18 5 317 0.836
18 6 307 0.76
18 7 262 0.836
18 8 230 0.83
18 9 310 0.867
18 10 257 0.868
18 11 260 0.829
18 12 260 0.935
18 13 219 0.861
18 14 268 0.833
18 15 237 0.779
18 16 208 0.879
18 17 210 0.854
18 18 239 0.895
18 19 209 0.876
18 20 226 0.863
18 21 211 0.847
18 22 255 0.845
18 23 241 0.853
18 24 244 0.877
18 25 256 0.895
18 26 244 0.793
18 27 210 0.888
18 28 197 0.886
18 29 222 0.808
18 30 195 0.824
18 31 236 0.917
18 32 273 0.877
18 33 238 0.826
18 34 247 0.906
18 35 267 0.794
18 36 248 0.821
18 37 247 0.881
18 38 214 0.867
18 39 233 0.815
18 40 217 0.803
18 41 221 0.705
18 42 228 0.836
18 43 254 0.855
18 44 251 0.871
18 45 310 0.75
18 46 298 0.808
18 47 307 0.859
18 48 317 0.721
19 1 317 0.866
19 2 339 0.82
19 3 299 0.723
19 4 344 0.775
19 5 0 0.0
19 6 0 0.0
19 7 24 -1.0
19 8 20 0.541
19 9 232 0.789
19 10 276 0.723
19 11 317 0.887
19 12 242 0.888
19 13 304 0.845
19 14 293 0.862
19 15 213 0.881
19 16 230 0.854
19 17 234 0.876
19 18 237 0.88
19 19 269 0.761
19 20 203 0.858
19 21 255 0.892
19 22 232 0.844
19 23 268 0.745
19 24 252 0.874
19 25 240 0.856
19 26 228 0.871
19 27 231 0.865
19 28 246 0.895
19 29 171 0.891
19 30 217 0.796
19 31 208 0.887
19 32 245 0.944
19 33 260 0.808
19 34 268 0.919
19 35 265 0.694
19 36 205 0.783
19 37 211 0.855
19 38 204 0.87
19 39 220 0.848
19 40 218 0.902
19 41 211 0.9
19 42 227 0.826
19 43 263 0.848
19 44 242 0.727
19 45 271 0.745
19 46 278 0.827
19 47 332 0.814
19 48 302 0.866
20 1 380 0.856
20 2 373 0.805
20 3 332 0.772
20 4 269 0.8
20 5 299 0.783
20 6 326 0.84
20 7 269 0.865
20 8 265 0.868
20 9 285 0.847
20 10 250 0.86
20 11 250 0.892
20 12 278 0.833
20 13 212 0.81
20 14 182 0.867
20 15 181 0.891
20 16 187 0.908
20 17 251 0.854
20 18 222 0.91
20 19 246 0.86
20 20 219 0.803
20 21 225 0.842
20 22 288 0.781
20 23 241 0.91
20 24 280 0.9
20 25 214 0.736
20 26 253 0.822
20 27 227 0.875
20 28 288 0.902
20 29 224 0.856
20 30 216 0.825
20 31 278 0.87
20 32 253 0.801
20 33 258 0.808
20 34 261 0.871
20 35 206 0.81
20 36 205 0.874
20 37 267 0.891
20 38 229 0.779
20 39 219 0.781
20 40 210 0.896
20 41 235 0.717
20 42 223 0.789
20 43 258 0.761
20 44 250 0.86
20 45 286 0.775
20 46 244 0.793
20 47 277 0.809
20 48 234 0.844
21 1 228 0.897
21 2 355 0.826
21 3 318 0.774
21 4 312 0.858
21 5 304 0.747
21 6 305 0.869
21 7 265 0.823
21 8 268 0.833
21 9 257 0.882
21 10 274 0.78
21 11 311 0.855
21 12 270 0.809
21 13 284 0.88
21 14 272 0.815
21 15 308 0.793
21 16 225 0.867
21 17 256 0.921
21 18 224 0.863
21 19 244 0.87
21 20 245 0.857
21 21 254 0.81
21 22 245 0.796
21 23 248 0.837
21 24 172 0.875
21 25 264 0.858
21 26 213 0.766
21 27 223 0.835
21 28 234 0.858
21 29 264 0.906
21 30 255 0.868
21 31 244 0.86
21 32 245 0.914
21 33 229 0.817
21 34 261 0.848
21 35 210 0.795
21 36 214 0.685
21 37 0 0.0
21 38 24 -1.0
21 39 226 0.8
21 40 230 0.861
21 41 603 0.51
21 42 675 0.597
21 43 315 0.538
21 44 261 0.864
21 45 256 0.795
21 46 276 0.699
21 47 166 0.926
21 48 219 0.745
22 1 361 0.739
22 2 354 0.752
22 3 340 0.815
22 4 286 0.889
22 5 310 0.804
22 6 306 0.871
22 7 282 0.824
22 8 244 0.837
22 9 276 0.815
22 10 279 0.867
22 11 301 0.705
22 12 284 0.757
22 13 270 0.855
22 14 258 0.826
22 15 253 0.829
22 16 253 0.902
22 17 269 0.717
22 18 253 0.878
22 19 212 0.896
22 20 255 0.851
22 21 273 0.772
22 22 256 0.75
22 23 260 0.836
22 24 265 0.861
22 25 241 0.792
22 26 222 0.891
22 27 230 0.814
22 28 243 0.85
22 29 247 0.753
22 30 250 0.858
22 31 279 0.789
22 32 261 0.817
22 33 259 0.813
22 34 216 0.799
22 35 253 0.739
22 36 220 0.858
22 37 225 0.867
22 38 201 0.817
22 39 211 0.686
22 40 237 0.838
22 41 215 0.74
22 42 248 0.806
22 43 283 0.826
22 44 264 0.849
22 45 299 0.852
22 46 302 0.765
22 47 348 0.802
22 48 283 0.826
23 1 306 0.856
23 2 400 0.8
23 3 239 0.813
23 4 262 0.814
23 5 320 0.754
23 6 284 0.781
23 7 264 0.785
23 8 251 0.733
23 9 245 0.811
23 10 268 0.777
23 11 281 0.88
23 12 305 0.86
23 13 262 0.805
23 14 231 0.801
23 15 277 0.83
23 16 291 0.85
23 17 215 0.838
23 18 255 0.75
23 19 281 0.857
23 20 263 0.788
23 21 178 0.848
23 22 221 0.869
23 23 286 0.73
23 24 253 0.786
23 25 250 0.851
23 26 216 0.875
23 27 285 0.818
23 28 253 0.822
23 29 239 0.895
23 30 242 0.906
23 31 226 0.871
23 32 228 0.807
23 33 259 0.745
23 34 225 0.819
23 35 238 0.713
23 36 216 0.902
23 37 213 0.781
23 38 212 0.787
23 39 237 0.895
23 40 226 0.871
23 41 12 0.781
23 42 17 0.742
23 43 279 0.858
23 44 292 0.803
23 45 316 0.769
23 46 314 0.782
23 47 324 0.674
23 48 302 0.67
24 1 378 0.715
24 2 399 0.705
24 3 370 0.682
24 4 308 0.884
24 5 314 0.809
24 6 287 0.722
24 7 290 0.862
24 8 271 0.812
24 9 240 0.823
24 10 264 0.82
24 11 264 0.811
24 12 301 0.671
24 13 242 0.856
24 14 207 0.791
24 15 235 0.898
24 16 237 0.806
24 17 286 0.82
24 18 112 0.904
24 19 178 0.897
24 20 200 0.845
24 21 179 0.826
24 22 218 0.809
24 23 224 0.889
24 24 224 0.831
24 25 166 0.817
24 26 172 0.905
24 27 246 0.793
24 28 226 0.79
24 29 229 0.882
24 30 207 0.791
24 31 284 0.316
24 32 234 0.683
24 33 245 0.769
24 34 233 0.757
24 35 94 0.88
24 36 221 0.82
24 37 227 0.843
24 38 222 0.729
24 39 270 0.756
24 40 253 0.851
24 41 295 0.868
24 42 313 0.82
24 43 279 0.815
24 44 299 0.831
24 45 332 0.664
24 46 325 0.823
24 47 388 0.663
24 48 286 0.692
25 1 319 0.822
25 2 407 0.701
25 3 408 0.735
25 4 336 0.686
25 5 306 0.827
25 6 308 0.762
25 7 291 0.814
25 8 301 0.834
25 9 114 0.843
25 10 111 0.87
25 11 336 0.857
25 12 341 0.713
25 13 291 0.808
25 14 200 0.853
25 15 290 0.841
25 16 275 0.854
25 17 249 0.774
25 18 279 0.873
25 19 220 0.778
25 20 261 0.817
25 21 159 0.775
25 22 218 0.771
25 23 218 0.787
25 24 236 0.747
25 25 224 0.792
25 26 231 0.857
25 27 245 0.805
25 28 274 0.809
25 29 261 0.811
25 30 302 0.52
25 31 567 0.248
25 32 538 0.412
25 33 296 0.745
25 34 271 0.842
25 35 245 0.864
25 36 257 0.753
25 37 254 0.789
25 38 247 0.84
25 39 263 0.796
25 40 269 0.821
25 41 283 0.673
25 42 293 0.677
25 43 243 0.648
25 44 262 0.882
25 45 280 0.883
25 46 293 0.707
25 47 361 0.638
25 48 308 0.71
26 1 393 0.745
26 2 394 0.777
26 3 428 0.718
26 4 391 0.557
26 5 320 0.874
26 6 306 0.878
26 7 250 0.858
26 8 277 0.738
26 9 250 0.771
26 10 307 0.796
26 11 293 0.792
26 12 272 0.797
26 13 304 0.911
26 14 319 0.667
26 15 298 0.814
26 16 293 0.841
26 17 266 0.826
26 18 298 0.8
26 19 248 0.771
26 20 276 0.827
26 21 276 0.794
26 22 230 0.798
26 23 130 0.803
26 24 237 0.806
26 25 258 0.854
26 26 202 0.828
26 27 201 0.8
26 28 256 0.81
26 29 204 0.862
26 30 212 0.859
26 31 273 0.745
26 32 252 0.848
26 33 263 0.701
26 34 238 0.78
26 35 221 0.811
26 36 307 0.76
26 37 241 0.783
26 38 250 0.797
26 39 254 0.825
26 40 260 0.693
26 41 265 0.845
26 42 273 0.812
26 43 282 0.83
26 44 264 0.82
26 45 342 0.844
26 46 311 0.877
26 47 373 0.731
26 48 318 0.661
27 1 352 0.771
27 2 439 0.74
27 3 425 0.751
27 4 286 0.635
27 5 313 0.84
27 6 329 0.66
27 7 308 0.696
27 8 268 0.763
27 9 284 0.809
27 10 351 0.798
27 11 292 0.823
27 12 273 0.894
27 13 308 0.884
27 14 309 0.81
27 15 268 0.826
27 16 240 0.849
27 17 269 0.626
27 18 297 0.831
27 19 237 0.742
27 20 254 0.736
27 21 277 0.733
27 22 238 0.803
27 23 208 0.927
27 24 247 0.864
27 25 275 0.874
27 26 230 0.807
27 27 277 0.767
27 28 256 0.769
27 29 240 0.833
27 30 226 0.896
27 31 275 0.824
27 32 228 0.846
27 33 292 0.728
27 34 258 0.704
27 35 256 0.742
27 36 286 0.732
27 37 263 0.788
27 38 257 0.732
27 39 258 0.74
27 40 278 0.803
27 41 313 0.826
27 42 309 0.719
27 43 286 0.57
27 44 373 0.467
27 45 324 0.742
27 46 347 0.574
27 47 270 0.743
27 48 291 0.529
28 1 336 0.746
28 2 435 0.684
28 3 371 0.788
28 4 372 0.767
28 5 357 0.716
28 6 354 0.653
28 7 332 0.777
28 8 294 0.811
28 9 268 0.824
28 10 273 0.791
28 11 228 0.889
28 12 242 0.88
28 13 295 0.826
28 14 273 0.833
28 15 170 0.781
28 16 192 0.894
28 17 314 0.742
28 18 140 0.813
28 19 258 0.823
28 20 282 0.757
28 21 318 0.819
28 22 220 0.883
28 23 193 0.852
28 24 253 0.902
28 25 257 0.732
28 26 265 0.83
28 27 215 0.863
28 28 239 0.87
28 29 254 0.825
28 30 260 0.868
28 31 255 0.829
28 32 270 0.788
28 33 271 0.693
28 34 250 0.777
28 35 270 0.743
28 36 282 0.845
28 37 257 0.798
28 38 318 0.646
28 39 288 0.812
28 40 279 0.8
28 41 292 0.77
28 42 259 0.79
28 43 706 0.605
28 44 736 0.803
28 45 353 0.595
28 46 317 0.731
28 47 387 0.827
28 48 419 0.587
29 1 456 0.717
29 2 457 0.592
29 3 375 0.668
29 4 347 0.742
29 5 316 0.667
29 6 348 0.658
29 7 340 0.876
29 8 325 0.779
29 9 279 0.749
29 10 282 0.883
29 11 269 0.821
29 12 293 0.781
29 13 249 0.748
29 14 202 0.828
29 15 311 0.829
29 16 246 0.77
29 17 189 0.918
29 18 293 0.884
29 19 264 0.858
29 20 239 0.87
29 21 267 0.786
29 22 204 0.909
29 23 211 0.84
29 24 256 0.864
29 25 290 0.792
29 26 255 0.82
29 27 228 0.839
29 28 224 0.756
29 29 258 0.861
29 30 295 0.84
29 31 284 0.844
29 32 280 0.839
29 33 244 0.802
29 34 272 0.689
29 35 242 0.833
29 36 289 0.706
29 37 283 0.826
29 38 308 0.775
29 39 307 0.726
29 40 286 0.73
29 41 260 0.787
29 42 311 0.861
29 43 246 0.799
29 44 365 0.563
29 45 355 0.766
29 46 338 0.614
29 47 304 0.822
29 48 397 0.542
30 1 383 0.817
30 2 448 0.672
30 3 358 0.733
30 4 368 0.659
30 5 349 0.756
30 6 317 0.872
30 7 342 0.788
30 8 335 0.824
30 9 302 0.765
30 10 300 0.861
30 11 292 0.77
30 12 279 0.845
30 13 298 0.877
30 14 311 0.877
30 15 294 0.654
30 16 241 0.804
30 17 287 0.663
30 18 262 0.793
30 19 266 0.826
30 20 187 0.729
30 21 244 0.793
30 22 272 0.73
30 23 278 0.772
30 24 311 0.855
30 25 313 0.852
30 26 290 0.817
30 27 278 0.772
30 28 264 0.765
30 29 278 0.778
30 30 277 0.845
30 31 287 0.853
30 32 239 0.846
30 33 259 0.77
30 34 249 0.68
30 35 257 0.875
30 36 307 0.666
30 37 312 0.673
30 38 336 0.764
30 39 298 0.808
30 40 229 0.733
30 41 307 0.543
30 42 281 0.736
30 43 313 0.712
30 44 341 0.664
30 45 326 0.852
30 46 324 0.807
30 47 308 0.838
30 48 311 0.77
31 1 428 0.639
31 2 381 0.61
31 3 384 0.826
31 4 355 0.771
31 5 372 0.729
31 6 358 0.765
31 7 430 0.78
31 8 386 0.772
31 9 390 0.723
31 10 285 0.678
31 11 254 0.871
31 12 279 0.702
31 13 395 0.737
31 14 310 0.701
31 15 292 0.803
31 16 294 0.887
31 17 295 0.861
31 18 192 0.764
31 19 275 0.861
31 20 310 0.78
31 21 354 0.897
31 22 277 0.789
31 23 255 0.792
31 24 282 0.86
31 25 205 0.74
31 26 272 0.858
31 27 328 0.845
31 28 332 0.737
31 29 346 0.74
31 30 294 0.843
31 31 272 0.725
31 32 258 0.748
31 33 302 0.845
31 34 312 0.657
31 35 230 0.894
31 36 319 0.793
31 37 260 0.611
31 38 269 0.655
31 39 303 0.634
31 40 283 0.7
31 41 302 0.77
31 42 326 0.756
31 43 344 0.593
31 44 421 0.448
31 45 320 0.772
31 46 329 0.472
31 47 334 0.619
31 48 338 0.734
32 1 539 0.505
32 2 478 0.627
32 3 409 0.627
32 4 362 0.636
32 5 495 0.634
32 6 431 0.588
32 7 306 0.67
32 8 315 0.665
32 9 342 0.827
32 10 291 0.677
32 11 273 0.812
32 12 293 0.66
32 13 264 0.62
32 14 29 0.472
32 15 274 0.6
32 16 288 0.558
32 17 195 0.835
32 18 212 0.73
32 19 292 0.811
32 20 291 0.795
32 21 197 0.717
32 22 224 0.768
32 23 231 0.675
32 24 195 0.677
32 25 213 0.7
32 26 210 0.869
32 27 179 0.56
32 28 185 0.809
32 29 310 0.738
32 30 321 0.752
32 31 361 0.521
32 32 243 0.692
32 33 215 0.712
32 34 262 0.409
32 35 213 0.64
32 36 315 0.712
32 37 285 0.705
32 38 302 0.755
32 39 335 0.76
32 40 311 0.807
32 41 358 0.617
32 42 319 0.564
32 43 287 0.795
32 44 361 0.427
32 45 382 0.457
32 46 342 0.601
32 47 265 0.57
32 48 320 0.655
