row  column  size-1  circ-1
1 1 581 0.883
1 2 499 0.773
1 3 461 0.87
1 4 476 0.863
1 5 446 0.866
1 6 380 0.876
1 7 324 0.841
1 8 428 0.893
1 9 422 0.875
1 10 390 0.905
1 11 410 0.902
1 12 407 0.909
1 13 387 0.864
1 14 370 0.886
1 15 374 0.902
1 16 366 0.863
1 17 393 0.846
1 18 387 0.884
1 19 375 0.896
1 20 375 0.856
1 21 374 0.848
1 22 356 0.859
1 23 365 0.874
1 24 382 0.878
1 25 360 0.889
1 26 355 0.879
1 27 377 0.889
1 28 360 0.903
1 29 336 0.866
1 30 404 0.833
1 31 330 0.914
1 32 313 0.914
1 33 345 0.88
1 34 303 0.914
1 35 330 0.93
1 36 347 0.865
1 37 353 0.894
1 38 377 0.897
1 39 436 0.86
1 40 473 0.887
1 41 349 0.856
1 42 388 0.867
1 43 432 0.883
1 44 477 0.877
1 45 426 0.903
1 46 457 0.87
1 47 470 0.852
1 48 481 0.897
2 1 467 0.864
2 2 462 0.867
2 3 0 0.0
2 4 29 0.977
2 5 370 0.872
2 6 342 0.881
2 7 298 0.958
2 8 286 0.889
2 9 318 0.853
2 10 308 0.906
2 11 0 0.0
2 12 211 0.768
2 13 301 0.902
2 14 312 0.935
2 15 0 0.0
2 16 301 0.886
2 17 57 0.839
2 18 43 0.867
2 19 0 0.0
2 20 0 0.0
2 21 297 0.803
2 22 284 0.873
2 23 0 0.0
2 24 278 0.903
2 25 226 0.839
2 26 268 0.895
2 27 109 0.93
2 28 113 0.952
2 29 279 0.8
2 30 265 0.855
2 31 227 0.893
2 32 265 0.895
2 33 231 0.786
2 34 269 0.858
2 35 250 0.917
2 36 217 0.861
2 37 226 0.829
2 38 245 0.874
2 39 229 0.771
2 40 271 0.864
2 41 253 0.875
2 42 281 0.857
2 43 294 0.874
2 44 281 0.903
2 45 33 0.965
2 46 39 0.949
2 47 367 0.865
2 48 473 0.858
3 1 433 0.838
3 2 397 0.849
3 3 361 0.851
3 4 365 0.847
3 5 280 0.893
3 6 298 0.87
3 7 272 0.884
3 8 303 0.898
3 9 246 0.885
3 10 205 0.83
3 11 291 0.872
3 12 235 0.88
3 13 245 0.888
3 14 255 0.845
3 15 260 0.868
3 16 265 0.885
3 17 233 0.898
3 18 283 0.91
3 19 260 0.868
3 20 271 0.864
3 21 270 0.926
3 22 254 0.924
3 23 244 0.877
3 24 219 0.861
3 25 188 0.913
3 26 202 0.872
3 27 140 0.864
3 28 221 0.877
3 29 232 0.858
3 30 216 0.867
3 31 238 0.856
3 32 214 0.885
3 33 215 0.838
3 34 216 0.659
3 35 173 0.806
3 36 195 0.947
3 37 240 0.925
3 38 216 0.941
3 39 198 0.744
3 40 208 0.702
3 41 214 0.885
3 42 219 0.879
3 43 235 0.898
3 44 250 0.858
3 45 277 0.867
3 46 263 0.902
3 47 362 0.867
3 48 437 0.874
4 1 449 0.898
4 2 329 0.776
4 3 319 0.884
4 4 283 0.886
4 5 272 0.884
4 6 262 0.909
4 7 253 0.892
4 8 230 0.905
4 9 235 0.88
4 10 308 0.827
4 11 216 0.832
4 12 218 0.883
4 13 213 0.814
4 14 229 0.875
4 15 217 0.917
4 16 241 0.928
4 17 197 0.886
4 18 216 0.886
4 19 193 0.759
4 20 236 0.902
4 21 227 0.867
4 22 243 0.917
4 23 225 0.911
4 24 195 0.869
4 25 173 0.956
4 26 205 0.913
4 27 227 0.893
4 28 185 0.862
4 29 195 0.896
4 30 208 0.846
4 31 27 0.943
4 32 25 0.873
4 33 223 0.877
4 34 183 0.931
4 35 166 0.836
4 36 194 0.933
4 37 152 0.892
4 38 123 0.964
4 39 193 0.86
4 40 202 0.892
4 41 193 0.907
4 42 190 0.873
4 43 192 0.932
4 44 210 0.915
4 45 215 0.889
4 46 260 0.892
4 47 279 0.897
4 48 477 0.882
5 1 507 0.855
5 2 364 0.826
5 3 240 0.804
5 4 261 0.878
5 5 245 0.891
5 6 230 0.82
5 7 203 0.904
5 8 213 0.937
5 9 219 0.854
5 10 232 0.886
5 11 236 0.866
5 12 195 0.896
5 13 234 0.894
5 14 219 0.854
5 15 208 0.835
5 16 198 0.882
5 17 207 0.856
5 18 200 0.827
5 19 214 0.904
5 20 223 0.877
5 21 189 0.909
5 22 197 0.894
5 23 136 0.871
5 24 185 0.89
5 25 161 0.859
5 26 215 0.856
5 27 189 0.789
5 28 186 0.895
5 29 182 0.864
5 30 194 0.875
5 31 185 0.824
5 32 212 0.904
5 33 192 0.848
5 34 149 0.883
5 35 168 0.884
5 36 180 0.874
5 37 180 0.882
5 38 171 0.786
5 39 192 0.883
5 40 188 0.802
5 41 159 0.809
5 42 179 0.911
5 43 198 0.847
5 44 203 0.925
5 45 230 0.879
5 46 231 0.882
5 47 365 0.828
5 48 362 0.908
6 1 439 0.796
6 2 319 0.899
6 3 292 0.891
6 4 275 0.901
6 5 61 0.968
6 6 64 0.921
6 7 231 0.834
6 8 257 0.943
6 9 37 0.881
6 10 27 0.836
6 11 216 0.941
6 12 212 0.904
6 13 223 0.877
6 14 182 0.935
6 15 185 0.878
6 16 191 0.87
6 17 222 0.938
6 18 198 0.94
6 19 191 0.898
6 20 210 0.843
6 21 173 0.852
6 22 193 0.86
6 23 174 0.829
6 24 176 0.926
6 25 178 0.864
6 26 163 0.9
6 27 169 0.889
6 28 180 0.866
6 29 174 0.751
6 30 170 0.845
6 31 187 0.899
6 32 203 0.933
6 33 68 0.911
6 34 38 0.905
6 35 152 0.852
6 36 171 0.879
6 37 23 -1.0
6 38 22 0.922
6 39 173 0.813
6 40 190 0.865
6 41 149 0.92
6 42 170 0.894
6 43 184 0.906
6 44 208 0.835
6 45 30 0.986
6 46 44 0.904
6 47 363 0.823
6 48 395 0.902
7 1 405 0.879
7 2 338 0.914
7 3 279 0.809
7 4 238 0.917
7 5 218 0.875
7 6 206 0.863
7 7 220 0.757
7 8 246 0.902
7 9 186 0.839
7 10 177 0.931
7 11 186 0.836
7 12 197 0.906
7 13 214 0.852
7 14 203 0.747
7 15 194 0.892
7 16 201 0.895
7 17 195 0.835
7 18 187 0.92
7 19 141 0.848
7 20 171 0.913
7 21 164 0.884
7 22 144 0.876
7 23 187 0.871
7 24 199 0.809
7 25 182 0.875
7 26 176 0.847
7 27 168 0.884
7 28 120 0.799
7 29 157 0.818
7 30 148 0.9
7 31 153 0.837
7 32 106 0.788
7 33 181 0.908
7 34 180 0.895
7 35 68 0.877
7 36 108 0.921
7 37 169 0.911
7 38 161 0.859
7 39 178 0.885
7 40 150 0.912
7 41 183 0.901
7 42 175 0.89
7 43 193 0.816
7 44 204 0.819
7 45 177 0.922
7 46 249 0.888
7 47 355 0.626
7 48 404 0.875
8 1 484 0.771
8 2 317 0.792
8 3 289 0.815
8 4 245 0.84
8 5 251 0.903
8 6 258 0.878
8 7 207 0.931
8 8 202 0.88
8 9 121 0.86
8 10 212 0.896
8 11 185 0.911
8 12 199 0.915
8 13 201 0.86
8 14 217 0.871
8 15 150 0.781
8 16 212 0.827
8 17 175 0.861
8 18 199 0.886
8 19 167 0.822
8 20 164 0.906
8 21 171 0.573
8 22 195 0.85
8 23 187 0.871
8 24 156 0.775
8 25 192 0.894
8 26 182 0.848
8 27 162 0.748
8 28 172 0.783
8 29 126 0.896
8 30 153 0.866
8 31 189 0.842
8 32 133 0.875
8 33 180 0.866
8 34 162 0.808
8 35 180 0.846
8 36 198 0.91
8 37 172 0.875
8 38 131 0.716
8 39 161 0.839
8 40 172 0.896
8 41 162 0.882
8 42 176 0.847
8 43 177 0.88
8 44 217 0.879
8 45 229 0.801
8 46 265 0.902
8 47 325 0.771
8 48 449 0.757
9 1 441 0.827
9 2 321 0.883
9 3 301 0.873
9 4 242 0.932
9 5 233 0.872
9 6 243 0.884
9 7 249 0.906
9 8 216 0.894
9 9 234 0.92
9 10 229 0.711
9 11 218 0.938
9 12 211 0.865
9 13 215 0.882
9 14 190 0.893
9 15 234 0.828
9 16 214 0.904
9 17 191 0.89
9 18 157 0.846
9 19 183 0.864
9 20 208 0.853
9 21 141 0.88
9 22 144 0.889
9 23 193 0.879
9 24 154 0.881
9 25 157 0.846
9 26 176 0.926
9 27 160 0.915
9 28 156 0.813
9 29 161 0.839
9 30 171 0.858
9 31 127 0.94
9 32 134 0.827
9 33 145 0.801
9 34 153 0.931
9 35 181 0.93
9 36 140 0.842
9 37 171 0.931
9 38 124 0.848
9 39 168 0.867
9 40 184 0.914
9 41 202 0.872
9 42 293 0.316
9 43 203 0.815
9 44 219 0.887
9 45 217 0.906
9 46 231 0.865
9 47 335 0.824
9 48 359 0.901
10 1 393 0.791
10 2 321 0.914
10 3 156 0.883
10 4 146 0.936
10 5 37 0.948
10 6 34 0.919
10 7 206 0.906
10 8 205 0.841
10 9 51 0.897
10 10 52 0.939
10 11 224 0.873
10 12 210 0.861
10 13 0 0.0
10 14 12 0.851
10 15 200 0.853
10 16 186 0.779
10 17 151 0.886
10 18 186 0.875
10 19 147 0.832
10 20 187 0.879
10 21 133 0.852
10 22 150 0.903
10 23 192 0.837
10 24 180 0.925
10 25 154 0.903
10 26 177 0.931
10 27 170 0.845
10 28 120 0.821
10 29 152 0.892
10 30 157 0.81
10 31 167 0.9
10 32 193 0.816
10 33 158 0.882
10 34 137 0.902
10 35 138 0.918
10 36 131 0.76
10 37 103 0.878
10 38 116 0.92
10 39 172 0.855
10 40 178 0.864
10 41 174 0.785
10 42 179 0.869
10 43 180 0.886
10 44 224 0.915
10 45 40 0.925
10 46 35 0.851
10 47 231 0.936
10 48 397 0.873
11 1 405 0.891
11 2 300 0.861
11 3 266 0.839
11 4 244 0.877
11 5 234 0.876
11 6 226 0.896
11 7 190 0.914
11 8 212 0.851
11 9 224 0.799
11 10 202 0.854
11 11 200 0.899
11 12 203 0.833
11 13 203 0.904
11 14 197 0.878
11 15 164 0.884
11 16 202 0.92
11 17 199 0.867
11 18 180 0.916
11 19 154 0.937
11 20 195 0.908
11 21 157 0.867
11 22 180 0.874
11 23 135 0.776
11 24 120 0.853
11 25 188 0.904
11 26 158 0.831
11 27 103 0.831
11 28 116 0.909
11 29 154 0.881
11 30 156 0.841
11 31 123 0.864
11 32 105 0.924
11 33 168 0.846
11 34 174 0.907
11 35 186 0.731
11 36 147 0.8
11 37 169 0.753
11 38 178 0.856
11 39 136 0.905
11 40 0 0.0
11 41 165 0.848
11 42 180 0.802
11 43 189 0.816
11 44 207 0.894
11 45 174 0.81
11 46 258 0.91
11 47 284 0.866
11 48 404 0.845
12 1 446 0.795
12 2 292 0.875
12 3 262 0.882
12 4 252 0.848
12 5 218 0.883
12 6 204 0.862
12 7 219 0.887
12 8 219 0.854
12 9 198 0.91
12 10 210 0.907
12 11 189 0.897
12 12 184 0.885
12 13 175 0.943
12 14 200 0.864
12 15 177 0.871
12 16 213 0.874
12 17 157 0.876
12 18 166 0.717
12 19 182 0.892
12 20 171 0.701
12 21 109 0.88
12 22 112 0.915
12 23 194 0.864
12 24 185 0.752
12 25 139 0.901
12 26 159 0.933
12 27 168 0.875
12 28 157 0.898
12 29 167 0.803
12 30 177 0.888
12 31 179 0.89
12 32 128 0.808
12 33 180 0.895
12 34 147 0.894
12 35 172 0.827
12 36 175 0.861
12 37 167 0.879
12 38 161 0.898
12 39 184 0.812
12 40 173 0.86
12 41 156 0.821
12 42 190 0.865
12 43 30 0.929
12 44 33 -1.0
12 45 223 0.895
12 46 223 0.877
12 47 271 0.888
12 48 377 0.869
13 1 383 0.894
13 2 308 0.877
13 3 249 0.906
13 4 239 0.852
13 5 237 0.921
13 6 218 0.875
13 7 216 0.933
13 8 224 0.899
13 9 172 0.905
13 10 203 0.933
13 11 198 0.902
13 12 197 0.84
13 13 198 0.863
13 14 215 0.917
13 15 163 0.942
13 16 101 0.851
13 17 162 0.936
13 18 193 0.86
13 19 196 0.873
13 20 201 0.832
13 21 176 0.809
13 22 119 0.895
13 23 191 0.859
13 24 175 0.842
13 25 210 0.888
13 26 178 0.915
13 27 193 0.887
13 28 166 0.974
13 29 192 0.883
13 30 195 0.938
13 31 172 0.927
13 32 182 0.935
13 33 197 0.897
13 34 175 0.87
13 35 170 0.837
13 36 181 0.891
13 37 161 0.889
13 38 172 0.743
13 39 142 0.91
13 40 155 0.878
13 41 164 0.875
13 42 187 0.908
13 43 194 0.741
13 44 183 0.86
13 45 208 0.861
13 46 236 0.859
13 47 249 0.888
13 48 402 0.804
14 1 394 0.83
14 2 274 0.858
14 3 107 0.805
14 4 105 0.896
14 5 213 0.9
14 6 225 0.766
14 7 206 0.82
14 8 218 0.902
14 9 214 0.811
14 10 0 0.0
14 11 190 0.839
14 12 154 0.859
14 13 32 -1.0
14 14 11 0.589
14 15 226 0.889
14 16 206 0.898
14 17 173 0.88
14 18 173 0.852
14 19 160 0.915
14 20 186 0.946
14 21 204 0.929
14 22 0 0.0
14 23 200 0.872
14 24 210 0.888
14 25 36 0.974
14 26 50 0.903
14 27 193 0.916
14 28 171 0.85
14 29 162 0.873
14 30 151 0.918
14 31 0 0.0
14 32 14 0.472
14 33 54 0.828
14 34 35 -1.0
14 35 137 0.846
14 36 144 0.795
14 37 169 0.911
14 38 152 0.924
14 39 148 0.948
14 40 184 0.894
14 41 163 0.837
14 42 163 0.849
14 43 183 0.909
14 44 201 0.904
14 45 29 0.898
14 46 28 0.92
14 47 244 0.895
14 48 333 0.85
15 1 385 0.914
15 2 307 0.878
15 3 270 0.908
15 4 225 0.849
15 5 219 0.879
15 6 202 0.772
15 7 200 0.872
15 8 210 0.854
15 9 184 0.906
15 10 192 0.874
15 11 160 0.862
15 12 215 0.897
15 13 214 0.885
15 14 188 0.913
15 15 163 0.923
15 16 195 0.888
15 17 168 0.928
15 18 186 0.875
15 19 188 0.913
15 20 171 0.87
15 21 189 0.759
15 22 175 0.797
15 23 155 0.816
15 24 185 0.835
15 25 177 0.909
15 26 179 0.842
15 27 172 0.839
15 28 184 0.865
15 29 193 0.907
15 30 199 0.867
15 31 117 0.891
15 32 116 0.838
15 33 186 0.875
15 34 178 0.837
15 35 139 0.776
15 36 139 0.815
15 37 153 0.866
15 38 146 0.911
15 39 140 0.755
15 40 11 0.78
15 41 161 0.898
15 42 162 0.904
15 43 162 0.873
15 44 182 0.884
15 45 212 0.885
15 46 209 0.919
15 47 204 0.889
15 48 320 0.902
16 1 409 0.854
16 2 286 0.835
16 3 264 0.913
16 4 219 0.837
16 5 241 0.892
16 6 227 0.939
16 7 202 0.804
16 8 199 0.927
16 9 215 0.805
16 10 200 0.856
16 11 156 0.853
16 12 167 0.803
16 13 185 0.89
16 14 176 0.895
16 15 183 0.931
16 16 163 0.9
16 17 182 0.905
16 18 186 0.903
16 19 178 0.927
16 20 184 0.885
16 21 189 0.799
16 22 179 0.911
16 23 163 0.91
16 24 153 0.931
16 25 174 0.829
16 26 170 0.857
16 27 18 -1.0
16 28 27 -1.0
16 29 179 0.898
16 30 181 0.851
16 31 167 0.858
16 32 178 0.829
16 33 144 0.787
16 34 155 0.865
16 35 166 0.817
16 36 157 0.931
16 37 154 0.881
16 38 163 0.858
16 39 157 0.889
16 40 168 0.906
16 41 148 0.868
16 42 184 0.846
16 43 145 0.851
16 44 174 0.916
16 45 195 0.869
16 46 229 0.901
16 47 243 0.91
16 48 342 0.887
17 1 381 0.864
17 2 290 0.869
17 3 275 0.743
17 4 255 0.91
17 5 241 0.902
17 6 237 0.887
17 7 228 0.861
17 8 249 0.746
17 9 68 0.845
17 10 141 0.913
17 11 215 0.863
17 12 212 0.869
17 13 216 0.913
17 14 167 0.9
17 15 161 0.839
17 16 161 0.912
17 17 188 0.876
17 18 220 0.891
17 19 154 0.851
17 20 186 0.895
17 21 187 0.844
17 22 186 0.875
17 23 176 0.895
17 24 180 0.916
17 25 175 0.89
17 26 143 0.839
17 27 193 0.826
17 28 207 0.894
17 29 159 0.828
17 30 171 0.842
17 31 171 0.862
17 32 172 0.884
17 33 191 0.859
17 34 175 0.89
17 35 154 0.927
17 36 153 0.955
17 37 142 0.833
17 38 158 0.852
17 39 160 0.915
17 40 162 0.904
17 41 183 0.88
17 42 151 0.873
17 43 172 0.867
17 44 184 0.857
17 45 197 0.914
17 46 214 0.924
17 47 244 0.87
17 48 350 0.908
18 1 368 0.848
18 2 290 0.891
18 3 0 0.0
18 4 270 0.891
18 5 36 0.943
18 6 32 0.991
18 7 0 0.0
18 8 0 0.0
18 9 222 0.881
18 10 224 0.856
18 11 0 0.0
18 12 227 0.85
18 13 202 0.908
18 14 161 0.819
18 15 0 0.0
18 16 157 0.867
18 17 149 0.906
18 18 178 0.893
18 19 183 0.872
18 20 227 0.826
18 21 30 0.877
18 22 34 0.919
18 23 109 0.865
18 24 89 0.89
18 25 15 0.976
18 26 18 0.808
18 27 192 0.863
18 28 185 0.824
18 29 18 -1.0
18 30 27 0.836
18 31 128 0.91
18 32 188 0.884
18 33 33 0.892
18 34 30 0.811
18 35 166 0.873
18 36 173 0.852
18 37 26 0.76
18 38 0 0.0
18 39 160 0.834
18 40 178 0.906
18 41 38 -1.0
18 42 34 0.994
18 43 176 0.866
18 44 195 0.938
18 45 187 0.888
18 46 212 0.877
18 47 238 0.839
18 48 310 0.889
19 1 406 0.847
19 2 294 0.911
19 3 271 0.919
19 4 259 0.881
19 5 232 0.851
19 6 246 0.853
19 7 228 0.846
19 8 227 0.843
19 9 207 0.91
19 10 206 0.845
19 11 187 0.899
19 12 214 0.827
19 13 197 0.833
19 14 168 0.8
19 15 209 0.891
19 16 213 0.9
19 17 170 0.894
19 18 193 0.826
19 19 180 0.925
19 20 160 0.795
19 21 219 0.872
19 22 217 0.871
19 23 193 0.907
19 24 194 0.892
19 25 190 0.885
19 26 187 0.833
19 27 146 0.911
19 28 159 0.878
19 29 190 0.932
19 30 204 0.862
19 31 165 0.898
19 32 138 0.918
19 33 169 0.889
19 34 188 0.845
19 35 123 0.925
19 36 143 0.893
19 37 167 0.87
19 38 163 0.829
19 39 113 0.732
19 40 102 0.717
19 41 164 0.823
19 42 169 0.911
19 43 163 0.9
19 44 177 0.931
19 45 183 0.833
19 46 200 0.891
19 47 230 0.879
19 48 378 0.584
20 1 384 0.911
20 2 311 0.826
20 3 270 0.861
20 4 255 0.892
20 5 244 0.895
20 6 233 0.872
20 7 194 0.933
20 8 190 0.873
20 9 230 0.886
20 10 223 0.877
20 11 11 0.589
20 12 0 0.0
20 13 177 0.851
20 14 195 0.896
20 15 167 0.891
20 16 204 0.909
20 17 195 0.896
20 18 176 0.875
20 19 153 0.907
20 20 186 0.924
20 21 0 0.0
20 22 0 0.0
20 23 166 0.904
20 24 184 0.865
20 25 164 0.915
20 26 146 0.897
20 27 34 0.614
20 28 35 0.968
20 29 0 0.0
20 30 153 0.825
20 31 200 0.864
20 32 172 0.875
20 33 157 0.867
20 34 151 0.864
20 35 176 0.949
20 36 161 0.935
20 37 166 0.865
20 38 162 0.904
20 39 154 0.937
20 40 165 0.839
20 41 139 0.836
20 42 156 0.775
20 43 148 0.934
20 44 157 0.876
20 45 185 0.89
20 46 199 0.834
20 47 190 0.885
20 48 464 0.273
21 1 425 0.777
21 2 292 0.891
21 3 267 0.868
21 4 273 0.861
21 5 245 0.811
21 6 207 0.91
21 7 218 0.826
21 8 223 0.87
21 9 213 0.9
21 10 197 0.886
21 11 216 0.886
21 12 163 0.9
21 13 183 0.889
21 14 186 0.886
21 15 158 0.895
21 16 162 0.904
21 17 166 0.845
21 18 175 0.89
21 19 148 0.891
21 20 189 0.861
21 21 170 0.837
21 22 168 0.875
21 23 214 0.808
21 24 191 0.928
21 25 204 0.881
21 26 164 0.915
21 27 186 0.866
21 28 202 0.872
21 29 133 0.895
21 30 187 0.833
21 31 161 0.898
21 32 167 0.932
21 33 174 0.894
21 34 158 0.873
21 35 172 0.927
21 36 160 0.834
21 37 138 0.884
21 38 175 0.89
21 39 153 0.866
21 40 165 0.911
21 41 148 0.847
21 42 166 0.873
21 43 185 0.89
21 44 167 0.9
21 45 179 0.92
21 46 210 0.896
21 47 233 0.898
21 48 280 0.924
22 1 406 0.842
22 2 279 0.914
22 3 253 0.851
22 4 234 0.876
22 5 32 0.865
22 6 32 -1.0
22 7 223 0.835
22 8 228 0.83
22 9 23 0.846
22 10 25 0.514
22 11 199 0.927
22 12 196 0.846
22 13 206 0.918
22 14 147 0.741
22 15 190 0.932
22 16 204 0.917
22 17 167 0.9
22 18 171 0.891
22 19 187 0.899
22 20 173 0.91
22 21 201 0.936
22 22 177 0.931
22 23 71 0.838
22 24 67 0.912
22 25 35 0.897
22 26 32 0.865
22 27 181 0.814
22 28 183 0.852
22 29 108 0.822
22 30 117 0.822
22 31 160 0.939
22 32 145 0.905
22 33 158 0.927
22 34 153 0.955
22 35 168 0.897
22 36 172 0.867
22 37 167 0.9
22 38 150 0.849
22 39 147 0.952
22 40 155 0.847
22 41 37 -1.0
22 42 35 0.947
22 43 185 0.89
22 44 190 0.914
22 45 188 0.892
22 46 216 0.921
22 47 236 0.891
22 48 328 0.902
23 1 419 0.901
23 2 319 0.915
23 3 291 0.856
23 4 259 0.871
23 5 246 0.877
23 6 230 0.879
23 7 218 0.883
23 8 179 0.842
23 9 219 0.906
23 10 187 0.899
23 11 154 0.872
23 12 183 0.931
23 13 194 0.864
23 14 185 0.898
23 15 218 0.875
23 16 168 0.855
23 17 179 0.861
23 18 182 0.829
23 19 166 0.904
23 20 188 0.856
23 21 194 0.856
23 22 180 0.874
23 23 167 0.751
23 24 202 0.88
23 25 189 0.853
23 26 168 0.897
23 27 182 0.803
23 28 140 0.874
23 29 165 0.812
23 30 155 0.684
23 31 128 0.875
23 32 156 0.892
23 33 161 0.889
23 34 177 0.814
23 35 134 0.927
23 36 180 0.812
23 37 156 0.87
23 38 150 0.774
23 39 159 0.887
23 40 114 0.92
23 41 178 0.906
23 42 182 0.875
23 43 168 0.928
23 44 167 0.879
23 45 194 0.875
23 46 229 0.908
23 47 262 0.882
23 48 339 0.865
24 1 405 0.835
24 2 318 0.912
24 3 257 0.77
24 4 262 0.858
24 5 251 0.885
24 6 228 0.871
24 7 240 0.863
24 8 206 0.89
24 9 223 0.852
24 10 200 0.899
24 11 219 0.869
24 12 161 0.912
24 13 198 0.874
24 14 244 0.766
24 15 135 0.888
24 16 184 0.885
24 17 177 0.843
24 18 183 0.86
24 19 193 0.887
24 20 180 0.866
24 21 0 0.0
24 22 0 0.0
24 23 190 0.846
24 24 168 0.846
24 25 202 0.854
24 26 187 0.86
24 27 35 0.897
24 28 38 0.861
24 29 154 0.89
24 30 160 0.915
24 31 189 0.842
24 32 188 0.864
24 33 144 0.845
24 34 163 0.858
24 35 155 0.856
24 36 134 0.74
24 37 165 0.889
24 38 179 0.834
24 39 143 0.86
24 40 165 0.93
24 41 188 0.856
24 42 184 0.873
24 43 139 0.901
24 44 152 0.949
24 45 180 0.895
24 46 220 0.848
24 47 262 0.899
24 48 355 0.906
25 1 424 0.866
25 2 283 0.798
25 3 295 0.861
25 4 256 0.838
25 5 259 0.855
25 6 250 0.812
25 7 210 0.899
25 8 216 0.842
25 9 167 0.879
25 10 205 0.874
25 11 241 0.884
25 12 228 0.846
25 13 192 0.863
25 14 201 0.895
25 15 169 0.88
25 16 158 0.864
25 17 195 0.908
25 18 201 0.868
25 19 188 0.876
25 20 191 0.907
25 21 193 0.852
25 22 194 0.772
25 23 191 0.878
25 24 200 0.82
25 25 196 0.862
25 26 182 0.896
25 27 192 0.874
25 28 182 0.867
25 29 172 0.875
25 30 177 0.901
25 31 174 0.907
25 32 177 0.851
25 33 167 0.932
25 34 185 0.89
25 35 165 0.728
25 36 177 0.901
25 37 165 0.82
25 38 164 0.897
25 39 141 0.913
25 40 168 0.915
25 41 196 0.865
25 42 224 0.848
25 43 166 0.895
25 44 199 0.915
25 45 193 0.899
25 46 205 0.774
25 47 294 0.897
25 48 390 0.847
26 1 447 0.81
26 2 300 0.883
26 3 226 0.863
26 4 239 0.807
26 5 45 0.777
26 6 37 0.881
26 7 95 0.976
26 8 102 0.914
26 9 200 0.88
26 10 189 0.869
26 11 190 0.914
26 12 190 0.821
26 13 193 0.834
26 14 216 0.921
26 15 190 0.865
26 16 202 0.9
26 17 194 0.856
26 18 194 0.912
26 19 191 0.898
26 20 201 0.835
26 21 185 0.95
26 22 172 0.896
26 23 190 0.846
26 24 194 0.864
26 25 33 0.965
26 26 29 0.953
26 27 164 0.948
26 28 156 0.768
26 29 193 0.86
26 30 177 0.901
26 31 174 0.837
26 32 163 0.849
26 33 29 0.977
26 34 30 0.929
26 35 176 0.866
26 36 165 0.93
26 37 158 0.873
26 38 170 0.837
26 39 156 0.949
26 40 159 0.887
26 41 27 0.993
26 42 24 0.978
26 43 181 0.921
26 44 205 0.922
26 45 199 0.895
26 46 224 0.881
26 47 241 0.86
26 48 340 0.839
27 1 443 0.838
27 2 332 0.716
27 3 303 0.813
27 4 252 0.881
27 5 277 0.851
27 6 195 0.877
27 7 245 0.827
27 8 217 0.864
27 9 214 0.878
27 10 217 0.871
27 11 199 0.834
27 12 188 0.819
27 13 222 0.831
27 14 204 0.881
27 15 209 0.883
27 16 169 0.86
27 17 195 0.917
27 18 182 0.811
27 19 193 0.899
27 20 191 0.87
27 21 191 0.843
27 22 170 0.799
27 23 201 0.895
27 24 184 0.885
27 25 190 0.741
27 26 190 0.839
27 27 203 0.925
27 28 206 0.827
27 29 184 0.785
27 30 177 0.806
27 31 160 0.893
27 32 192 0.932
27 33 179 0.911
27 34 185 0.898
27 35 139 0.858
27 36 150 0.849
27 37 192 0.812
27 38 168 0.835
27 39 177 0.84
27 40 189 0.861
27 41 197 0.897
27 42 199 0.841
27 43 194 0.845
27 44 170 0.894
27 45 207 0.875
27 46 248 0.867
27 47 239 0.877
27 48 390 0.832
28 1 422 0.862
28 2 363 0.85
28 3 326 0.84
28 4 279 0.842
28 5 226 0.919
28 6 257 0.882
28 7 231 0.89
28 8 220 0.743
28 9 222 0.824
28 10 225 0.812
28 11 212 0.827
28 12 224 0.927
28 13 198 0.89
28 14 181 0.824
28 15 207 0.875
28 16 199 0.823
28 17 207 0.902
28 18 196 0.952
28 19 200 0.796
28 20 197 0.926
28 21 214 0.924
28 22 213 0.874
28 23 200 0.853
28 24 212 0.904
28 25 192 0.855
28 26 219 0.906
28 27 16 -1.0
28 28 0 0.0
28 29 209 0.903
28 30 175 0.89
28 31 204 0.947
28 32 214 0.794
28 33 147 0.792
28 34 188 0.876
28 35 190 0.865
28 36 159 0.878
28 37 191 0.898
28 38 190 0.865
28 39 206 0.878
28 40 189 0.834
28 41 161 0.921
28 42 172 0.918
28 43 190 0.923
28 44 215 0.863
28 45 239 0.902
28 46 242 0.863
28 47 278 0.827
28 48 397 0.898
29 1 553 0.715
29 2 293 0.894
29 3 325 0.894
29 4 333 0.798
29 5 303 0.819
29 6 282 0.883
29 7 234 0.883
29 8 213 0.892
29 9 225 0.885
29 10 242 0.88
29 11 181 0.93
29 12 232 0.894
29 13 226 0.853
29 14 224 0.856
29 15 208 0.861
29 16 211 0.911
29 17 221 0.914
29 18 213 0.821
29 19 191 0.807
29 20 226 0.923
29 21 204 0.909
29 22 237 0.895
29 23 222 0.855
29 24 217 0.871
29 25 246 0.885
29 26 250 0.874
29 27 240 0.88
29 28 217 0.853
29 29 201 0.876
29 30 230 0.798
29 31 219 0.81
29 32 158 0.904
29 33 227 0.867
29 34 248 0.892
29 35 207 0.753
29 36 208 0.853
29 37 223 0.877
29 38 237 0.895
29 39 218 0.857
29 40 192 0.924
29 41 193 0.785
29 42 216 0.875
29 43 222 0.831
29 44 188 0.856
29 45 183 0.889
29 46 199 0.915
29 47 295 0.89
29 48 397 0.895
30 1 91 0.815
30 2 90 0.912
30 3 374 0.848
30 4 339 0.831
30 5 56 0.873
30 6 49 -1.0
30 7 305 0.891
30 8 269 0.881
30 9 255 0.917
30 10 0 0.0
30 11 266 0.826
30 12 263 0.848
30 13 60 0.849
30 14 65 0.905
30 15 242 0.88
30 16 238 0.891
30 17 247 0.906
30 18 240 0.856
30 19 238 0.917
30 20 242 0.786
30 21 230 0.886
30 22 0 0.0
30 23 137 0.833
30 24 159 0.837
30 25 28 0.819
30 26 38 0.996
30 27 254 0.881
30 28 288 0.847
30 29 146 0.848
30 30 134 0.927
30 31 236 0.883
30 32 263 0.839
30 33 33 0.943
30 34 15 0.898
30 35 218 0.93
30 36 216 0.933
30 37 0 0.0
30 38 0 0.0
30 39 240 0.866
30 40 266 0.848
30 41 0 0.0
30 42 0 0.0
30 43 268 0.833
30 44 264 0.827
30 45 244 0.877
30 46 252 0.899
30 47 299 0.88
30 48 416 0.895
31 1 579 0.78
31 2 416 0.825
31 3 411 0.8
31 4 362 0.757
31 5 364 0.797
31 6 344 0.878
31 7 298 0.814
31 8 311 0.892
31 9 328 0.88
31 10 316 0.891
31 11 313 0.905
31 12 296 0.927
31 13 306 0.884
31 14 333 0.922
31 15 294 0.897
31 16 288 0.916
31 17 299 0.896
31 18 285 0.876
31 19 282 0.883
31 20 292 0.897
31 21 282 0.906
31 22 290 0.891
31 23 248 0.885
31 24 300 0.867
31 25 339 0.894
31 26 317 0.836
31 27 319 0.842
31 28 337 0.874
31 29 328 0.887
31 30 316 0.848
31 31 287 0.892
31 32 275 0.87
31 33 300 0.84
31 34 301 0.864
31 35 277 0.845
31 36 286 0.912
31 37 297 0.852
31 38 280 0.893
31 39 273 0.877
31 40 292 0.832
31 41 278 0.903
31 42 271 0.888
31 43 288 0.879
31 44 337 0.895
31 45 327 0.906
31 46 312 0.918
31 47 384 0.885
31 48 353 0.859
32 1 466 0.64
32 2 618 0.794
32 3 565 0.854
32 4 527 0.739
32 5 502 0.798
32 6 489 0.809
32 7 496 0.805
32 8 506 0.804
32 9 462 0.828
32 10 432 0.852
32 11 316 0.869
32 12 449 0.814
32 13 445 0.859
32 14 412 0.867
32 15 429 0.909
32 16 322 0.901
32 17 403 0.9
32 18 436 0.88
32 19 329 0.883
32 20 420 0.816
32 21 354 0.848
32 22 372 0.877
32 23 328 0.851
32 24 433 0.872
32 25 379 0.849
32 26 434 0.833
32 27 29 0.898
32 28 31 0.907
32 29 438 0.866
32 30 430 0.892
32 31 427 0.905
32 32 452 0.873
32 33 472 0.891
32 34 343 0.89
32 35 408 0.872
32 36 410 0.838
32 37 407 0.889
32 38 424 0.947
32 39 379 0.873
32 40 402 0.839
32 41 346 0.919
32 42 402 0.878
32 43 448 0.865
32 44 427 0.891
32 45 370 0.913
32 46 446 0.898
32 47 465 0.827
32 48 532 0.862
