row  column  size-1  circ-1
1 1 550 0.711
1 2 511 0.755
1 3 446 0.784
1 4 448 0.755
1 5 408 0.859
1 6 371 0.716
1 7 384 0.787
1 8 418 0.899
1 9 364 0.833
1 10 345 0.826
1 11 358 0.858
1 12 302 0.882
1 13 306 0.821
1 14 374 0.812
1 15 345 0.84
1 16 283 0.91
1 17 378 0.863
1 18 300 0.784
1 19 248 0.844
1 20 267 0.823
1 21 342 0.852
1 22 359 0.88
1 23 258 0.868
1 24 330 0.892
1 25 324 0.855
1 26 337 0.874
1 27 344 0.656
1 28 358 0.838
1 29 341 0.9
1 30 251 0.845
1 31 34 0.81
1 32 34 0.614
1 33 300 0.867
1 34 255 0.835
1 35 329 0.82
1 36 311 0.868
1 37 373 0.914
1 38 309 0.815
1 39 327 0.857
1 40 350 0.825
1 41 413 0.875
1 42 456 0.886
1 43 424 0.861
1 44 428 0.803
1 45 450 0.725
1 46 474 0.864
1 47 553 0.705
1 48 627 0.826
2 1 522 0.703
2 2 292 0.832
2 3 368 0.799
2 4 295 0.725
2 5 257 0.875
2 6 237 0.905
2 7 234 0.828
2 8 241 0.86
2 9 239 0.887
2 10 240 0.817
2 11 256 0.823
2 12 252 0.906
2 13 249 0.847
2 14 231 0.882
2 15 262 0.875
2 16 308 0.745
2 17 215 0.767
2 18 238 0.849
2 19 266 0.833
2 20 221 0.827
2 21 225 0.867
2 22 224 0.802
2 23 215 0.901
2 24 214 0.852
2 25 209 0.865
2 26 250 0.867
2 27 204 0.862
2 28 310 0.874
2 29 261 0.888
2 30 253 0.885
2 31 250 0.858
2 32 244 0.91
2 33 255 0.838
2 34 258 0.817
2 35 227 0.893
2 36 236 0.876
2 37 213 0.848
2 38 246 0.902
2 39 272 0.794
2 40 251 0.885
2 41 260 0.802
2 42 291 0.82
2 43 249 0.831
2 44 249 0.816
2 45 271 0.806
2 46 326 0.881
2 47 366 0.795
2 48 510 0.837
3 1 417 0.749
3 2 340 0.653
3 3 314 0.651
3 4 281 0.88
3 5 271 0.871
3 6 166 0.845
3 7 206 0.89
3 8 216 0.818
3 9 157 0.876
3 10 204 0.855
3 11 194 0.912
3 12 190 0.885
3 13 188 0.845
3 14 195 0.817
3 15 196 0.797
3 16 201 0.8
3 17 137 0.888
3 18 131 0.839
3 19 187 0.908
3 20 185 0.89
3 21 166 0.845
3 22 80 0.868
3 23 186 0.875
3 24 178 0.829
3 25 189 0.909
3 26 199 0.886
3 27 10 -1.0
3 28 10 -1.0
3 29 208 0.871
3 30 185 0.862
3 31 174 0.856
3 32 188 0.805
3 33 185 0.799
3 34 181 0.9
3 35 209 0.919
3 36 196 0.893
3 37 210 0.888
3 38 254 0.781
3 39 242 0.808
3 40 280 0.485
3 41 218 0.621
3 42 189 0.861
3 43 213 0.76
3 44 204 0.802
3 45 247 0.888
3 46 279 0.858
3 47 275 0.824
3 48 463 0.775
4 1 441 0.706
4 2 336 0.628
4 3 304 0.77
4 4 306 0.863
4 5 0 0.0
4 6 179 0.834
4 7 241 0.877
4 8 208 0.898
4 9 184 0.885
4 10 187 0.833
4 11 188 0.884
4 12 186 0.847
4 13 182 0.905
4 14 181 0.921
4 15 165 0.831
4 16 171 0.913
4 17 217 0.829
4 18 173 0.932
4 19 194 0.838
4 20 159 0.801
4 21 156 0.832
4 22 178 0.876
4 23 167 0.9
4 24 162 0.816
4 25 160 0.814
4 26 161 0.889
4 27 144 0.845
4 28 110 0.852
4 29 170 0.894
4 30 191 0.878
4 31 0 0.0
4 32 0 0.0
4 33 193 0.879
4 34 161 0.954
4 35 190 0.828
4 36 173 0.901
4 37 0 0.0
4 38 0 0.0
4 39 207 0.747
4 40 212 0.844
4 41 200 0.437
4 42 234 0.628
4 43 209 0.798
4 44 220 0.8
4 45 192 0.874
4 46 157 0.731
4 47 289 0.829
4 48 478 0.795
5 1 370 0.68
5 2 326 0.763
5 3 308 0.807
5 4 288 0.8
5 5 212 0.877
5 6 194 0.82
5 7 189 0.861
5 8 192 0.903
5 9 162 0.864
5 10 141 0.949
5 11 163 0.821
5 12 147 0.885
5 13 136 0.93
5 14 168 0.835
5 15 138 0.918
5 16 148 0.868
5 17 172 0.855
5 18 193 0.852
5 19 193 0.907
5 20 164 0.906
5 21 153 0.854
5 22 163 0.849
5 23 162 0.895
5 24 146 0.888
5 25 137 0.816
5 26 152 0.869
5 27 150 0.849
5 28 140 0.842
5 29 161 0.859
5 30 163 0.858
5 31 183 0.841
5 32 194 0.813
5 33 144 0.836
5 34 146 0.79
5 35 147 0.862
5 36 163 0.91
5 37 179 0.815
5 38 175 0.834
5 39 128 0.82
5 40 119 0.895
5 41 156 0.711
5 42 171 0.85
5 43 244 0.83
5 44 226 0.853
5 45 214 0.801
5 46 237 0.887
5 47 307 0.844
5 48 479 0.846
6 1 391 0.659
6 2 253 0.831
6 3 286 0.872
6 4 253 0.798
6 5 237 0.869
6 6 181 0.824
6 7 173 0.88
6 8 165 0.868
6 9 123 0.936
6 10 166 0.763
6 11 163 0.759
6 12 139 0.915
6 13 143 0.818
6 14 139 0.815
6 15 167 0.87
6 16 161 0.704
6 17 161 0.839
6 18 147 0.871
6 19 149 0.844
6 20 170 0.857
6 21 160 0.788
6 22 168 0.875
6 23 33 0.486
6 24 11 0.431
6 25 152 0.879
6 26 156 0.862
6 27 148 0.9
6 28 148 0.9
6 29 104 0.865
6 30 149 0.874
6 31 140 0.874
6 32 170 0.894
6 33 153 0.854
6 34 141 0.827
6 35 106 0.92
6 36 119 0.87
6 37 161 0.898
6 38 148 0.868
6 39 136 0.905
6 40 150 0.889
6 41 154 0.881
6 42 164 0.906
6 43 104 0.782
6 44 170 0.865
6 45 105 0.884
6 46 108 0.65
6 47 334 0.887
6 48 100 0.807
7 1 410 0.621
7 2 264 0.827
7 3 315 0.78
7 4 212 0.866
7 5 174 0.792
7 6 182 0.896
7 7 157 0.898
7 8 164 0.826
7 9 161 0.877
7 10 170 0.792
7 11 156 0.892
7 12 157 0.885
7 13 166 0.856
7 14 181 0.9
7 15 154 0.863
7 16 145 0.842
7 17 138 0.894
7 18 156 0.906
7 19 148 0.855
7 20 131 0.906
7 21 166 0.763
7 22 152 0.819
7 23 147 0.894
7 24 149 0.852
7 25 141 0.938
7 26 156 0.841
7 27 155 0.896
7 28 159 0.91
7 29 142 0.864
7 30 147 0.812
7 31 148 0.798
7 32 134 0.859
7 33 138 0.875
7 34 135 0.898
7 35 183 0.808
7 36 148 0.868
7 37 156 0.862
7 38 149 0.906
7 39 144 0.899
7 40 144 0.709
7 41 159 0.828
7 42 139 0.694
7 43 182 0.856
7 44 187 0.844
7 45 207 0.824
7 46 225 0.874
7 47 306 0.827
7 48 361 0.749
8 1 368 0.811
8 2 251 0.71
8 3 0 0.0
8 4 241 0.874
8 5 185 0.89
8 6 171 0.879
8 7 162 0.844
8 8 154 0.802
8 9 189 0.918
8 10 163 0.87
8 11 0 0.0
8 12 0 0.0
8 13 159 0.809
8 14 173 0.88
8 15 186 0.946
8 16 0 0.0
8 17 187 0.908
8 18 187 0.929
8 19 173 0.872
8 20 161 0.767
8 21 166 0.904
8 22 166 0.865
8 23 158 0.864
8 24 153 0.897
8 25 0 0.0
8 26 182 0.884
8 27 155 0.808
8 28 155 0.77
8 29 138 0.822
8 30 153 0.907
8 31 123 0.864
8 32 154 0.881
8 33 153 0.866
8 34 158 0.873
8 35 151 0.834
8 36 145 0.929
8 37 0 0.0
8 38 0 0.0
8 39 181 0.908
8 40 232 0.789
8 41 203 0.847
8 42 138 0.843
8 43 0 0.0
8 44 0 0.0
8 45 188 0.876
8 46 205 0.893
8 47 278 0.894
8 48 468 0.806
9 1 310 0.726
9 2 213 0.804
9 3 260 0.767
9 4 239 0.86
9 5 181 0.851
9 6 170 0.894
9 7 184 0.885
9 8 190 0.796
9 9 158 0.852
9 10 177 0.843
9 11 162 0.927
9 12 174 0.856
9 13 168 0.915
9 14 147 0.885
9 15 174 0.907
9 16 184 0.914
9 17 184 0.755
9 18 172 0.827
9 19 159 0.758
9 20 145 0.939
9 21 150 0.849
9 22 160 0.862
9 23 145 0.905
9 24 192 0.837
9 25 104 0.76
9 26 139 0.891
9 27 129 0.907
9 28 118 0.925
9 29 147 0.894
9 30 138 0.83
9 31 138 0.762
9 32 113 0.752
9 33 122 0.882
9 34 150 0.828
9 35 133 0.92
9 36 141 0.848
9 37 111 0.845
9 38 110 0.899
9 39 228 0.83
9 40 188 0.781
9 41 159 0.84
9 42 154 0.881
9 43 178 0.818
9 44 229 0.706
9 45 212 0.844
9 46 214 0.867
9 47 235 0.845
9 48 411 0.879
10 1 390 0.816
10 2 303 0.515
10 3 286 0.815
10 4 263 0.839
10 5 189 0.842
10 6 159 0.919
10 7 152 0.831
10 8 146 0.787
10 9 156 0.853
10 10 154 0.872
10 11 138 0.839
10 12 160 0.915
10 13 143 0.851
10 14 181 0.871
10 15 141 0.807
10 16 190 0.923
10 17 0 0.0
10 18 0 0.0
10 19 167 0.919
10 20 158 0.927
10 21 140 0.874
10 22 142 0.864
10 23 137 0.878
10 24 162 0.927
10 25 142 0.816
10 26 145 0.954
10 27 139 0.787
10 28 139 0.845
10 29 156 0.761
10 30 135 0.898
10 31 134 0.759
10 32 127 0.814
10 33 133 0.92
10 34 159 0.828
10 35 124 0.872
10 36 132 0.855
10 37 147 0.862
10 38 153 0.875
10 39 163 0.829
10 40 173 0.901
10 41 122 0.79
10 42 130 0.856
10 43 136 0.818
10 44 152 0.84
10 45 196 0.873
10 46 214 0.867
10 47 299 0.721
10 48 0 0.0
11 1 391 0.725
11 2 289 0.882
11 3 223 0.818
11 4 233 0.787
11 5 192 0.781
11 6 173 0.824
11 7 154 0.859
11 8 155 0.878
11 9 137 0.937
11 10 153 0.722
11 11 141 0.819
11 12 170 0.894
11 13 22 0.988
11 14 29 0.953
11 15 164 0.884
11 16 187 0.871
11 17 0 0.0
11 18 13 0.779
11 19 177 0.88
11 20 154 0.851
11 21 145 0.895
11 22 148 0.934
11 23 140 0.907
11 24 149 0.955
11 25 125 0.889
11 26 150 0.8
11 27 117 0.832
11 28 144 0.804
11 29 73 0.82
11 30 91 0.922
11 31 119 0.891
11 32 143 0.87
11 33 121 0.885
11 34 126 0.886
11 35 129 0.836
11 36 140 0.874
11 37 137 0.902
11 38 136 0.84
11 39 131 0.906
11 40 128 0.82
11 41 123 0.832
11 42 133 0.821
11 43 150 0.889
11 44 164 0.854
11 45 161 0.811
11 46 208 0.818
11 47 283 0.7
11 48 450 0.88
12 1 0 0.0
12 2 0 0.0
12 3 315 0.793
12 4 228 0.871
12 5 0 0.0
12 6 0 0.0
12 7 168 0.884
12 8 161 0.898
12 9 143 0.916
12 10 132 0.965
12 11 159 0.693
12 12 179 0.808
12 13 140 0.864
12 14 186 0.829
12 15 178 0.885
12 16 191 0.723
12 17 0 0.0
12 18 0 0.0
12 19 182 0.864
12 20 152 0.869
12 21 152 0.819
12 22 135 0.812
12 23 160 0.884
12 24 155 0.869
12 25 150 0.849
12 26 137 0.902
12 27 136 0.905
12 28 143 0.916
12 29 145 0.801
12 30 138 0.884
12 31 137 0.846
12 32 148 0.868
12 33 141 0.975
12 34 134 0.882
12 35 136 0.849
12 36 119 0.86
12 37 124 0.944
12 38 130 0.875
12 39 124 0.862
12 40 129 0.749
12 41 134 0.868
12 42 118 0.863
12 43 137 0.855
12 44 167 0.803
12 45 161 0.877
12 46 191 0.87
12 47 299 0.822
12 48 406 0.824
13 1 367 0.846
13 2 324 0.861
13 3 218 0.69
13 4 220 0.83
13 5 129 0.882
13 6 140 0.864
13 7 190 0.857
13 8 144 0.867
13 9 137 0.947
13 10 156 0.832
13 11 144 0.933
13 12 145 0.863
13 13 158 0.852
13 14 162 0.864
13 15 198 0.902
13 16 170 0.894
13 17 128 0.885
13 18 100 0.868
13 19 156 0.853
13 20 141 0.894
13 21 164 0.826
13 22 156 0.853
13 23 143 0.87
13 24 131 0.931
13 25 123 0.788
13 26 124 0.816
13 27 123 0.921
13 28 126 0.896
13 29 127 0.913
13 30 115 0.928
13 31 135 0.852
13 32 141 0.913
13 33 142 0.886
13 34 132 0.938
13 35 143 0.86
13 36 152 0.831
13 37 147 0.928
13 38 139 0.891
13 39 142 0.776
13 40 133 0.821
13 41 123 0.885
13 42 117 0.856
13 43 130 0.889
13 44 159 0.848
13 45 157 0.855
13 46 191 0.818
13 47 221 0.877
13 48 403 0.823
14 1 379 0.86
14 2 224 0.831
14 3 264 0.842
14 4 189 0.842
14 5 173 0.868
14 6 157 0.867
14 7 147 0.853
14 8 151 0.873
14 9 154 0.872
14 10 161 0.877
14 11 160 0.806
14 12 160 0.834
14 13 164 0.789
14 14 163 0.87
14 15 11 0.887
14 16 23 0.824
14 17 179 0.79
14 18 229 0.84
14 19 162 0.873
14 20 165 0.889
14 21 138 0.744
14 22 149 0.906
14 23 43 0.358
14 24 45 0.85
14 25 142 0.854
14 26 108 0.867
14 27 147 0.804
14 28 127 0.805
14 29 154 0.881
14 30 133 0.792
14 31 120 0.843
14 32 125 0.914
14 33 151 0.895
14 34 137 0.878
14 35 115 0.901
14 36 145 0.863
14 37 94 0.75
14 38 151 0.873
14 39 132 0.913
14 40 137 0.842
14 41 131 0.896
14 42 117 0.88
14 43 111 0.881
14 44 125 0.81
14 45 158 0.904
14 46 181 0.871
14 47 0 0.0
14 48 0 0.0
15 1 353 0.773
15 2 235 0.898
15 3 284 0.829
15 4 189 0.918
15 5 167 0.754
15 6 138 0.918
15 7 140 0.907
15 8 155 0.827
15 9 140 0.897
15 10 170 0.916
15 11 157 0.867
15 12 151 0.806
15 13 141 0.904
15 14 150 0.912
15 15 186 0.875
15 16 160 0.854
15 17 149 0.865
15 18 159 0.765
15 19 155 0.869
15 20 182 0.875
15 21 134 0.916
15 22 138 0.884
15 23 161 0.898
15 24 150 0.837
15 25 144 0.899
15 26 195 0.824
15 27 127 0.814
15 28 141 0.848
15 29 145 0.905
15 30 136 0.895
15 31 158 0.852
15 32 147 0.885
15 33 139 0.925
15 34 114 0.868
15 35 166 0.865
15 36 143 0.798
15 37 154 0.903
15 38 154 0.881
15 39 154 0.913
15 40 136 0.881
15 41 111 0.907
15 42 135 0.865
15 43 131 0.836
15 44 140 0.851
15 45 177 0.888
15 46 194 0.779
15 47 251 0.766
15 48 373 0.894
16 1 345 0.832
16 2 304 0.778
16 3 0 0.0
16 4 0 0.0
16 5 201 0.842
16 6 177 0.851
16 7 163 0.9
16 8 150 0.8
16 9 158 0.804
16 10 171 0.882
16 11 0 0.0
16 12 26 0.703
16 13 186 0.847
16 14 184 0.846
16 15 0 0.0
16 16 0 0.0
16 17 179 0.942
16 18 163 0.87
16 19 0 0.0
16 20 0 0.0
16 21 174 0.885
16 22 152 0.949
16 23 156 0.892
16 24 149 0.874
16 25 145 0.873
16 26 102 0.875
16 27 0 0.0
16 28 19 0.725
16 29 148 0.809
16 30 139 0.76
16 31 119 0.944
16 32 154 0.913
16 33 157 0.826
16 34 153 0.854
16 35 0 0.0
16 36 146 0.856
16 37 0 0.0
16 38 208 0.843
16 39 0 0.0
16 40 0 0.0
16 41 133 0.792
16 42 152 0.924
16 43 0 0.0
16 44 174 0.903
16 45 157 0.889
16 46 126 0.807
16 47 300 0.743
16 48 274 0.881
17 1 262 0.882
17 2 154 0.881
17 3 305 0.807
17 4 193 0.907
17 5 163 0.759
17 6 169 0.889
17 7 148 0.914
17 8 151 0.918
17 9 146 0.879
17 10 153 0.875
17 11 180 0.916
17 12 191 0.832
17 13 143 0.818
17 14 142 0.845
17 15 168 0.855
17 16 151 0.834
17 17 150 0.946
17 18 142 0.91
17 19 153 0.955
17 20 163 0.879
17 21 143 0.926
17 22 167 0.833
17 23 151 0.942
17 24 141 0.88
17 25 152 0.879
17 26 143 0.916
17 27 147 0.812
17 28 128 0.852
17 29 124 0.872
17 30 155 0.847
17 31 123 0.889
17 32 136 0.849
17 33 138 0.954
17 34 145 0.873
17 35 130 0.865
17 36 154 0.881
17 37 134 0.892
17 38 132 0.878
17 39 133 0.862
17 40 146 0.888
17 41 144 0.933
17 42 122 0.834
17 43 133 0.852
17 44 136 0.915
17 45 168 0.783
17 46 189 0.816
17 47 241 0.82
17 48 342 0.866
18 1 336 0.832
18 2 216 0.921
18 3 244 0.853
18 4 214 0.748
18 5 193 0.823
18 6 179 0.853
18 7 187 0.86
18 8 190 0.726
18 9 0 0.0
18 10 0 0.0
18 11 155 0.919
18 12 158 0.904
18 13 146 0.848
18 14 150 0.912
18 15 208 0.751
18 16 170 0.894
18 17 143 0.926
18 18 147 0.841
18 19 152 0.901
18 20 138 0.908
18 21 142 0.91
18 22 145 0.774
18 23 126 0.921
18 24 141 0.938
18 25 126 0.896
18 26 111 0.812
18 27 135 0.865
18 28 127 0.845
18 29 118 0.785
18 30 138 0.954
18 31 135 0.812
18 32 130 0.782
18 33 140 0.747
18 34 135 0.865
18 35 146 0.835
18 36 139 0.779
18 37 126 0.838
18 38 146 0.888
18 39 133 0.78
18 40 114 0.893
18 41 122 0.892
18 42 134 0.836
18 43 122 0.723
18 44 124 0.786
18 45 141 0.749
18 46 174 0.947
18 47 259 0.881
18 48 373 0.86
19 1 389 0.701
19 2 236 0.883
19 3 268 0.75
19 4 225 0.904
19 5 253 0.816
19 6 178 0.848
19 7 177 0.758
19 8 176 0.875
19 9 132 0.869
19 10 133 0.875
19 11 155 0.909
19 12 156 0.949
19 13 185 0.87
19 14 154 0.822
19 15 139 0.858
19 16 142 0.91
19 17 151 0.864
19 18 167 0.803
19 19 154 0.872
19 20 159 0.878
19 21 83 0.913
19 22 30 0.857
19 23 133 0.885
19 24 137 0.855
19 25 137 0.784
19 26 137 0.937
19 27 151 0.895
19 28 130 0.856
19 29 155 0.835
19 30 138 0.918
19 31 130 0.924
19 32 144 0.776
19 33 134 0.798
19 34 147 0.841
19 35 129 0.943
19 36 142 0.804
19 37 137 0.922
19 38 124 0.896
19 39 126 0.921
19 40 120 0.914
19 41 130 0.865
19 42 126 0.795
19 43 131 0.757
19 44 139 0.925
19 45 163 0.849
19 46 192 0.883
19 47 221 0.834
19 48 341 0.885
20 1 351 0.847
20 2 269 0.845
20 3 0 0.0
20 4 245 0.857
20 5 203 0.866
20 6 189 0.889
20 7 190 0.865
20 8 181 0.921
20 9 166 0.836
20 10 157 0.81
20 11 0 0.0
20 12 0 0.0
20 13 184 0.885
20 14 168 0.906
20 15 143 0.87
20 16 0 0.0
20 17 158 0.927
20 18 153 0.854
20 19 177 0.871
20 20 169 0.911
20 21 143 0.851
20 22 116 0.806
20 23 160 0.925
20 24 164 0.818
20 25 145 0.873
20 26 145 0.882
20 27 128 0.852
20 28 119 0.827
20 29 158 0.904
20 30 147 0.885
20 31 129 0.868
20 32 119 0.836
20 33 163 0.9
20 34 131 0.818
20 35 123 0.841
20 36 124 0.882
20 37 147 0.952
20 38 138 0.852
20 39 125 0.841
20 40 135 0.898
20 41 121 0.818
20 42 117 0.866
20 43 77 0.835
20 44 122 0.867
20 45 145 0.847
20 46 173 0.901
20 47 213 0.881
20 48 331 0.859
21 1 322 0.816
21 2 318 0.752
21 3 218 0.84
21 4 211 0.823
21 5 189 0.707
21 6 180 0.895
21 7 168 0.855
21 8 203 0.858
21 9 147 0.918
21 10 135 0.908
21 11 158 0.86
21 12 168 0.855
21 13 160 0.845
21 14 167 0.879
21 15 155 0.835
21 16 147 0.862
21 17 118 0.925
21 18 158 0.852
21 19 132 0.938
21 20 144 0.876
21 21 142 0.784
21 22 147 0.862
21 23 128 0.875
21 24 143 0.756
21 25 135 0.923
21 26 130 0.811
21 27 119 0.933
21 28 123 0.864
21 29 124 0.882
21 30 128 0.842
21 31 132 0.815
21 32 113 0.817
21 33 111 0.86
21 34 129 0.917
21 35 122 0.844
21 36 128 0.91
21 37 137 0.888
21 38 128 0.82
21 39 149 0.874
21 40 152 0.869
21 41 114 0.932
21 42 118 0.898
21 43 141 0.76
21 44 146 0.719
21 45 156 0.794
21 46 187 0.879
21 47 182 0.905
21 48 360 0.897
22 1 294 0.735
22 2 266 0.785
22 3 245 0.775
22 4 198 0.894
22 5 219 0.906
22 6 199 0.806
22 7 198 0.812
22 8 153 0.897
22 9 148 0.728
22 10 147 0.812
22 11 149 0.823
22 12 155 0.887
22 13 164 0.906
22 14 152 0.892
22 15 145 0.829
22 16 157 0.889
22 17 170 0.865
22 18 164 0.884
22 19 10 0.806
22 20 10 0.482
22 21 171 0.842
22 22 156 0.736
22 23 137 0.804
22 24 139 0.868
22 25 155 0.9
22 26 104 0.805
22 27 129 0.797
22 28 146 0.798
22 29 125 0.899
22 30 131 0.839
22 31 130 0.914
22 32 133 0.862
22 33 143 0.83
22 34 138 0.83
22 35 215 0.863
22 36 132 0.846
22 37 179 0.506
22 38 139 0.691
22 39 47 0.887
22 40 50 0.864
22 41 134 0.767
22 42 111 0.845
22 43 121 0.827
22 44 142 0.886
22 45 168 0.906
22 46 170 0.857
22 47 204 0.819
22 48 338 0.914
23 1 372 0.783
23 2 265 0.823
23 3 248 0.791
23 4 203 0.858
23 5 219 0.861
23 6 204 0.87
23 7 164 0.854
23 8 176 0.926
23 9 152 0.734
23 10 163 0.91
23 11 130 0.889
23 12 164 0.863
23 13 0 0.0
23 14 20 0.994
23 15 149 0.71
23 16 166 0.926
23 17 113 0.794
23 18 114 0.645
23 19 141 0.88
23 20 163 0.9
23 21 146 0.879
23 22 141 0.871
23 23 136 0.849
23 24 106 0.893
23 25 110 0.782
23 26 124 0.872
23 27 145 0.863
23 28 137 0.824
23 29 98 0.878
23 30 149 0.94
23 31 147 0.832
23 32 154 0.881
23 33 124 0.646
23 34 122 0.834
23 35 127 0.903
23 36 127 0.878
23 37 148 0.763
23 38 144 0.743
23 39 125 0.841
23 40 136 0.871
23 41 132 0.747
23 42 117 0.891
23 43 148 0.743
23 44 124 0.816
23 45 137 0.731
23 46 205 0.913
23 47 242 0.895
23 48 394 0.855
24 1 351 0.674
24 2 275 0.64
24 3 256 0.761
24 4 203 0.833
24 5 56 0.825
24 6 44 0.794
24 7 190 0.885
24 8 161 0.819
24 9 154 0.927
24 10 153 0.825
24 11 139 0.868
24 12 154 0.89
24 13 141 0.904
24 14 172 0.875
24 15 143 0.738
24 16 117 0.856
24 17 150 0.871
24 18 173 0.86
24 19 147 0.845
24 20 163 0.879
24 21 152 0.861
24 22 160 0.871
24 23 126 0.502
24 24 157 0.876
24 25 152 0.852
24 26 146 0.798
24 27 146 0.921
24 28 139 0.868
24 29 140 0.813
24 30 135 0.68
24 31 140 0.813
24 32 146 0.835
24 33 153 0.897
24 34 120 0.843
24 35 109 0.869
24 36 108 0.898
24 37 116 0.873
24 38 114 0.868
24 39 193 0.823
24 40 120 0.834
24 41 139 0.76
24 42 153 0.897
24 43 160 0.834
24 44 165 0.889
24 45 190 0.756
24 46 222 0.91
24 47 157 0.838
24 48 295 0.84
25 1 393 0.833
25 2 271 0.698
25 3 279 0.596
25 4 227 0.826
25 5 240 0.898
25 6 180 0.858
25 7 165 0.88
25 8 169 0.868
25 9 158 0.835
25 10 155 0.853
25 11 164 0.724
25 12 151 0.826
25 13 142 0.833
25 14 143 0.883
25 15 166 0.886
25 16 142 0.91
25 17 164 0.906
25 18 131 0.809
25 19 141 0.807
25 20 160 0.862
25 21 138 0.884
25 22 0 0.0
25 23 99 0.707
25 24 146 0.848
25 25 155 0.909
25 26 143 0.839
25 27 102 0.79
25 28 130 0.865
25 29 126 0.807
25 30 142 0.877
25 31 131 0.882
25 32 136 0.84
25 33 112 0.943
25 34 140 0.907
25 35 121 0.805
25 36 139 0.845
25 37 137 0.846
25 38 177 0.851
25 39 123 0.822
25 40 118 0.829
25 41 124 0.944
25 42 130 0.899
25 43 138 0.954
25 44 167 0.85
25 45 171 0.85
25 46 206 0.898
25 47 265 0.845
25 48 405 0.866
26 1 406 0.65
26 2 262 0.68
26 3 191 0.907
26 4 229 0.857
26 5 215 0.897
26 6 221 0.895
26 7 176 0.866
26 8 164 0.906
26 9 158 0.788
26 10 155 0.816
26 11 160 0.915
26 12 160 0.884
26 13 166 0.817
26 14 159 0.91
26 15 147 0.928
26 16 133 0.935
26 17 132 0.869
26 18 188 0.868
26 19 49 0.587
26 20 57 0.663
26 21 149 0.803
26 22 160 0.893
26 23 38 0.673
26 24 58 0.905
26 25 145 0.821
26 26 139 0.771
26 27 149 0.844
26 28 130 0.824
26 29 146 0.888
26 30 149 0.897
26 31 135 0.888
26 32 124 0.848
26 33 162 0.709
26 34 116 0.848
26 35 211 0.873
26 36 220 0.84
26 37 136 0.818
26 38 137 0.804
26 39 127 0.903
26 40 147 0.784
26 41 128 0.852
26 42 127 0.903
26 43 153 0.825
26 44 166 0.873
26 45 151 0.834
26 46 220 0.91
26 47 252 0.874
26 48 349 0.87
27 1 457 0.704
27 2 304 0.781
27 3 257 0.751
27 4 239 0.748
27 5 226 0.806
27 6 208 0.779
27 7 201 0.857
27 8 172 0.875
27 9 185 0.87
27 10 167 0.796
27 11 169 0.746
27 12 169 0.889
27 13 15 0.976
27 14 0 0.0
27 15 163 0.802
27 16 151 0.814
27 17 150 0.82
27 18 151 0.918
27 19 152 0.924
27 20 159 0.878
27 21 142 0.877
27 22 152 0.924
27 23 109 0.895
27 24 113 0.886
27 25 158 0.971
27 26 138 0.852
27 27 142 0.833
27 28 120 0.941
27 29 147 0.777
27 30 137 0.888
27 31 154 0.913
27 32 137 0.768
27 33 152 0.848
27 34 143 0.893
27 35 161 0.898
27 36 152 0.892
27 37 115 0.786
27 38 139 0.891
27 39 139 0.961
27 40 133 0.8
27 41 138 0.918
27 42 138 0.781
27 43 173 0.813
27 44 179 0.834
27 45 168 0.808
27 46 201 0.842
27 47 192 0.903
27 48 307 0.844
28 1 455 0.66
28 2 322 0.856
28 3 0 0.0
28 4 195 0.817
28 5 198 0.874
28 6 466 0.824
28 7 208 0.898
28 8 206 0.82
28 9 0 0.0
28 10 0 0.0
28 11 175 0.85
28 12 169 0.84
28 13 169 0.84
28 14 164 0.834
28 15 180 0.866
28 16 171 0.922
28 17 196 0.93
28 18 165 0.776
28 19 170 0.877
28 20 167 0.841
28 21 151 0.886
28 22 160 0.884
28 23 155 0.847
28 24 165 0.831
28 25 147 0.862
28 26 140 0.932
28 27 161 0.868
28 28 149 0.815
28 29 160 0.915
28 30 149 0.906
28 31 169 0.832
28 32 300 0.792
28 33 135 0.821
28 34 149 0.874
28 35 146 0.798
28 36 137 0.912
28 37 96 0.608
28 38 235 0.764
28 39 126 0.896
28 40 143 0.902
28 41 161 0.921
28 42 143 0.771
28 43 190 0.839
28 44 165 0.794
28 45 181 0.879
28 46 174 0.877
28 47 242 0.88
28 48 417 0.847
29 1 391 0.777
29 2 344 0.718
29 3 283 0.648
29 4 243 0.755
29 5 178 0.811
29 6 202 0.88
29 7 191 0.89
29 8 206 0.852
29 9 210 0.896
29 10 159 0.857
29 11 195 0.861
29 12 162 0.873
29 13 168 0.855
29 14 153 0.875
29 15 171 0.842
29 16 163 0.919
29 17 158 0.864
29 18 159 0.82
29 19 169 0.88
29 20 160 0.834
29 21 158 0.823
29 22 156 0.805
29 23 174 0.768
29 24 165 0.82
29 25 143 0.801
29 26 175 0.89
29 27 153 0.866
29 28 162 0.895
29 29 162 0.824
29 30 165 0.88
29 31 171 0.739
29 32 169 0.736
29 33 167 0.922
29 34 158 0.852
29 35 156 0.813
29 36 163 0.759
29 37 191 0.745
29 38 193 0.696
29 39 156 0.915
29 40 156 0.902
29 41 160 0.825
29 42 155 0.909
29 43 197 0.737
29 44 150 0.849
29 45 199 0.915
29 46 162 0.904
29 47 252 0.775
29 48 426 0.779
30 1 272 0.845
30 2 203 0.564
30 3 274 0.663
30 4 191 0.727
30 5 215 0.909
30 6 220 0.84
30 7 239 0.836
30 8 217 0.829
30 9 209 0.94
30 10 178 0.885
30 11 196 0.828
30 12 178 0.885
30 13 158 0.843
30 14 176 0.744
30 15 177 0.863
30 16 171 0.85
30 17 183 0.815
30 18 177 0.851
30 19 206 0.813
30 20 173 0.852
30 21 191 0.818
30 22 189 0.861
30 23 174 0.865
30 24 85 0.761
30 25 174 0.837
30 26 192 0.84
30 27 187 0.899
30 28 183 0.826
30 29 176 0.777
30 30 190 0.846
30 31 183 0.931
30 32 170 0.894
30 33 168 0.915
30 34 179 0.79
30 35 159 0.848
30 36 179 0.861
30 37 220 0.8
30 38 193 0.737
30 39 182 0.811
30 40 178 0.864
30 41 177 0.88
30 42 224 0.856
30 43 183 0.872
30 44 165 0.812
30 45 165 0.889
30 46 170 0.894
30 47 189 0.861
30 48 430 0.809
31 1 455 0.712
31 2 359 0.656
31 3 343 0.583
31 4 308 0.78
31 5 306 0.802
31 6 299 0.696
31 7 285 0.803
31 8 262 0.868
31 9 250 0.797
31 10 245 0.881
31 11 271 0.777
31 12 229 0.81
31 13 254 0.819
31 14 232 0.811
31 15 234 0.92
31 16 231 0.908
31 17 228 0.871
31 18 238 0.803
31 19 202 0.9
31 20 188 0.788
31 21 204 0.683
31 22 221 0.903
31 23 268 0.791
31 24 216 0.902
31 25 242 0.87
31 26 249 0.913
31 27 241 0.87
31 28 297 0.913
31 29 279 0.83
31 30 243 0.763
31 31 252 0.725
31 32 244 0.863
31 33 301 0.845
31 34 269 0.836
31 35 261 0.796
31 36 238 0.88
31 37 337 0.765
31 38 264 0.855
31 39 277 0.83
31 40 259 0.848
31 41 203 0.792
31 42 244 0.844
31 43 276 0.792
31 44 254 0.932
31 45 238 0.898
31 46 278 0.87
31 47 313 0.876
31 48 517 0.906
32 1 533 0.383
32 2 564 0.518
32 3 428 0.844
32 4 615 0.7
32 5 478 0.62
32 6 375 0.827
32 7 351 0.739
32 8 449 0.733
32 9 300 0.719
32 10 363 0.837
32 11 308 0.89
32 12 304 0.863
32 13 344 0.624
32 14 204 0.889
32 15 312 0.772
32 16 359 0.779
32 17 332 0.827
32 18 315 0.866
32 19 353 0.907
32 20 344 0.892
32 21 244 0.733
32 22 115 0.912
32 23 305 0.819
32 24 284 0.749
32 25 307 0.903
32 26 354 0.798
32 27 0 0.0
32 28 0 0.0
32 29 98 0.889
32 30 313 0.75
32 31 354 0.888
32 32 343 0.863
32 33 0 0.0
32 34 0 0.0
32 35 361 0.851
32 36 383 0.831
32 37 355 0.8
32 38 366 0.812
32 39 389 0.832
32 40 374 0.8
32 41 442 0.854
32 42 458 0.842
32 43 417 0.881
32 44 383 0.861
32 45 434 0.868
32 46 539 0.821
32 47 547 0.886
32 48 617 0.817
