row  column  size-1  circ-1
1 1 694 0.769
1 2 662 0.778
1 3 423 0.544
1 4 593 0.637
1 5 571 0.626
1 6 374 0.748
1 7 505 0.818
1 8 510 0.837
1 9 528 0.799
1 10 454 0.802
1 11 484 0.79
1 12 434 0.69
1 13 435 0.791
1 14 464 0.82
1 15 367 0.84
1 16 316 0.854
1 17 401 0.781
1 18 482 0.835
1 19 261 0.839
1 20 399 0.805
1 21 455 0.767
1 22 406 0.873
1 23 453 0.823
1 24 347 0.865
1 25 446 0.806
1 26 498 0.777
1 27 381 0.78
1 28 404 0.843
1 29 374 0.819
1 30 405 0.871
1 31 430 0.873
1 32 379 0.836
1 33 399 0.885
1 34 396 0.876
1 35 422 0.756
1 36 405 0.853
1 37 413 0.786
1 38 443 0.819
1 39 390 0.775
1 40 430 0.866
1 41 177 0.832
1 42 190 0.902
1 43 509 0.835
1 44 531 0.853
1 45 369 0.782
1 46 317 0.735
1 47 630 0.839
1 48 712 0.906
2 1 590 0.785
2 2 499 0.677
2 3 465 0.634
2 4 486 0.737
2 5 467 0.579
2 6 226 0.769
2 7 386 0.791
2 8 247 0.864
2 9 224 0.728
2 10 254 0.804
2 11 253 0.885
2 12 282 0.845
2 13 236 0.866
2 14 255 0.868
2 15 311 0.826
2 16 294 0.859
2 17 294 0.809
2 18 241 0.843
2 19 296 0.896
2 20 282 0.899
2 21 291 0.814
2 22 292 0.862
2 23 306 0.9
2 24 280 0.812
2 25 205 0.893
2 26 255 0.885
2 27 292 0.859
2 28 303 0.819
2 29 236 0.866
2 30 263 0.744
2 31 264 0.836
2 32 278 0.918
2 33 276 0.887
2 34 285 0.86
2 35 260 0.868
2 36 251 0.801
2 37 264 0.888
2 38 298 0.834
2 39 268 0.855
2 40 323 0.91
2 41 317 0.887
2 42 340 0.822
2 43 329 0.788
2 44 300 0.846
2 45 408 0.841
2 46 440 0.891
2 47 432 0.834
2 48 539 0.799
3 1 605 0.689
3 2 489 0.691
3 3 425 0.677
3 4 345 0.622
3 5 309 0.675
3 6 342 0.686
3 7 356 0.699
3 8 308 0.841
3 9 295 0.805
3 10 276 0.78
3 11 255 0.758
3 12 256 0.848
3 13 304 0.556
3 14 287 0.899
3 15 106 0.775
3 16 95 0.715
3 17 277 0.83
3 18 227 0.843
3 19 256 0.816
3 20 265 0.845
3 21 190 0.846
3 22 187 0.938
3 23 214 0.849
3 24 233 0.89
3 25 212 0.896
3 26 214 0.859
3 27 218 0.865
3 28 180 0.916
3 29 233 0.872
3 30 202 0.88
3 31 215 0.917
3 32 205 0.848
3 33 198 0.837
3 34 192 0.848
3 35 172 0.839
3 36 143 0.893
3 37 211 0.873
3 38 219 0.717
3 39 204 0.87
3 40 228 0.797
3 41 234 0.876
3 42 226 0.889
3 43 284 0.815
3 44 248 0.844
3 45 263 0.845
3 46 315 0.873
3 47 328 0.887
3 48 484 0.877
4 1 614 0.777
4 2 482 0.42
4 3 371 0.647
4 4 331 0.739
4 5 345 0.854
4 6 349 0.81
4 7 332 0.795
4 8 276 0.887
4 9 277 0.861
4 10 266 0.799
4 11 268 0.871
4 12 225 0.751
4 13 99 0.871
4 14 268 0.75
4 15 241 0.86
4 16 214 0.808
4 17 201 0.868
4 18 155 0.844
4 19 173 0.832
4 20 216 0.849
4 21 200 0.845
4 22 200 0.872
4 23 200 0.891
4 24 193 0.86
4 25 217 0.946
4 26 215 0.889
4 27 201 0.842
4 28 222 0.899
4 29 201 0.868
4 30 166 0.926
4 31 203 0.893
4 32 204 0.844
4 33 197 0.859
4 34 197 0.833
4 35 157 0.898
4 36 190 0.865
4 37 194 0.864
4 38 197 0.851
4 39 227 0.819
4 40 219 0.837
4 41 211 0.892
4 42 188 0.956
4 43 198 0.826
4 44 257 0.917
4 45 233 0.848
4 46 291 0.872
4 47 160 0.893
4 48 398 0.881
5 1 560 0.606
5 2 530 0.504
5 3 380 0.812
5 4 333 0.571
5 5 324 0.618
5 6 246 0.837
5 7 244 0.853
5 8 237 0.791
5 9 200 0.787
5 10 185 0.789
5 11 240 0.801
5 12 257 0.826
5 13 260 0.845
5 14 245 0.796
5 15 169 0.832
5 16 167 0.87
5 17 224 0.856
5 18 166 0.791
5 19 147 0.862
5 20 189 0.759
5 21 205 0.799
5 22 176 0.827
5 23 194 0.933
5 24 165 0.911
5 25 202 0.908
5 26 156 0.892
5 27 189 0.737
5 28 186 0.829
5 29 194 0.82
5 30 192 0.679
5 31 172 0.843
5 32 177 0.771
5 33 184 0.846
5 34 199 0.923
5 35 139 0.868
5 36 158 0.882
5 37 193 0.852
5 38 169 0.868
5 39 175 0.831
5 40 203 0.885
5 41 140 0.851
5 42 124 0.892
5 43 210 0.819
5 44 228 0.871
5 45 237 0.845
5 46 199 0.886
5 47 319 0.842
5 48 471 0.878
6 1 529 0.572
6 2 405 0.789
6 3 374 0.647
6 4 326 0.703
6 5 311 0.835
6 6 259 0.899
6 7 238 0.803
6 8 243 0.643
6 9 156 0.925
6 10 199 0.792
6 11 263 0.817
6 12 210 0.682
6 13 174 0.792
6 14 205 0.885
6 15 191 0.689
6 16 210 0.861
6 17 181 0.712
6 18 206 0.834
6 19 219 0.837
6 20 214 0.842
6 21 206 0.898
6 22 192 0.848
6 23 219 0.869
6 24 229 0.758
6 25 195 0.925
6 26 179 0.911
6 27 179 0.834
6 28 185 0.843
6 29 183 0.783
6 30 199 0.915
6 31 184 0.906
6 32 186 0.924
6 33 213 0.9
6 34 172 0.809
6 35 179 0.911
6 36 187 0.899
6 37 163 0.932
6 38 165 0.868
6 39 157 0.799
6 40 138 0.679
6 41 178 0.885
6 42 166 0.917
6 43 184 0.755
6 44 167 0.9
6 45 263 0.811
6 46 258 0.885
6 47 349 0.87
6 48 483 0.788
7 1 484 0.632
7 2 415 0.609
7 3 381 0.673
7 4 308 0.827
7 5 266 0.777
7 6 196 0.846
7 7 239 0.751
7 8 202 0.846
7 9 233 0.778
7 10 224 0.771
7 11 199 0.849
7 12 162 0.864
7 13 207 0.867
7 14 192 0.848
7 15 211 0.783
7 16 228 0.853
7 17 211 0.873
7 18 185 0.898
7 19 209 0.865
7 20 215 0.838
7 21 215 0.838
7 22 172 0.905
7 23 196 0.93
7 24 173 0.91
7 25 188 0.884
7 26 186 0.875
7 27 178 0.906
7 28 206 0.845
7 29 188 0.892
7 30 140 0.874
7 31 156 0.862
7 32 159 0.783
7 33 211 0.892
7 34 160 0.825
7 35 131 0.862
7 36 133 0.852
7 37 131 0.839
7 38 161 0.8
7 39 168 0.875
7 40 122 0.834
7 41 173 0.91
7 42 146 0.911
7 43 119 0.792
7 44 166 0.865
7 45 176 0.847
7 46 233 0.838
7 47 304 0.872
7 48 420 0.828
8 1 557 0.633
8 2 396 0.745
8 3 305 0.606
8 4 306 0.842
8 5 325 0.768
8 6 244 0.637
8 7 278 0.672
8 8 204 0.862
8 9 198 0.826
8 10 206 0.758
8 11 181 0.851
8 12 217 0.799
8 13 194 0.892
8 14 183 0.852
8 15 207 0.883
8 16 202 0.756
8 17 220 0.84
8 18 227 0.788
8 19 205 0.823
8 20 191 0.776
8 21 202 0.872
8 22 202 0.846
8 23 139 0.868
8 24 193 0.834
8 25 188 0.837
8 26 199 0.927
8 27 196 0.846
8 28 208 0.811
8 29 212 0.73
8 30 171 0.85
8 31 184 0.795
8 32 198 0.882
8 33 163 0.759
8 34 143 0.86
8 35 159 0.91
8 36 167 0.822
8 37 171 0.909
8 38 217 0.887
8 39 155 0.835
8 40 159 0.887
8 41 174 0.742
8 42 169 0.898
8 43 188 0.925
8 44 193 0.816
8 45 191 0.878
8 46 220 0.91
8 47 318 0.903
8 48 430 0.866
9 1 478 0.569
9 2 413 0.821
9 3 364 0.607
9 4 317 0.798
9 5 270 0.691
9 6 252 0.777
9 7 216 0.849
9 8 234 0.76
9 9 199 0.867
9 10 194 0.714
9 11 187 0.79
9 12 186 0.6
9 13 207 0.824
9 14 246 0.853
9 15 190 0.857
9 16 171 0.9
9 17 202 0.772
9 18 171 0.944
9 19 225 0.819
9 20 230 0.747
9 21 216 0.764
9 22 173 0.716
9 23 83 0.87
9 24 76 0.866
9 25 208 0.843
9 26 170 0.926
9 27 16 0.927
9 28 17 0.82
9 29 193 0.834
9 30 188 0.864
9 31 181 0.871
9 32 194 0.789
9 33 162 0.844
9 34 174 0.885
9 35 192 0.855
9 36 160 0.745
9 37 175 0.861
9 38 187 0.879
9 39 157 0.846
9 40 135 0.8
9 41 143 0.839
9 42 187 0.808
9 43 198 0.863
9 44 171 0.796
9 45 174 0.907
9 46 141 0.89
9 47 293 0.806
9 48 441 0.748
10 1 569 0.626
10 2 429 0.565
10 3 369 0.665
10 4 307 0.796
10 5 228 0.813
10 6 258 0.781
10 7 256 0.742
10 8 185 0.768
10 9 213 0.874
10 10 194 0.845
10 11 212 0.756
10 12 191 0.721
10 13 232 0.768
10 14 208 0.818
10 15 214 0.852
10 16 191 0.8
10 17 197 0.843
10 18 192 0.863
10 19 187 0.917
10 20 209 0.857
10 21 183 0.808
10 22 205 0.816
10 23 218 0.85
10 24 233 0.737
10 25 147 0.784
10 26 183 0.823
10 27 194 0.864
10 28 194 0.884
10 29 159 0.828
10 30 172 0.855
10 31 182 0.935
10 32 177 0.788
10 33 172 0.875
10 34 168 0.884
10 35 191 0.862
10 36 134 0.806
10 37 164 0.702
10 38 187 0.871
10 39 186 0.924
10 40 191 0.8
10 41 194 0.72
10 42 150 0.849
10 43 187 0.899
10 44 196 0.854
10 45 216 0.894
10 46 212 0.904
10 47 305 0.914
10 48 350 0.812
11 1 508 0.685
11 2 341 0.799
11 3 370 0.706
11 4 0 0.0
11 5 267 0.78
11 6 250 0.7
11 7 213 0.705
11 8 178 0.752
11 9 176 0.728
11 10 211 0.847
11 11 201 0.924
11 12 227 0.833
11 13 180 0.886
11 14 227 0.843
11 15 224 0.863
11 16 189 0.792
11 17 205 0.848
11 18 198 0.765
11 19 207 0.883
11 20 197 0.825
11 21 194 0.83
11 22 201 0.824
11 23 192 0.804
11 24 184 0.761
11 25 180 0.878
11 26 196 0.828
11 27 207 0.891
11 28 192 0.764
11 29 136 0.818
11 30 162 0.813
11 31 179 0.92
11 32 179 0.902
11 33 154 0.872
11 34 165 0.812
11 35 155 0.789
11 36 171 0.891
11 37 155 0.856
11 38 154 0.83
11 39 185 0.898
11 40 182 0.811
11 41 157 0.748
11 42 184 0.778
11 43 141 0.798
11 44 136 0.849
11 45 169 0.92
11 46 225 0.842
11 47 241 0.867
11 48 358 0.777
12 1 484 0.812
12 2 446 0.784
12 3 336 0.8
12 4 192 0.794
12 5 227 0.794
12 6 243 0.79
12 7 206 0.827
12 8 226 0.8
12 9 197 0.778
12 10 173 0.661
12 11 191 0.745
12 12 240 0.856
12 13 197 0.851
12 14 182 0.875
12 15 218 0.742
12 16 243 0.867
12 17 155 0.887
12 18 50 -1.0
12 19 179 0.911
12 20 215 0.882
12 21 194 0.763
12 22 226 0.881
12 23 204 0.87
12 24 192 0.829
12 25 190 0.846
12 26 186 0.821
12 27 181 0.9
12 28 216 0.875
12 29 174 0.856
12 30 155 0.781
12 31 172 0.914
12 32 166 0.825
12 33 162 0.805
12 34 173 0.716
12 35 137 0.912
12 36 218 0.75
12 37 158 0.707
12 38 178 0.759
12 39 140 0.897
12 40 174 0.938
12 41 180 0.827
12 42 177 0.851
12 43 191 0.807
12 44 162 0.832
12 45 194 0.872
12 46 218 0.902
12 47 272 0.926
12 48 444 0.823
13 1 390 0.821
13 2 376 0.67
13 3 306 0.821
13 4 195 0.69
13 5 263 0.848
13 6 247 0.796
13 7 216 0.842
13 8 194 0.803
13 9 185 0.898
13 10 192 0.812
13 11 202 0.814
13 12 210 0.826
13 13 248 0.791
13 14 218 0.85
13 15 187 0.8
13 16 225 0.877
13 17 38 0.953
13 18 95 0.836
13 19 54 0.878
13 20 159 0.857
13 21 144 0.807
13 22 149 0.897
13 23 187 0.879
13 24 196 0.804
13 25 65 0.957
13 26 186 0.829
13 27 200 0.827
13 28 181 0.799
13 29 108 0.883
13 30 189 0.834
13 31 171 0.85
13 32 192 0.855
13 33 184 0.849
13 34 172 0.783
13 35 167 0.659
13 36 127 0.868
13 37 102 0.834
13 38 129 0.768
13 39 146 0.897
13 40 186 0.836
13 41 129 0.749
13 42 138 0.839
13 43 137 0.855
13 44 160 0.948
13 45 177 0.758
13 46 133 0.92
13 47 283 0.854
13 48 317 0.822
14 1 434 0.771
14 2 340 0.618
14 3 341 0.85
14 4 284 0.749
14 5 244 0.715
14 6 233 0.822
14 7 221 0.788
14 8 212 0.642
14 9 194 0.82
14 10 177 0.843
14 11 207 0.883
14 12 211 0.892
14 13 209 0.839
14 14 226 0.825
14 15 204 0.889
14 16 227 0.85
14 17 124 0.907
14 18 75 0.797
14 19 152 0.934
14 20 139 0.868
14 21 168 0.937
14 22 183 0.901
14 23 191 0.843
14 24 183 0.909
14 25 173 0.781
14 26 170 0.837
14 27 194 0.856
14 28 183 0.79
14 29 190 0.885
14 30 175 0.89
14 31 154 0.872
14 32 206 0.81
14 33 181 0.824
14 34 169 0.911
14 35 183 0.798
14 36 198 0.714
14 37 161 0.889
14 38 153 0.845
14 39 174 0.865
14 40 204 0.897
14 41 171 0.87
14 42 190 0.914
14 43 148 0.826
14 44 191 0.84
14 45 165 0.868
14 46 190 0.893
14 47 269 0.806
14 48 429 0.876
15 1 280 0.693
15 2 203 0.84
15 3 325 0.773
15 4 288 0.856
15 5 279 0.773
15 6 251 0.816
15 7 192 0.661
15 8 211 0.693
15 9 181 0.862
15 10 203 0.642
15 11 180 0.812
15 12 207 0.675
15 13 221 0.773
15 14 214 0.763
15 15 197 0.808
15 16 234 0.876
15 17 243 0.722
15 18 197 0.859
15 19 203 0.801
15 20 195 0.835
15 21 148 0.91
15 22 213 0.892
15 23 196 0.839
15 24 209 0.857
15 25 173 0.88
15 26 186 0.803
15 27 188 0.864
15 28 187 0.808
15 29 175 0.677
15 30 198 0.91
15 31 184 0.802
15 32 162 0.836
15 33 176 0.701
15 34 155 0.847
15 35 161 0.868
15 36 161 0.839
15 37 200 0.749
15 38 148 0.891
15 39 139 0.665
15 40 186 0.847
15 41 137 0.888
15 42 138 0.861
15 43 117 0.891
15 44 129 0.836
15 45 188 0.856
15 46 180 0.723
15 47 296 0.849
15 48 279 0.89
16 1 498 0.781
16 2 383 0.812
16 3 335 0.743
16 4 304 0.816
16 5 249 0.74
16 6 202 0.836
16 7 213 0.781
16 8 197 0.801
16 9 206 0.765
16 10 198 0.795
16 11 220 0.8
16 12 216 0.867
16 13 237 0.785
16 14 198 0.627
16 15 232 0.805
16 16 219 0.837
16 17 214 0.817
16 18 217 0.774
16 19 221 0.82
16 20 220 0.8
16 21 222 0.938
16 22 203 0.877
16 23 203 0.885
16 24 225 0.768
16 25 178 0.818
16 26 182 0.848
16 27 175 0.834
16 28 181 0.775
16 29 194 0.864
16 30 204 0.929
16 31 172 0.875
16 32 169 0.889
16 33 185 0.809
16 34 180 0.866
16 35 172 0.896
16 36 153 0.825
16 37 154 0.802
16 38 191 0.87
16 39 161 0.868
16 40 144 0.876
16 41 148 0.847
16 42 184 0.936
16 43 137 0.804
16 44 164 0.834
16 45 187 0.899
16 46 231 0.865
16 47 223 0.911
16 48 260 0.861
17 1 345 0.733
17 2 328 0.701
17 3 288 0.732
17 4 336 0.837
17 5 263 0.832
17 6 227 0.81
17 7 180 0.784
17 8 236 0.835
17 9 197 0.731
17 10 179 0.734
17 11 217 0.806
17 12 183 0.79
17 13 210 0.935
17 14 207 0.807
17 15 170 0.826
17 16 203 0.712
17 17 190 0.756
17 18 212 0.756
17 19 216 0.878
17 20 221 0.851
17 21 38 0.953
17 22 29 0.848
17 23 248 0.851
17 24 195 0.869
17 25 165 0.86
17 26 189 0.759
17 27 131 0.849
17 28 165 0.86
17 29 164 0.863
17 30 190 0.873
17 31 157 0.81
17 32 171 0.9
17 33 188 0.83
17 34 178 0.885
17 35 163 0.9
17 36 191 0.754
17 37 122 0.812
17 38 123 0.874
17 39 160 0.939
17 40 179 0.92
17 41 147 0.792
17 42 138 0.83
17 43 164 0.807
17 44 160 0.842
17 45 129 0.818
17 46 23 0.756
17 47 245 0.874
17 48 366 0.75
18 1 487 0.681
18 2 355 0.788
18 3 308 0.745
18 4 268 0.803
18 5 198 0.812
18 6 282 0.854
18 7 186 0.847
18 8 182 0.884
18 9 176 0.695
18 10 172 0.927
18 11 216 0.894
18 12 213 0.831
18 13 185 0.817
18 14 183 0.88
18 15 214 0.763
18 16 193 0.816
18 17 230 0.932
18 18 203 0.866
18 19 209 0.94
18 20 217 0.822
18 21 201 0.842
18 22 215 0.853
18 23 194 0.82
18 24 197 0.775
18 25 188 0.812
18 26 176 0.847
18 27 171 0.9
18 28 186 0.829
18 29 152 0.892
18 30 178 0.837
18 31 170 0.857
18 32 168 0.79
18 33 178 0.829
18 34 178 0.829
18 35 181 0.879
18 36 178 0.876
18 37 186 0.933
18 38 153 0.825
18 39 178 0.864
18 40 201 0.842
18 41 130 0.865
18 42 124 0.892
18 43 178 0.885
18 44 144 0.845
18 45 163 0.849
18 46 191 0.818
18 47 275 0.877
18 48 378 0.779
19 1 449 0.599
19 2 408 0.828
19 3 301 0.789
19 4 308 0.745
19 5 232 0.828
19 6 204 0.837
19 7 245 0.811
19 8 267 0.611
19 9 169 0.723
19 10 208 0.757
19 11 184 0.846
19 12 197 0.897
19 13 218 0.716
19 14 273 0.877
19 15 174 0.837
19 16 150 0.858
19 17 173 0.919
19 18 174 0.938
19 19 218 0.787
19 20 221 0.862
19 21 223 0.852
19 22 180 0.702
19 23 184 0.877
19 24 215 0.74
19 25 202 0.821
19 26 183 0.79
19 27 172 0.783
19 28 194 0.82
19 29 172 0.783
19 30 167 0.87
19 31 181 0.891
19 32 195 0.869
19 33 168 0.765
19 34 182 0.875
19 35 165 0.839
19 36 119 0.856
19 37 170 0.818
19 38 189 0.897
19 39 157 0.818
19 40 157 0.846
19 41 176 0.904
19 42 140 0.874
19 43 158 0.882
19 44 133 0.852
19 45 186 0.829
19 46 173 0.889
19 47 242 0.888
19 48 334 0.887
20 1 463 0.657
20 2 375 0.797
20 3 320 0.71
20 4 282 0.809
20 5 226 0.839
20 6 287 0.729
20 7 280 0.861
20 8 193 0.834
20 9 217 0.806
20 10 195 0.739
20 11 198 0.863
20 12 251 0.76
20 13 219 0.854
20 14 201 0.807
20 15 257 0.786
20 16 263 0.902
20 17 199 0.915
20 18 185 0.782
20 19 171 0.891
20 20 198 0.89
20 21 210 0.877
20 22 226 0.8
20 23 208 0.879
20 24 180 0.795
20 25 129 0.836
20 26 186 0.821
20 27 186 0.786
20 28 212 0.774
20 29 164 0.872
20 30 158 0.815
20 31 152 0.869
20 32 160 0.842
20 33 204 0.802
20 34 172 0.82
20 35 172 0.783
20 36 149 0.883
20 37 183 0.869
20 38 139 0.925
20 39 142 0.854
20 40 153 0.845
20 41 175 0.861
20 42 166 0.882
20 43 155 0.887
20 44 154 0.881
20 45 187 0.825
20 46 212 0.844
20 47 259 0.881
20 48 331 0.853
21 1 264 0.533
21 2 302 0.866
21 3 311 0.712
21 4 293 0.715
21 5 156 0.775
21 6 231 0.653
21 7 277 0.842
21 8 179 0.881
21 9 170 0.873
21 10 227 0.718
21 11 187 0.815
21 12 192 0.924
21 13 128 0.645
21 14 229 0.817
21 15 175 0.853
21 16 204 0.87
21 17 185 0.87
21 18 205 0.783
21 19 212 0.896
21 20 169 0.933
21 21 206 0.898
21 22 201 0.868
21 23 62 0.696
21 24 201 0.814
21 25 201 0.924
21 26 203 0.822
21 27 177 0.799
21 28 160 0.814
21 29 186 0.903
21 30 188 0.788
21 31 180 0.838
21 32 175 0.89
21 33 187 0.929
21 34 185 0.862
21 35 172 0.809
21 36 133 0.8
21 37 159 0.848
21 38 171 0.772
21 39 142 0.896
21 40 144 0.933
21 41 136 0.941
21 42 144 0.876
21 43 142 0.854
21 44 125 0.879
21 45 11 0.589
21 46 212 0.888
21 47 211 0.783
21 48 358 0.844
22 1 404 0.572
22 2 412 0.57
22 3 377 0.624
22 4 262 0.765
22 5 275 0.612
22 6 187 0.92
22 7 226 0.839
22 8 226 0.871
22 9 231 0.801
22 10 274 0.694
22 11 217 0.871
22 12 220 0.891
22 13 201 0.895
22 14 189 0.792
22 15 193 0.887
22 16 201 0.904
22 17 203 0.801
22 18 216 0.802
22 19 186 0.847
22 20 224 0.848
22 21 175 0.87
22 22 178 0.864
22 23 183 0.872
22 24 188 0.771
22 25 208 0.879
22 26 186 0.875
22 27 198 0.788
22 28 172 0.801
22 29 168 0.855
22 30 153 0.797
22 31 228 0.807
22 32 177 0.851
22 33 187 0.815
22 34 187 0.879
22 35 197 0.801
22 36 172 0.827
22 37 192 0.883
22 38 172 0.727
22 39 198 0.882
22 40 161 0.839
22 41 128 0.875
22 42 117 0.891
22 43 176 0.875
22 44 161 0.877
22 45 175 0.912
22 46 220 0.83
22 47 283 0.886
22 48 304 0.866
23 1 330 0.66
23 2 388 0.552
23 3 338 0.649
23 4 323 0.584
23 5 191 0.76
23 6 216 0.809
23 7 185 0.843
23 8 67 0.779
23 9 187 0.879
23 10 201 0.924
23 11 223 0.877
23 12 200 0.694
23 13 173 0.824
23 14 200 0.813
23 15 167 0.879
23 16 239 0.884
23 17 37 0.798
23 18 32 0.865
23 19 248 0.719
23 20 244 0.87
23 21 173 0.764
23 22 184 0.795
23 23 208 0.898
23 24 214 0.794
23 25 171 0.796
23 26 204 0.837
23 27 202 0.804
23 28 200 0.751
23 29 168 0.855
23 30 152 0.731
23 31 172 0.705
23 32 215 0.737
23 33 94 0.792
23 34 177 0.871
23 35 170 0.818
23 36 180 0.82
23 37 145 0.842
23 38 153 0.875
23 39 123 0.818
23 40 123 0.832
23 41 114 0.779
23 42 165 0.921
23 43 151 0.826
23 44 167 0.785
23 45 216 0.849
23 46 212 0.877
23 47 274 0.884
23 48 308 0.807
24 1 479 0.583
24 2 369 0.667
24 3 329 0.65
24 4 343 0.573
24 5 257 0.762
24 6 222 0.721
24 7 244 0.772
24 8 258 0.802
24 9 225 0.904
24 10 209 0.931
24 11 221 0.914
24 12 214 0.757
24 13 201 0.876
24 14 213 0.797
24 15 171 0.85
24 16 219 0.745
24 17 199 0.859
24 18 181 0.9
24 19 239 0.823
24 20 213 0.769
24 21 202 0.917
24 22 231 0.872
24 23 213 0.807
24 24 132 0.878
24 25 161 0.819
24 26 202 0.872
24 27 172 0.759
24 28 199 0.783
24 29 164 0.854
24 30 176 0.875
24 31 177 0.824
24 32 133 0.821
24 33 200 0.88
24 34 192 0.804
24 35 160 0.668
24 36 148 0.809
24 37 180 0.895
24 38 186 0.779
24 39 191 0.898
24 40 144 0.836
24 41 147 0.758
24 42 138 0.894
24 43 134 0.859
24 44 164 0.863
24 45 218 0.793
24 46 210 0.888
24 47 268 0.777
24 48 408 0.851
25 1 387 0.51
25 2 447 0.631
25 3 419 0.544
25 4 287 0.71
25 5 256 0.832
25 6 268 0.797
25 7 258 0.838
25 8 231 0.831
25 9 189 0.869
25 10 201 0.85
25 11 205 0.874
25 12 220 0.607
25 13 109 0.797
25 14 78 0.935
25 15 157 0.773
25 16 319 0.828
25 17 115 0.901
25 18 99 0.887
25 19 220 0.763
25 20 245 0.796
25 21 185 0.736
25 22 191 0.723
25 23 232 0.894
25 24 0 0.0
25 25 129 0.776
25 26 170 0.845
25 27 188 0.864
25 28 169 0.88
25 29 181 0.775
25 30 167 0.932
25 31 180 0.777
25 32 200 0.813
25 33 194 0.9
25 34 170 0.767
25 35 178 0.803
25 36 178 0.793
25 37 172 0.875
25 38 114 0.893
25 39 182 0.875
25 40 144 0.815
25 41 148 0.868
25 42 130 0.875
25 43 156 0.853
25 44 173 0.965
25 45 162 0.779
25 46 192 0.874
25 47 287 0.882
25 48 313 0.806
26 1 12 -1.0
26 2 12 0.781
26 3 422 0.685
26 4 331 0.466
26 5 333 0.48
26 6 212 0.794
26 7 225 0.731
26 8 230 0.82
26 9 254 0.701
26 10 253 0.766
26 11 143 0.697
26 12 190 0.796
26 13 0 0.0
26 14 0 0.0
26 15 229 0.744
26 16 183 0.852
26 17 223 0.835
26 18 271 0.777
26 19 229 0.908
26 20 195 0.869
26 21 191 0.825
26 22 219 0.887
26 23 121 0.85
26 24 192 0.874
26 25 182 0.856
26 26 269 0.871
26 27 193 0.809
26 28 173 0.788
26 29 180 0.866
26 30 151 0.834
26 31 199 0.806
26 32 180 0.82
26 33 180 0.777
26 34 196 0.889
26 35 194 0.813
26 36 198 0.819
26 37 142 0.792
26 38 168 0.827
26 39 205 0.698
26 40 149 0.844
26 41 159 0.772
26 42 133 0.788
26 43 144 0.876
26 44 167 0.814
26 45 202 0.854
26 46 224 0.822
26 47 267 0.83
26 48 408 0.816
27 1 612 0.588
27 2 418 0.824
27 3 327 0.579
27 4 319 0.678
27 5 362 0.649
27 6 271 0.655
27 7 174 0.775
27 8 213 0.831
27 9 227 0.833
27 10 198 0.735
27 11 227 0.893
27 12 221 0.804
27 13 224 0.899
27 14 196 0.764
27 15 175 0.87
27 16 200 0.872
27 17 258 0.868
27 18 134 0.916
27 19 225 0.803
27 20 201 0.85
27 21 219 0.898
27 22 203 0.885
27 23 201 0.85
27 24 205 0.866
27 25 183 0.773
27 26 156 0.925
27 27 185 0.824
27 28 237 0.905
27 29 179 0.881
27 30 174 0.768
27 31 206 0.871
27 32 174 0.678
27 33 0 0.0
27 34 148 0.868
27 35 155 0.808
27 36 143 0.839
27 37 181 0.706
27 38 164 0.854
27 39 123 0.841
27 40 115 0.901
27 41 168 0.742
27 42 188 0.819
27 43 155 0.943
27 44 184 0.865
27 45 81 0.784
27 46 247 0.888
27 47 257 0.826
27 48 398 0.815
28 1 477 0.581
28 2 484 0.627
28 3 397 0.716
28 4 312 0.817
28 5 369 0.734
28 6 222 0.873
28 7 235 0.711
28 8 207 0.807
28 9 204 0.795
28 10 243 0.811
28 11 258 0.845
28 12 254 0.835
28 13 235 0.75
28 14 262 0.851
28 15 227 0.788
28 16 199 0.776
28 17 196 0.777
28 18 236 0.812
28 19 200 0.891
28 20 206 0.871
28 21 200 0.827
28 22 174 0.745
28 23 307 0.76
28 24 240 0.674
28 25 203 0.718
28 26 207 0.824
28 27 179 0.842
28 28 202 0.781
28 29 229 0.857
28 30 216 0.867
28 31 203 0.667
28 32 163 0.879
28 33 222 0.891
28 34 156 0.862
28 35 183 0.86
28 36 162 0.797
28 37 196 0.881
28 38 189 0.809
28 39 226 0.822
28 40 176 0.917
28 41 161 0.856
28 42 174 0.829
28 43 197 0.731
28 44 188 0.71
28 45 236 0.696
28 46 264 0.865
28 47 298 0.87
28 48 374 0.759
29 1 567 0.657
29 2 461 0.664
29 3 162 0.532
29 4 39 0.598
29 5 354 0.67
29 6 290 0.773
29 7 348 0.779
29 8 187 0.833
29 9 319 0.856
29 10 282 0.631
29 11 201 0.631
29 12 226 0.734
29 13 249 0.768
29 14 222 0.881
29 15 260 0.858
29 16 222 0.848
29 17 206 0.871
29 18 220 0.848
29 19 180 0.809
29 20 243 0.834
29 21 228 0.804
29 22 211 0.847
29 23 183 0.767
29 24 181 0.835
29 25 212 0.844
29 26 155 0.827
29 27 204 0.855
29 28 237 0.887
29 29 201 0.807
29 30 175 0.943
29 31 178 0.856
29 32 195 0.888
29 33 176 0.82
29 34 173 0.852
29 35 235 0.831
29 36 168 0.719
29 37 167 0.754
29 38 151 0.895
29 39 96 0.871
29 40 173 0.901
29 41 165 0.889
29 42 193 0.67
29 43 180 0.895
29 44 188 0.822
29 45 262 0.814
29 46 282 0.851
29 47 167 0.879
29 48 247 0.776
30 1 560 0.681
30 2 437 0.654
30 3 515 0.541
30 4 408 0.701
30 5 322 0.802
30 6 372 0.808
30 7 343 0.78
30 8 282 0.867
30 9 235 0.862
30 10 189 0.782
30 11 213 0.733
30 12 269 0.858
30 13 234 0.787
30 14 251 0.861
30 15 220 0.823
30 16 232 0.821
30 17 238 0.856
30 18 255 0.851
30 19 312 0.767
30 20 303 0.762
30 21 190 0.893
30 22 254 0.913
30 23 269 0.774
30 24 245 0.857
30 25 250 0.892
30 26 252 0.828
30 27 258 0.829
30 28 222 0.831
30 29 212 0.796
30 30 251 0.878
30 31 230 0.82
30 32 224 0.863
30 33 271 0.806
30 34 186 0.734
30 35 216 0.867
30 36 190 0.846
30 37 184 0.823
30 38 125 0.925
30 39 192 0.883
30 40 171 0.823
30 41 166 0.873
30 42 173 0.88
30 43 184 0.906
30 44 236 0.849
30 45 249 0.864
30 46 319 0.803
30 47 324 0.846
30 48 457 0.756
31 1 555 0.55
31 2 560 0.588
31 3 578 0.507
31 4 402 0.562
31 5 318 0.554
31 6 397 0.508
31 7 292 0.765
31 8 363 0.664
31 9 332 0.827
31 10 310 0.896
31 11 346 0.848
31 12 312 0.837
31 13 348 0.888
31 14 349 0.68
31 15 336 0.857
31 16 294 0.881
31 17 224 0.873
31 18 338 0.81
31 19 297 0.883
31 20 306 0.9
31 21 255 0.772
31 22 274 0.809
31 23 306 0.878
31 24 313 0.898
31 25 300 0.726
31 26 278 0.818
31 27 201 0.868
31 28 312 0.858
31 29 302 0.805
31 30 300 0.799
31 31 299 0.873
31 32 274 0.874
31 33 298 0.786
31 34 293 0.884
31 35 294 0.874
31 36 263 0.817
31 37 236 0.902
31 38 201 0.876
31 39 538 0.883
31 40 565 0.784
31 41 194 0.892
31 42 280 0.854
31 43 223 0.903
31 44 183 0.852
31 45 215 0.889
31 46 225 0.859
31 47 423 0.812
31 48 464 0.787
32 1 672 0.604
32 2 553 0.518
32 3 601 0.409
32 4 572 0.608
32 5 509 0.531
32 6 428 0.636
32 7 459 0.759
32 8 528 0.539
32 9 485 0.719
32 10 443 0.597
32 11 456 0.843
32 12 482 0.593
32 13 419 0.732
32 14 389 0.778
32 15 404 0.803
32 16 409 0.723
32 17 402 0.674
32 18 388 0.771
32 19 361 0.885
32 20 291 0.715
32 21 377 0.648
32 22 379 0.679
32 23 451 0.7
32 24 409 0.79
32 25 423 0.846
32 26 391 0.782
32 27 475 0.755
32 28 408 0.799
32 29 389 0.869
32 30 332 0.77
32 31 388 0.738
32 32 367 0.885
32 33 400 0.752
32 34 294 0.803
32 35 480 0.805
32 36 425 0.826
32 37 377 0.869
32 38 428 0.851
32 39 452 0.754
32 40 407 0.814
32 41 477 0.853
32 42 458 0.752
32 43 385 0.86
32 44 402 0.834
32 45 406 0.753
32 46 483 0.804
32 47 511 0.823
32 48 493 0.755
