row  column  size-1  circ-1
1 1 652 0.715
1 2 581 0.76
1 3 453 0.564
1 4 717 0.891
1 5 544 0.817
1 6 301 0.848
1 7 419 0.788
1 8 448 0.876
1 9 385 0.83
1 10 334 0.8
1 11 653 0.813
1 12 405 0.789
1 13 383 0.883
1 14 334 0.832
1 15 392 0.828
1 16 207 0.831
1 17 264 0.752
1 18 424 0.819
1 19 187 0.767
1 20 260 0.72
1 21 350 0.777
1 22 336 0.774
1 23 350 0.825
1 24 264 0.779
1 25 424 0.848
1 26 355 0.85
1 27 269 0.806
1 28 418 0.886
1 29 426 0.742
1 30 350 0.814
1 31 337 0.767
1 32 394 0.861
1 33 317 0.822
1 34 419 0.846
1 35 364 0.689
1 36 385 0.905
1 37 348 0.733
1 38 393 0.681
1 39 394 0.712
1 40 434 0.793
1 41 260 0.829
1 42 264 0.814
1 43 535 0.652
1 44 451 0.665
1 45 493 0.42
1 46 582 0.603
1 47 690 0.607
1 48 710 0.77
2 1 470 0.739
2 2 345 0.662
2 3 409 0.739
2 4 389 0.78
2 5 513 0.654
2 6 256 0.767
2 7 493 0.82
2 8 404 0.739
2 9 268 0.714
2 10 277 0.883
2 11 401 0.821
2 12 401 0.781
2 13 290 0.832
2 14 296 0.864
2 15 364 0.892
2 16 347 0.871
2 17 370 0.686
2 18 354 0.834
2 19 345 0.813
2 20 383 0.894
2 21 288 0.847
2 22 300 0.833
2 23 373 0.879
2 24 283 0.863
2 25 264 0.779
2 26 263 0.92
2 27 296 0.814
2 28 417 0.773
2 29 256 0.861
2 30 382 0.848
2 31 269 0.874
2 32 309 0.829
2 33 283 0.734
2 34 311 0.841
2 35 395 0.819
2 36 366 0.679
2 37 282 0.757
2 38 305 0.845
2 39 296 0.8
2 40 359 0.784
2 41 341 0.891
2 42 341 0.74
2 43 457 0.7
2 44 528 0.515
2 45 432 0.547
2 46 459 0.45
2 47 592 0.491
2 48 716 0.904
3 1 521 0.764
3 2 412 0.678
3 3 425 0.804
3 4 365 0.645
3 5 317 0.772
3 6 392 0.737
3 7 387 0.833
3 8 376 0.84
3 9 321 0.752
3 10 334 0.65
3 11 256 0.81
3 12 319 0.828
3 13 328 0.837
3 14 296 0.887
3 15 118 0.703
3 16 117 0.856
3 17 296 0.776
3 18 270 0.839
3 19 276 0.827
3 20 314 0.834
3 21 209 0.883
3 22 305 0.726
3 23 218 0.771
3 24 422 0.712
3 25 243 0.82
3 26 243 0.736
3 27 244 0.853
3 28 246 0.779
3 29 216 0.849
3 30 235 0.822
3 31 292 0.838
3 32 278 0.911
3 33 294 0.859
3 34 274 0.897
3 35 228 0.843
3 36 226 0.769
3 37 289 0.776
3 38 279 0.8
3 39 342 0.776
3 40 340 0.662
3 41 324 0.789
3 42 294 0.797
3 43 366 0.622
3 44 338 0.627
3 45 372 0.502
3 46 358 0.691
3 47 442 0.718
3 48 494 0.844
4 1 518 0.645
4 2 406 0.732
4 3 339 0.652
4 4 283 0.826
4 5 397 0.688
4 6 286 0.866
4 7 341 0.769
4 8 309 0.838
4 9 256 0.864
4 10 232 0.868
4 11 270 0.664
4 12 284 0.836
4 13 117 0.8
4 14 272 0.884
4 15 269 0.806
4 16 244 0.821
4 17 252 0.835
4 18 184 0.83
4 19 205 0.761
4 20 267 0.861
4 21 253 0.838
4 22 217 0.73
4 23 234 0.835
4 24 232 0.834
4 25 195 0.842
4 26 254 0.841
4 27 222 0.824
4 28 260 0.861
4 29 224 0.848
4 30 203 0.822
4 31 251 0.871
4 32 234 0.812
4 33 245 0.881
4 34 285 0.847
4 35 206 0.81
4 36 306 0.775
4 37 256 0.895
4 38 243 0.884
4 39 272 0.852
4 40 388 0.703
4 41 337 0.772
4 42 311 0.757
4 43 348 0.797
4 44 327 0.749
4 45 377 0.739
4 46 430 0.771
4 47 149 0.823
4 48 395 0.779
5 1 405 0.782
5 2 505 0.69
5 3 309 0.686
5 4 391 0.721
5 5 397 0.616
5 6 320 0.688
5 7 234 0.755
5 8 311 0.692
5 9 250 0.797
5 10 218 0.756
5 11 250 0.785
5 12 255 0.714
5 13 293 0.871
5 14 266 0.848
5 15 208 0.757
5 16 202 0.706
5 17 242 0.746
5 18 220 0.807
5 19 209 0.883
5 20 224 0.714
5 21 201 0.85
5 22 209 0.808
5 23 232 0.894
5 24 192 0.855
5 25 228 0.846
5 26 183 0.75
5 27 209 0.847
5 28 222 0.927
5 29 206 0.81
5 30 207 0.68
5 31 189 0.869
5 32 225 0.931
5 33 208 0.818
5 34 223 0.828
5 35 191 0.807
5 36 215 0.838
5 37 223 0.895
5 38 219 0.68
5 39 235 0.845
5 40 314 0.726
5 41 203 0.65
5 42 221 0.657
5 43 296 0.893
5 44 305 0.819
5 45 367 0.773
5 46 242 0.649
5 47 546 0.596
5 48 500 0.821
6 1 587 0.562
6 2 427 0.74
6 3 406 0.685
6 4 302 0.696
6 5 290 0.832
6 6 324 0.776
6 7 330 0.791
6 8 269 0.829
6 9 232 0.774
6 10 279 0.809
6 11 239 0.82
6 12 241 0.877
6 13 211 0.83
6 14 239 0.792
6 15 242 0.856
6 16 243 0.867
6 17 205 0.841
6 18 225 0.859
6 19 261 0.888
6 20 224 0.815
6 21 204 0.889
6 22 228 0.897
6 23 227 0.772
6 24 247 0.84
6 25 234 0.755
6 26 208 0.742
6 27 210 0.861
6 28 205 0.816
6 29 185 0.862
6 30 224 0.899
6 31 219 0.934
6 32 241 0.737
6 33 209 0.891
6 34 203 0.815
6 35 231 0.882
6 36 228 0.889
6 37 221 0.869
6 38 224 0.856
6 39 235 0.838
6 40 232 0.629
6 41 355 0.8
6 42 277 0.83
6 43 251 0.746
6 44 324 0.771
6 45 312 0.703
6 46 428 0.64
6 47 381 0.449
6 48 522 0.635
7 1 555 0.794
7 2 422 0.648
7 3 405 0.665
7 4 319 0.828
7 5 327 0.791
7 6 287 0.866
7 7 241 0.777
7 8 252 0.749
7 9 254 0.804
7 10 253 0.715
7 11 225 0.812
7 12 197 0.775
7 13 207 0.753
7 14 235 0.8
7 15 233 0.822
7 16 222 0.866
7 17 191 0.807
7 18 150 0.738
7 19 227 0.788
7 20 247 0.84
7 21 207 0.867
7 22 190 0.813
7 23 233 0.787
7 24 221 0.934
7 25 270 0.75
7 26 183 0.76
7 27 187 0.808
7 28 220 0.743
7 29 251 0.733
7 30 158 0.753
7 31 210 0.927
7 32 180 0.812
7 33 240 0.856
7 34 213 0.9
7 35 156 0.862
7 36 182 0.935
7 37 155 0.827
7 38 208 0.766
7 39 210 0.843
7 40 246 0.667
7 41 293 0.713
7 42 204 0.837
7 43 207 0.849
7 44 275 0.789
7 45 281 0.806
7 46 383 0.505
7 47 404 0.491
7 48 490 0.806
8 1 459 0.562
8 2 437 0.678
8 3 327 0.783
8 4 282 0.698
8 5 312 0.708
8 6 292 0.875
8 7 329 0.788
8 8 209 0.832
8 9 251 0.786
8 10 230 0.785
8 11 196 0.818
8 12 284 0.781
8 13 229 0.804
8 14 206 0.771
8 15 222 0.773
8 16 213 0.775
8 17 214 0.834
8 18 219 0.775
8 19 219 0.83
8 20 237 0.687
8 21 234 0.894
8 22 206 0.81
8 23 174 0.761
8 24 230 0.905
8 25 195 0.896
8 26 255 0.829
8 27 233 0.872
8 28 244 0.815
8 29 234 0.835
8 30 242 0.786
8 31 195 0.817
8 32 255 0.851
8 33 202 0.88
8 34 191 0.825
8 35 237 0.887
8 36 220 0.817
8 37 255 0.892
8 38 230 0.854
8 39 214 0.701
8 40 258 0.781
8 41 261 0.802
8 42 277 0.638
8 43 273 0.635
8 44 332 0.71
8 45 321 0.883
8 46 362 0.654
8 47 400 0.777
8 48 534 0.596
9 1 410 0.636
9 2 328 0.589
9 3 325 0.749
9 4 302 0.646
9 5 308 0.856
9 6 266 0.777
9 7 220 0.769
9 8 230 0.886
9 9 217 0.856
9 10 215 0.814
9 11 239 0.852
9 12 208 0.757
9 13 269 0.851
9 14 240 0.849
9 15 202 0.818
9 16 211 0.753
9 17 235 0.862
9 18 193 0.852
9 19 314 0.885
9 20 197 0.731
9 21 217 0.755
9 22 155 0.909
9 23 92 0.684
9 24 73 0.765
9 25 229 0.804
9 26 200 0.796
9 27 23 0.59
9 28 29 0.898
9 29 227 0.794
9 30 232 0.851
9 31 226 0.896
9 32 237 0.845
9 33 210 0.809
9 34 220 0.84
9 35 215 0.767
9 36 185 0.792
9 37 189 0.88
9 38 205 0.885
9 39 239 0.902
9 40 194 0.83
9 41 280 0.627
9 42 250 0.806
9 43 255 0.786
9 44 274 0.701
9 45 265 0.718
9 46 246 0.821
9 47 409 0.79
9 48 452 0.624
10 1 597 0.763
10 2 313 0.684
10 3 422 0.566
10 4 389 0.832
10 5 291 0.844
10 6 273 0.846
10 7 308 0.78
10 8 197 0.859
10 9 244 0.793
10 10 224 0.756
10 11 229 0.85
10 12 213 0.687
10 13 212 0.844
10 14 230 0.854
10 15 230 0.854
10 16 255 0.838
10 17 217 0.829
10 18 201 0.835
10 19 208 0.828
10 20 236 0.842
10 21 210 0.764
10 22 243 0.778
10 23 240 0.856
10 24 247 0.84
10 25 194 0.772
10 26 208 0.861
10 27 223 0.811
10 28 218 0.809
10 29 222 0.841
10 30 227 0.718
10 31 262 0.868
10 32 206 0.81
10 33 225 0.745
10 34 213 0.814
10 35 214 0.601
10 36 176 0.787
10 37 235 0.764
10 38 264 0.765
10 39 207 0.824
10 40 222 0.764
10 41 272 0.743
10 42 252 0.596
10 43 248 0.794
10 44 288 0.616
10 45 279 0.851
10 46 336 0.837
10 47 390 0.701
10 48 385 0.534
11 1 447 0.726
11 2 352 0.696
11 3 274 0.874
11 4 42 0.618
11 5 307 0.81
11 6 282 0.693
11 7 221 0.837
11 8 205 0.77
11 9 216 0.825
11 10 205 0.856
11 11 212 0.756
11 12 220 0.8
11 13 223 0.845
11 14 238 0.826
11 15 231 0.908
11 16 182 0.725
11 17 230 0.861
11 18 189 0.824
11 19 220 0.84
11 20 189 0.861
11 21 240 0.906
11 22 236 0.797
11 23 225 0.842
11 24 184 0.761
11 25 220 0.772
11 26 197 0.825
11 27 212 0.896
11 28 208 0.879
11 29 157 0.931
11 30 196 0.728
11 31 197 0.878
11 32 208 0.935
11 33 203 0.873
11 34 207 0.91
11 35 209 0.719
11 36 234 0.835
11 37 188 0.733
11 38 226 0.729
11 39 217 0.806
11 40 209 0.865
11 41 205 0.74
11 42 234 0.799
11 43 212 0.771
11 44 276 0.608
11 45 320 0.717
11 46 320 0.688
11 47 355 0.738
11 48 501 0.621
12 1 416 0.756
12 2 327 0.732
12 3 323 0.844
12 4 194 0.789
12 5 281 0.88
12 6 238 0.788
12 7 234 0.805
12 8 229 0.92
12 9 229 0.817
12 10 205 0.755
12 11 219 0.854
12 12 190 0.77
12 13 211 0.881
12 14 169 0.86
12 15 203 0.84
12 16 184 0.771
12 17 80 0.925
12 18 47 0.733
12 19 133 0.717
12 20 227 0.803
12 21 196 0.893
12 22 226 0.863
12 23 219 0.781
12 24 200 0.853
12 25 206 0.845
12 26 218 0.826
12 27 197 0.815
12 28 232 0.768
12 29 207 0.856
12 30 159 0.9
12 31 182 0.762
12 32 200 0.783
12 33 230 0.827
12 34 225 0.803
12 35 172 0.759
12 36 249 0.797
12 37 220 0.848
12 38 207 0.824
12 39 199 0.816
12 40 196 0.854
12 41 234 0.858
12 42 203 0.84
12 43 244 0.661
12 44 333 0.676
12 45 324 0.684
12 46 365 0.88
12 47 363 0.864
12 48 417 0.829
13 1 455 0.793
13 2 305 0.805
13 3 347 0.772
13 4 238 0.873
13 5 274 0.83
13 6 220 0.785
13 7 219 0.775
13 8 194 0.838
13 9 206 0.918
13 10 193 0.887
13 11 241 0.814
13 12 248 0.837
13 13 242 0.76
13 14 227 0.781
13 15 211 0.892
13 16 284 0.823
13 17 86 0.629
13 18 122 0.516
13 19 72 0.744
13 20 145 0.829
13 21 179 0.519
13 22 161 0.944
13 23 286 0.815
13 24 253 0.861
13 25 70 0.917
13 26 212 0.827
13 27 199 0.783
13 28 206 0.837
13 29 144 0.815
13 30 234 0.828
13 31 278 0.88
13 32 212 0.904
13 33 217 0.925
13 34 212 0.859
13 35 202 0.908
13 36 186 0.895
13 37 128 0.732
13 38 159 0.848
13 39 215 0.838
13 40 220 0.848
13 41 183 0.714
13 42 214 0.665
13 43 226 0.863
13 44 247 0.727
13 45 254 0.775
13 46 200 0.827
13 47 332 0.816
13 48 475 0.856
14 1 420 0.86
14 2 283 0.747
14 3 282 0.83
14 4 265 0.902
14 5 190 0.796
14 6 234 0.858
14 7 221 0.804
14 8 227 0.893
14 9 246 0.902
14 10 215 0.863
14 11 220 0.8
14 12 249 0.768
14 13 217 0.812
14 14 235 0.88
14 15 234 0.805
14 16 219 0.806
14 17 108 0.563
14 18 39 0.674
14 19 115 0.928
14 20 146 0.856
14 21 176 0.866
14 22 206 0.898
14 23 218 0.8
14 24 206 0.845
14 25 182 0.84
14 26 196 0.873
14 27 207 0.883
14 28 198 0.874
14 29 230 0.814
14 30 167 0.83
14 31 200 0.827
14 32 209 0.776
14 33 290 0.856
14 34 210 0.795
14 35 220 0.883
14 36 257 0.772
14 37 211 0.768
14 38 240 0.795
14 39 211 0.673
14 40 207 0.838
14 41 209 0.706
14 42 238 0.816
14 43 248 0.797
14 44 264 0.653
14 45 277 0.775
14 46 304 0.802
14 47 368 0.799
14 48 532 0.8
15 1 260 0.808
15 2 187 0.871
15 3 275 0.803
15 4 285 0.892
15 5 255 0.868
15 6 224 0.808
15 7 204 0.844
15 8 240 0.826
15 9 222 0.848
15 10 207 0.867
15 11 188 0.812
15 12 206 0.82
15 13 289 0.338
15 14 225 0.812
15 15 234 0.708
15 16 243 0.874
15 17 248 0.844
15 18 208 0.811
15 19 219 0.717
15 20 230 0.667
15 21 182 0.875
15 22 264 0.771
15 23 233 0.848
15 24 214 0.834
15 25 221 0.854
15 26 226 0.863
15 27 195 0.8
15 28 213 0.855
15 29 187 0.879
15 30 213 0.848
15 31 207 0.883
15 32 205 0.885
15 33 176 0.728
15 34 207 0.768
15 35 208 0.811
15 36 244 0.799
15 37 226 0.822
15 38 197 0.791
15 39 197 0.818
15 40 231 0.872
15 41 198 0.882
15 42 203 0.769
15 43 213 0.791
15 44 190 0.735
15 45 277 0.845
15 46 270 0.783
15 47 324 0.776
15 48 275 0.833
16 1 533 0.778
16 2 314 0.759
16 3 278 0.854
16 4 267 0.717
16 5 250 0.749
16 6 213 0.754
16 7 225 0.885
16 8 236 0.859
16 9 205 0.866
16 10 219 0.827
16 11 201 0.887
16 12 208 0.722
16 13 219 0.813
16 14 213 0.814
16 15 237 0.845
16 16 211 0.847
16 17 205 0.859
16 18 219 0.906
16 19 221 0.862
16 20 234 0.769
16 21 223 0.862
16 22 298 0.893
16 23 213 0.881
16 24 209 0.745
16 25 180 0.812
16 26 186 0.871
16 27 191 0.835
16 28 216 0.764
16 29 223 0.852
16 30 220 0.84
16 31 193 0.791
16 32 179 0.861
16 33 220 0.737
16 34 195 0.88
16 35 190 0.772
16 36 167 0.879
16 37 197 0.825
16 38 227 0.718
16 39 201 0.711
16 40 218 0.778
16 41 191 0.919
16 42 242 0.856
16 43 216 0.809
16 44 245 0.761
16 45 275 0.77
16 46 300 0.846
16 47 271 0.812
16 48 448 0.865
17 1 428 0.794
17 2 294 0.745
17 3 263 0.848
17 4 242 0.823
17 5 252 0.874
17 6 229 0.801
17 7 198 0.855
17 8 238 0.803
17 9 230 0.798
17 10 192 0.903
17 11 212 0.896
17 12 207 0.831
17 13 232 0.886
17 14 220 0.865
17 15 203 0.808
17 16 226 0.881
17 17 224 0.863
17 18 233 0.831
17 19 249 0.871
17 20 204 0.862
17 21 0 0.0
17 22 15 0.746
17 23 222 0.838
17 24 203 0.763
17 25 232 0.805
17 26 191 0.898
17 27 179 0.826
17 28 209 0.815
17 29 207 0.867
17 30 209 0.911
17 31 202 0.865
17 32 207 0.875
17 33 213 0.823
17 34 227 0.826
17 35 183 0.833
17 36 221 0.862
17 37 167 0.891
17 38 200 0.662
17 39 191 0.843
17 40 242 0.88
17 41 194 0.856
17 42 195 0.817
17 43 256 0.838
17 44 244 0.895
17 45 226 0.829
17 46 78 0.969
17 47 370 0.65
17 48 467 0.773
18 1 523 0.74
18 2 251 0.816
18 3 288 0.755
18 4 238 0.891
18 5 208 0.797
18 6 245 0.864
18 7 174 0.885
18 8 217 0.829
18 9 199 0.816
18 10 231 0.84
18 11 187 0.852
18 12 210 0.743
18 13 240 0.721
18 14 198 0.735
18 15 231 0.808
18 16 225 0.885
18 17 240 0.863
18 18 193 0.879
18 19 212 0.877
18 20 183 0.852
18 21 218 0.875
18 22 205 0.841
18 23 210 0.851
18 24 175 0.79
18 25 223 0.852
18 26 200 0.891
18 27 212 0.851
18 28 182 0.875
18 29 186 0.69
18 30 200 0.796
18 31 196 0.846
18 32 203 0.896
18 33 167 0.785
18 34 249 0.881
18 35 219 0.854
18 36 210 0.907
18 37 214 0.842
18 38 234 0.803
18 39 207 0.747
18 40 259 0.896
18 41 206 0.827
18 42 208 0.828
18 43 237 0.77
18 44 219 0.837
18 45 258 0.854
18 46 258 0.861
18 47 438 0.734
18 48 443 0.843
19 1 613 0.855
19 2 289 0.829
19 3 250 0.806
19 4 290 0.826
19 5 199 0.831
19 6 220 0.858
19 7 211 0.746
19 8 197 0.889
19 9 193 0.819
19 10 202 0.872
19 11 209 0.865
19 12 228 0.83
19 13 217 0.906
19 14 413 0.809
19 15 128 0.799
19 16 151 0.753
19 17 201 0.876
19 18 178 0.848
19 19 225 0.885
19 20 224 0.856
19 21 181 0.843
19 22 190 0.865
19 23 185 0.911
19 24 177 0.684
19 25 199 0.754
19 26 185 0.862
19 27 195 0.869
19 28 180 0.831
19 29 184 0.906
19 30 200 0.864
19 31 194 0.845
19 32 217 0.879
19 33 184 0.795
19 34 211 0.92
19 35 164 0.826
19 36 129 0.788
19 37 218 0.857
19 38 249 0.864
19 39 203 0.885
19 40 189 0.861
19 41 232 0.828
19 42 195 0.767
19 43 218 0.833
19 44 181 0.879
19 45 266 0.791
19 46 311 0.864
19 47 395 0.79
19 48 546 0.884
20 1 580 0.86
20 2 284 0.727
20 3 319 0.814
20 4 233 0.808
20 5 230 0.851
20 6 248 0.928
20 7 272 0.761
20 8 196 0.728
20 9 204 0.873
20 10 210 0.789
20 11 260 0.845
20 12 246 0.844
20 13 192 0.894
20 14 222 0.858
20 15 253 0.868
20 16 215 0.798
20 17 193 0.841
20 18 208 0.772
20 19 156 0.862
20 20 264 0.793
20 21 203 0.769
20 22 199 0.886
20 23 221 0.862
20 24 189 0.853
20 25 193 0.759
20 26 246 0.745
20 27 287 0.784
20 28 217 0.856
20 29 192 0.837
20 30 183 0.86
20 31 205 0.874
20 32 195 0.8
20 33 274 0.769
20 34 216 0.818
20 35 225 0.793
20 36 143 0.893
20 37 219 0.854
20 38 180 0.784
20 39 206 0.827
20 40 193 0.868
20 41 204 0.844
20 42 225 0.781
20 43 239 0.785
20 44 232 0.876
20 45 267 0.842
20 46 284 0.787
20 47 296 0.787
20 48 497 0.801
21 1 233 0.799
21 2 329 0.839
21 3 300 0.831
21 4 244 0.787
21 5 160 0.862
21 6 218 0.843
21 7 244 0.739
21 8 236 0.842
21 9 192 0.693
21 10 214 0.779
21 11 208 0.788
21 12 200 0.82
21 13 105 0.747
21 14 178 0.848
21 15 178 0.715
21 16 203 0.815
21 17 227 0.857
21 18 229 0.857
21 19 228 0.861
21 20 200 0.891
21 21 218 0.85
21 22 190 0.865
21 23 38 0.375
21 24 218 0.816
21 25 193 0.937
21 26 203 0.885
21 27 284 0.844
21 28 159 0.923
21 29 205 0.793
21 30 198 0.819
21 31 201 0.876
21 32 226 0.743
21 33 220 0.791
21 34 207 0.824
21 35 194 0.82
21 36 154 0.872
21 37 219 0.934
21 38 220 0.873
21 39 201 0.824
21 40 215 0.882
21 41 183 0.88
21 42 173 0.795
21 43 206 0.669
21 44 202 0.772
21 45 65 0.899
21 46 296 0.855
21 47 275 0.861
21 48 454 0.741
22 1 442 0.686
22 2 314 0.719
22 3 319 0.6
22 4 291 0.85
22 5 194 0.779
22 6 173 0.738
22 7 224 0.825
22 8 216 0.867
22 9 215 0.889
22 10 237 0.869
22 11 195 0.869
22 12 249 0.838
22 13 188 0.913
22 14 176 0.82
22 15 199 0.875
22 16 207 0.732
22 17 211 0.83
22 18 236 0.883
22 19 184 0.885
22 20 202 0.872
22 21 227 0.843
22 22 199 0.886
22 23 150 0.871
22 24 224 0.838
22 25 190 0.828
22 26 190 0.893
22 27 179 0.842
22 28 196 0.846
22 29 183 0.767
22 30 168 0.855
22 31 246 0.737
22 32 202 0.88
22 33 201 0.842
22 34 212 0.81
22 35 255 0.778
22 36 201 0.832
22 37 207 0.902
22 38 222 0.841
22 39 224 0.799
22 40 211 0.847
22 41 195 0.807
22 42 177 0.871
22 43 253 0.816
22 44 251 0.913
22 45 295 0.811
22 46 269 0.836
22 47 301 0.864
22 48 473 0.781
23 1 328 0.788
23 2 284 0.829
23 3 286 0.737
23 4 267 0.688
23 5 219 0.797
23 6 207 0.693
23 7 176 0.82
23 8 97 0.807
23 9 217 0.652
23 10 243 0.805
23 11 221 0.837
23 12 223 0.845
23 13 170 0.886
23 14 273 0.887
23 15 170 0.837
23 16 199 0.878
23 17 27 0.599
23 18 18 0.808
23 19 242 0.913
23 20 227 0.746
23 21 170 0.741
23 22 218 0.84
23 23 194 0.838
23 24 189 0.799
23 25 183 0.909
23 26 201 0.705
23 27 223 0.805
23 28 175 0.797
23 29 218 0.816
23 30 228 0.623
23 31 192 0.727
23 32 198 0.795
23 33 132 0.596
23 34 235 0.862
23 35 193 0.834
23 36 224 0.822
23 37 196 0.828
23 38 198 0.844
23 39 150 0.648
23 40 180 0.858
23 41 185 0.721
23 42 235 0.791
23 43 206 0.75
23 44 290 0.747
23 45 262 0.664
23 46 272 0.83
23 47 294 0.619
23 48 556 0.772
24 1 449 0.647
24 2 338 0.619
24 3 288 0.806
24 4 274 0.851
24 5 251 0.895
24 6 243 0.722
24 7 231 0.824
24 8 222 0.866
24 9 232 0.868
24 10 214 0.827
24 11 222 0.785
24 12 217 0.861
24 13 212 0.827
24 14 225 0.712
24 15 157 0.898
24 16 227 0.86
24 17 195 0.824
24 18 226 0.816
24 19 249 0.831
24 20 190 0.846
24 21 210 0.843
24 22 168 0.827
24 23 231 0.824
24 24 172 0.847
24 25 157 0.731
24 26 210 0.896
24 27 184 0.812
24 28 203 0.822
24 29 163 0.759
24 30 170 0.877
24 31 186 0.779
24 32 199 0.776
24 33 190 0.854
24 34 214 0.811
24 35 173 0.725
24 36 204 0.862
24 37 163 0.91
24 38 220 0.743
24 39 215 0.882
24 40 195 0.905
24 41 218 0.875
24 42 228 0.904
24 43 236 0.797
24 44 252 0.924
24 45 258 0.735
24 46 293 0.841
24 47 347 0.68
24 48 435 0.728
25 1 350 0.755
25 2 375 0.672
25 3 285 0.792
25 4 265 0.8
25 5 260 0.868
25 6 247 0.809
25 7 260 0.754
25 8 274 0.748
25 9 204 0.819
25 10 210 0.854
25 11 230 0.756
25 12 215 0.74
25 13 124 0.896
25 14 74 0.716
25 15 184 0.82
25 16 308 0.716
25 17 114 0.693
25 18 109 0.88
25 19 200 0.796
25 20 226 0.784
25 21 196 0.922
25 22 193 0.841
25 23 213 0.821
25 24 0 0.0
25 25 148 0.79
25 26 152 0.882
25 27 305 0.839
25 28 256 0.871
25 29 178 0.829
25 30 193 0.834
25 31 188 0.83
25 32 209 0.792
25 33 194 0.598
25 34 193 0.702
25 35 232 0.886
25 36 223 0.719
25 37 195 0.888
25 38 184 0.748
25 39 237 0.797
25 40 185 0.707
25 41 191 0.862
25 42 244 0.666
25 43 243 0.85
25 44 264 0.836
25 45 255 0.772
25 46 271 0.871
25 47 358 0.718
25 48 367 0.838
26 1 20 0.674
26 2 15 0.674
26 3 321 0.686
26 4 286 0.687
26 5 261 0.811
26 6 248 0.8
26 7 236 0.775
26 8 227 0.875
26 9 232 0.762
26 10 220 0.883
26 11 184 0.857
26 12 230 0.83
26 13 0 0.0
26 14 0 0.0
26 15 231 0.84
26 16 190 0.803
26 17 202 0.88
26 18 234 0.708
26 19 233 0.772
26 20 177 0.832
26 21 229 0.901
26 22 203 0.896
26 23 155 0.781
26 24 194 0.845
26 25 200 0.675
26 26 241 0.86
26 27 170 0.81
26 28 196 0.846
26 29 208 0.818
26 30 206 0.845
26 31 204 0.917
26 32 212 0.888
26 33 223 0.859
26 34 191 0.87
26 35 192 0.713
26 36 211 0.759
26 37 190 0.622
26 38 227 0.85
26 39 242 0.84
26 40 218 0.868
26 41 249 0.76
26 42 235 0.778
26 43 259 0.906
26 44 280 0.711
26 45 242 0.774
26 46 274 0.803
26 47 356 0.834
26 48 425 0.732
27 1 486 0.804
27 2 380 0.685
27 3 255 0.798
27 4 286 0.757
27 5 255 0.786
27 6 227 0.766
27 7 192 0.848
27 8 198 0.902
27 9 217 0.871
27 10 176 0.737
27 11 203 0.877
27 12 222 0.873
27 13 208 0.843
27 14 240 0.88
27 15 178 0.837
27 16 198 0.855
27 17 263 0.839
27 18 162 0.886
27 19 171 0.823
27 20 185 0.817
27 21 212 0.827
27 22 205 0.823
27 23 201 0.761
27 24 216 0.622
27 25 209 0.857
27 26 207 0.824
27 27 166 0.853
27 28 234 0.844
27 29 211 0.699
27 30 151 0.834
27 31 205 0.841
27 32 181 0.9
27 33 0 0.0
27 34 167 0.803
27 35 214 0.785
27 36 212 0.851
27 37 173 0.84
27 38 219 0.683
27 39 171 0.842
27 40 188 0.848
27 41 243 0.85
27 42 270 0.803
27 43 217 0.79
27 44 255 0.807
27 45 162 0.724
27 46 402 0.756
27 47 414 0.823
27 48 421 0.759
28 1 439 0.791
28 2 386 0.726
28 3 353 0.739
28 4 287 0.72
28 5 261 0.768
28 6 242 0.659
28 7 261 0.782
28 8 223 0.811
28 9 201 0.814
28 10 219 0.844
28 11 228 0.836
28 12 216 0.832
28 13 215 0.831
28 14 215 0.853
28 15 221 0.811
28 16 217 0.768
28 17 239 0.846
28 18 200 0.864
28 19 201 0.895
28 20 206 0.845
28 21 203 0.792
28 22 186 0.811
28 23 292 0.826
28 24 221 0.74
28 25 217 0.747
28 26 201 0.895
28 27 209 0.847
28 28 191 0.89
28 29 230 0.762
28 30 229 0.81
28 31 207 0.747
28 32 183 0.597
28 33 265 0.811
28 34 222 0.855
28 35 226 0.822
28 36 245 0.818
28 37 214 0.834
28 38 206 0.89
28 39 329 0.77
28 40 189 0.861
28 41 214 0.834
28 42 245 0.811
28 43 235 0.838
28 44 252 0.825
28 45 286 0.732
28 46 256 0.81
28 47 427 0.654
28 48 405 0.722
29 1 532 0.677
29 2 363 0.602
29 3 132 0.729
29 4 0 0.0
29 5 301 0.789
29 6 280 0.824
29 7 284 0.795
29 8 246 0.892
29 9 306 0.836
29 10 303 0.745
29 11 180 0.895
29 12 219 0.781
29 13 308 0.853
29 14 259 0.784
29 15 274 0.83
29 16 206 0.845
29 17 199 0.799
29 18 219 0.879
29 19 229 0.901
29 20 224 0.792
29 21 229 0.92
29 22 192 0.932
29 23 262 0.836
29 24 183 0.773
29 25 263 0.855
29 26 206 0.837
29 27 200 0.845
29 28 192 0.787
29 29 214 0.834
29 30 229 0.901
29 31 198 0.795
29 32 229 0.699
29 33 277 0.764
29 34 188 0.673
29 35 245 0.802
29 36 233 0.698
29 37 247 0.767
29 38 264 0.799
29 39 181 0.835
29 40 264 0.765
29 41 258 0.823
29 42 247 0.711
29 43 255 0.739
29 44 291 0.795
29 45 269 0.842
29 46 320 0.646
29 47 333 0.699
29 48 373 0.716
30 1 511 0.727
30 2 375 0.624
30 3 343 0.745
30 4 338 0.797
30 5 314 0.815
30 6 321 0.782
30 7 274 0.748
30 8 272 0.83
30 9 271 0.791
30 10 202 0.756
30 11 233 0.806
30 12 276 0.759
30 13 223 0.877
30 14 261 0.826
30 15 249 0.871
30 16 273 0.806
30 17 261 0.895
30 18 269 0.93
30 19 246 0.799
30 20 280 0.854
30 21 150 0.849
30 22 229 0.92
30 23 246 0.791
30 24 296 0.864
30 25 258 0.587
30 26 264 0.906
30 27 249 0.831
30 28 269 0.814
30 29 221 0.791
30 30 247 0.753
30 31 254 0.848
30 32 254 0.804
30 33 254 0.723
30 34 275 0.751
30 35 274 0.851
30 36 314 0.79
30 37 290 0.812
30 38 238 0.832
30 39 304 0.783
30 40 317 0.857
30 41 300 0.724
30 42 285 0.812
30 43 315 0.804
30 44 280 0.784
30 45 336 0.878
30 46 483 0.787
30 47 435 0.802
30 48 469 0.785
31 1 555 0.619
31 2 414 0.543
31 3 429 0.47
31 4 331 0.775
31 5 275 0.848
31 6 366 0.717
31 7 316 0.752
31 8 326 0.812
31 9 299 0.723
31 10 299 0.843
31 11 289 0.77
31 12 309 0.856
31 13 367 0.822
31 14 297 0.825
31 15 329 0.86
31 16 243 0.741
31 17 176 0.827
31 18 257 0.813
31 19 313 0.882
31 20 332 0.816
31 21 276 0.721
31 22 229 0.857
31 23 299 0.896
31 24 280 0.832
31 25 243 0.761
31 26 273 0.835
31 27 221 0.797
31 28 297 0.803
31 29 267 0.83
31 30 298 0.814
31 31 280 0.824
31 32 252 0.858
31 33 360 0.835
31 34 327 0.875
31 35 387 0.803
31 36 334 0.866
31 37 356 0.873
31 38 268 0.833
31 39 394 0.67
31 40 402 0.829
31 41 265 0.788
31 42 372 0.772
31 43 368 0.862
31 44 234 0.858
31 45 334 0.775
31 46 258 0.838
31 47 379 0.57
31 48 500 0.784
32 1 616 0.69
32 2 462 0.726
32 3 476 0.691
32 4 497 0.73
32 5 436 0.741
32 6 427 0.591
32 7 370 0.758
32 8 470 0.63
32 9 447 0.913
32 10 435 0.627
32 11 433 0.749
32 12 445 0.802
32 13 320 0.664
32 14 377 0.837
32 15 376 0.606
32 16 323 0.756
32 17 429 0.817
32 18 389 0.726
32 19 400 0.837
32 20 306 0.85
32 21 294 0.765
32 22 305 0.703
32 23 410 0.794
32 24 303 0.802
32 25 381 0.736
32 26 362 0.803
32 27 435 0.754
32 28 369 0.819
32 29 350 0.838
32 30 301 0.77
32 31 380 0.862
32 32 311 0.841
32 33 341 0.836
32 34 267 0.7
32 35 508 0.834
32 36 396 0.852
32 37 426 0.865
32 38 459 0.69
32 39 475 0.722
32 40 417 0.859
32 41 558 0.844
32 42 374 0.718
32 43 449 0.789
32 44 434 0.771
32 45 430 0.786
32 46 588 0.792
32 47 605 0.748
32 48 707 0.837
