row  column  size-1  circ-1
1 1 732 0.88
1 2 654 0.699
1 3 437 0.57
1 4 590 0.735
1 5 551 0.812
1 6 412 0.7
1 7 497 0.805
1 8 442 0.737
1 9 476 0.834
1 10 452 0.709
1 11 428 0.771
1 12 390 0.877
1 13 381 0.878
1 14 409 0.83
1 15 343 0.869
1 16 294 0.852
1 17 643 0.842
1 18 437 0.856
1 19 411 0.741
1 20 543 0.788
1 21 378 0.808
1 22 381 0.725
1 23 475 0.851
1 24 319 0.862
1 25 423 0.717
1 26 459 0.816
1 27 410 0.815
1 28 413 0.894
1 29 416 0.803
1 30 421 0.813
1 31 445 0.791
1 32 445 0.722
1 33 381 0.82
1 34 376 0.797
1 35 401 0.809
1 36 364 0.844
1 37 347 0.871
1 38 410 0.739
1 39 460 0.755
1 40 490 0.574
1 41 228 0.661
1 42 238 0.63
1 43 601 0.834
1 44 605 0.611
1 45 503 0.547
1 46 503 0.229
1 47 637 0.688
1 48 718 0.787
2 1 585 0.749
2 2 444 0.682
2 3 429 0.817
2 4 438 0.846
2 5 425 0.668
2 6 329 0.684
2 7 375 0.819
2 8 273 0.827
2 9 247 0.767
2 10 226 0.889
2 11 292 0.846
2 12 350 0.765
2 13 300 0.709
2 14 272 0.8
2 15 346 0.842
2 16 335 0.68
2 17 339 0.725
2 18 262 0.892
2 19 272 0.884
2 20 308 0.899
2 21 282 0.924
2 22 308 0.847
2 23 322 0.85
2 24 269 0.8
2 25 240 0.898
2 26 273 0.848
2 27 296 0.814
2 28 273 0.894
2 29 244 0.913
2 30 276 0.806
2 31 251 0.78
2 32 287 0.838
2 33 313 0.775
2 34 306 0.763
2 35 327 0.754
2 36 340 0.847
2 37 377 0.842
2 38 379 0.754
2 39 389 0.807
2 40 414 0.795
2 41 434 0.619
2 42 434 0.782
2 43 406 0.599
2 44 381 0.778
2 45 493 0.53
2 46 532 0.472
2 47 571 0.662
2 48 631 0.846
3 1 599 0.784
3 2 393 0.739
3 3 367 0.739
3 4 347 0.818
3 5 300 0.778
3 6 319 0.688
3 7 322 0.688
3 8 305 0.805
3 9 291 0.85
3 10 280 0.839
3 11 334 0.705
3 12 318 0.875
3 13 312 0.886
3 14 345 0.783
3 15 106 0.831
3 16 96 0.722
3 17 253 0.838
3 18 262 0.829
3 19 263 0.782
3 20 229 0.801
3 21 190 0.893
3 22 250 0.835
3 23 228 0.853
3 24 277 0.877
3 25 240 0.696
3 26 272 0.891
3 27 269 0.814
3 28 222 0.891
3 29 220 0.817
3 30 260 0.779
3 31 248 0.902
3 32 266 0.842
3 33 214 0.827
3 34 269 0.786
3 35 242 0.924
3 36 263 0.788
3 37 340 0.815
3 38 301 0.864
3 39 318 0.86
3 40 314 0.901
3 41 359 0.82
3 42 323 0.844
3 43 360 0.705
3 44 340 0.766
3 45 376 0.614
3 46 392 0.689
3 47 413 0.667
3 48 568 0.864
4 1 635 0.704
4 2 401 0.66
4 3 324 0.776
4 4 293 0.755
4 5 326 0.866
4 6 291 0.852
4 7 286 0.857
4 8 255 0.868
4 9 267 0.806
4 10 267 0.788
4 11 304 0.778
4 12 271 0.745
4 13 110 0.669
4 14 243 0.884
4 15 264 0.881
4 16 209 0.782
4 17 190 0.865
4 18 151 0.877
4 19 201 0.895
4 20 204 0.786
4 21 202 0.95
4 22 205 0.833
4 23 162 0.844
4 24 214 0.834
4 25 200 0.872
4 26 220 0.883
4 27 189 0.869
4 28 190 0.85
4 29 209 0.839
4 30 193 0.737
4 31 247 0.734
4 32 250 0.828
4 33 213 0.908
4 34 256 0.913
4 35 207 0.894
4 36 299 0.837
4 37 308 0.799
4 38 312 0.817
4 39 334 0.875
4 40 311 0.883
4 41 336 0.878
4 42 292 0.914
4 43 311 0.717
4 44 341 0.762
4 45 318 0.833
4 46 363 0.87
4 47 251 0.71
4 48 484 0.689
5 1 516 0.567
5 2 460 0.881
5 3 334 0.525
5 4 320 0.808
5 5 307 0.818
5 6 272 0.809
5 7 269 0.734
5 8 258 0.823
5 9 260 0.793
5 10 246 0.821
5 11 252 0.899
5 12 258 0.759
5 13 242 0.707
5 14 214 0.87
5 15 208 0.772
5 16 168 0.863
5 17 215 0.767
5 18 183 0.86
5 19 198 0.931
5 20 196 0.854
5 21 185 0.809
5 22 183 0.815
5 23 204 0.87
5 24 153 0.703
5 25 178 0.864
5 26 158 0.852
5 27 181 0.871
5 28 188 0.837
5 29 175 0.861
5 30 186 0.855
5 31 183 0.826
5 32 193 0.834
5 33 176 0.875
5 34 225 0.825
5 35 155 0.773
5 36 210 0.836
5 37 308 0.799
5 38 249 0.825
5 39 306 0.733
5 40 286 0.809
5 41 189 0.909
5 42 208 0.871
5 43 301 0.712
5 44 335 0.884
5 45 357 0.842
5 46 298 0.849
5 47 384 0.785
5 48 584 0.797
6 1 501 0.856
6 2 418 0.673
6 3 314 0.527
6 4 288 0.841
6 5 299 0.873
6 6 263 0.861
6 7 277 0.781
6 8 290 0.812
6 9 198 0.855
6 10 240 0.801
6 11 233 0.831
6 12 216 0.867
6 13 182 0.859
6 14 191 0.8
6 15 177 0.901
6 16 209 0.903
6 17 188 0.83
6 18 196 0.865
6 19 217 0.822
6 20 208 0.879
6 21 205 0.761
6 22 195 0.888
6 23 202 0.861
6 24 227 0.772
6 25 193 0.899
6 26 182 0.905
6 27 176 0.875
6 28 191 0.89
6 29 181 0.84
6 30 200 0.891
6 31 202 0.88
6 32 188 0.856
6 33 204 0.959
6 34 203 0.769
6 35 198 0.882
6 36 213 0.775
6 37 191 0.76
6 38 231 0.801
6 39 255 0.845
6 40 216 0.842
6 41 259 0.813
6 42 268 0.895
6 43 259 0.826
6 44 282 0.838
6 45 344 0.921
6 46 406 0.784
6 47 495 0.73
6 48 558 0.743
7 1 460 0.687
7 2 378 0.501
7 3 340 0.716
7 4 324 0.759
7 5 281 0.873
7 6 240 0.768
7 7 241 0.884
7 8 221 0.862
7 9 248 0.719
7 10 236 0.859
7 11 165 0.794
7 12 173 0.852
7 13 175 0.842
7 14 168 0.835
7 15 198 0.863
7 16 204 0.862
7 17 191 0.898
7 18 192 0.883
7 19 213 0.845
7 20 210 0.888
7 21 189 0.842
7 22 216 0.815
7 23 224 0.799
7 24 179 0.75
7 25 195 0.869
7 26 163 0.689
7 27 148 0.891
7 28 204 0.862
7 29 198 0.756
7 30 145 0.738
7 31 171 0.842
7 32 159 0.857
7 33 209 0.857
7 34 185 0.941
7 35 112 0.915
7 36 180 0.82
7 37 148 0.855
7 38 177 0.688
7 39 246 0.877
7 40 163 0.813
7 41 217 0.846
7 42 203 0.825
7 43 233 0.766
7 44 259 0.799
7 45 277 0.809
7 46 379 0.464
7 47 470 0.616
7 48 584 0.768
8 1 550 0.542
8 2 390 0.576
8 3 278 0.812
8 4 279 0.86
8 5 296 0.8
8 6 276 0.784
8 7 281 0.873
8 8 229 0.693
8 9 236 0.819
8 10 180 0.777
8 11 172 0.896
8 12 192 0.903
8 13 221 0.718
8 14 201 0.904
8 15 191 0.825
8 16 202 0.759
8 17 194 0.838
8 18 208 0.871
8 19 191 0.898
8 20 185 0.824
8 21 252 0.841
8 22 206 0.871
8 23 160 0.854
8 24 204 0.862
8 25 188 0.812
8 26 215 0.856
8 27 231 0.908
8 28 205 0.734
8 29 205 0.841
8 30 210 0.869
8 31 200 0.872
8 32 213 0.814
8 33 193 0.879
8 34 165 0.786
8 35 155 0.919
8 36 190 0.865
8 37 196 0.771
8 38 255 0.861
8 39 200 0.736
8 40 190 0.828
8 41 209 0.748
8 42 224 0.831
8 43 238 0.759
8 44 300 0.714
8 45 291 0.835
8 46 320 0.761
8 47 413 0.698
8 48 526 0.752
9 1 385 0.72
9 2 386 0.857
9 3 324 0.789
9 4 316 0.82
9 5 277 0.609
9 6 270 0.877
9 7 238 0.759
9 8 231 0.771
9 9 204 0.881
9 10 174 0.829
9 11 205 0.893
9 12 168 0.884
9 13 190 0.893
9 14 237 0.836
9 15 196 0.862
9 16 185 0.799
9 17 181 0.768
9 18 180 0.866
9 19 206 0.803
9 20 222 0.873
9 21 201 0.876
9 22 179 0.89
9 23 103 0.894
9 24 103 0.696
9 25 201 0.832
9 26 193 0.887
9 27 12 0.851
9 28 18 0.965
9 29 203 0.858
9 30 203 0.833
9 31 207 0.824
9 32 209 0.876
9 33 188 0.904
9 34 174 0.898
9 35 198 0.829
9 36 182 0.896
9 37 186 0.786
9 38 184 0.885
9 39 171 0.862
9 40 174 0.829
9 41 186 0.839
9 42 211 0.799
9 43 259 0.712
9 44 267 0.916
9 45 234 0.787
9 46 245 0.742
9 47 408 0.675
9 48 612 0.637
10 1 440 0.669
10 2 377 0.863
10 3 337 0.86
10 4 325 0.756
10 5 253 0.813
10 6 273 0.728
10 7 261 0.855
10 8 152 0.869
10 9 195 0.842
10 10 202 0.804
10 11 204 0.798
10 12 209 0.847
10 13 193 0.907
10 14 194 0.75
10 15 177 0.888
10 16 197 0.851
10 17 218 0.816
10 18 182 0.875
10 19 184 0.923
10 20 193 0.86
10 21 184 0.846
10 22 225 0.787
10 23 204 0.889
10 24 214 0.842
10 25 165 0.911
10 26 199 0.886
10 27 215 0.846
10 28 229 0.92
10 29 174 0.885
10 30 217 0.871
10 31 188 0.904
10 32 199 0.841
10 33 202 0.929
10 34 182 0.896
10 35 192 0.848
10 36 131 0.906
10 37 203 0.885
10 38 205 0.816
10 39 204 0.881
10 40 211 0.892
10 41 236 0.779
10 42 196 0.764
10 43 249 0.794
10 44 269 0.772
10 45 297 0.797
10 46 312 0.731
10 47 425 0.881
10 48 507 0.787
11 1 356 0.79
11 2 364 0.703
11 3 375 0.884
11 4 61 0.83
11 5 286 0.762
11 6 263 0.736
11 7 183 0.86
11 8 160 0.875
11 9 201 0.784
11 10 133 0.812
11 11 195 0.861
11 12 199 0.767
11 13 182 0.926
11 14 200 0.872
11 15 199 0.841
11 16 177 0.788
11 17 188 0.812
11 18 172 0.766
11 19 208 0.825
11 20 207 0.867
11 21 185 0.814
11 22 196 0.836
11 23 190 0.865
11 24 189 0.785
11 25 188 0.864
11 26 166 0.817
11 27 216 0.825
11 28 177 0.851
11 29 187 0.833
11 30 163 0.829
11 31 188 0.83
11 32 183 0.88
11 33 186 0.829
11 34 214 0.827
11 35 176 0.847
11 36 209 0.808
11 37 172 0.875
11 38 168 0.783
11 39 256 0.895
11 40 277 0.777
11 41 205 0.777
11 42 206 0.918
11 43 205 0.767
11 44 195 0.724
11 45 258 0.817
11 46 293 0.723
11 47 349 0.799
11 48 613 0.717
12 1 394 0.88
12 2 384 0.826
12 3 334 0.866
12 4 218 0.816
12 5 231 0.808
12 6 256 0.913
12 7 196 0.828
12 8 179 0.853
12 9 209 0.94
12 10 170 0.734
12 11 188 0.83
12 12 193 0.737
12 13 208 0.898
12 14 153 0.897
12 15 189 0.889
12 16 266 0.888
12 17 56 0.734
12 18 54 0.975
12 19 133 0.852
12 20 216 0.825
12 21 201 0.85
12 22 216 0.842
12 23 218 0.809
12 24 213 0.928
12 25 202 0.929
12 26 202 0.836
12 27 199 0.859
12 28 218 0.894
12 29 184 0.865
12 30 165 0.839
12 31 177 0.851
12 32 197 0.859
12 33 187 0.852
12 34 184 0.885
12 35 189 0.889
12 36 214 0.811
12 37 203 0.84
12 38 188 0.83
12 39 161 0.859
12 40 188 0.837
12 41 255 0.772
12 42 237 0.723
12 43 232 0.821
12 44 251 0.786
12 45 283 0.841
12 46 339 0.886
12 47 371 0.855
12 48 561 0.714
13 1 278 0.894
13 2 324 0.87
13 3 318 0.833
13 4 228 0.785
13 5 269 0.851
13 6 139 0.891
13 7 206 0.871
13 8 159 0.638
13 9 156 0.911
13 10 163 0.81
13 11 204 0.889
13 12 213 0.807
13 13 223 0.903
13 14 199 0.733
13 15 241 0.843
13 16 198 0.882
13 17 174 0.729
13 18 90 0.832
13 19 46 0.945
13 20 236 0.859
13 21 118 0.829
13 22 144 0.75
13 23 172 0.801
13 24 211 0.855
13 25 71 0.851
13 26 192 0.787
13 27 213 0.797
13 28 181 0.943
13 29 152 0.869
13 30 194 0.864
13 31 181 0.879
13 32 179 0.808
13 33 180 0.77
13 34 178 0.876
13 35 177 0.888
13 36 181 0.891
13 37 146 0.827
13 38 154 0.794
13 39 196 0.821
13 40 227 0.867
13 41 196 0.865
13 42 195 0.754
13 43 207 0.867
13 44 251 0.854
13 45 261 0.782
13 46 188 0.892
13 47 359 0.841
13 48 350 0.807
14 1 358 0.838
14 2 317 0.851
14 3 314 0.688
14 4 295 0.89
14 5 234 0.821
14 6 240 0.849
14 7 171 0.891
14 8 213 0.745
14 9 160 0.884
14 10 178 0.856
14 11 202 0.892
14 12 201 0.924
14 13 190 0.789
14 14 206 0.82
14 15 200 0.827
14 16 183 0.833
14 17 86 0.575
14 18 61 0.501
14 19 107 0.864
14 20 157 0.889
14 21 193 0.907
14 22 180 0.916
14 23 199 0.878
14 24 179 0.861
14 25 171 0.862
14 26 174 0.792
14 27 195 0.917
14 28 167 0.87
14 29 189 0.889
14 30 170 0.894
14 31 195 0.783
14 32 182 0.811
14 33 207 0.875
14 34 187 0.688
14 35 169 0.872
14 36 258 0.885
14 37 180 0.831
14 38 173 0.788
14 39 210 0.861
14 40 230 0.679
14 41 200 0.742
14 42 239 0.87
14 43 222 0.873
14 44 255 0.868
14 45 241 0.867
14 46 281 0.821
14 47 316 0.863
14 48 414 0.866
15 1 244 0.853
15 2 251 0.903
15 3 243 0.728
15 4 242 0.823
15 5 207 0.791
15 6 172 0.847
15 7 167 0.761
15 8 215 0.897
15 9 189 0.842
15 10 172 0.896
15 11 168 0.79
15 12 178 0.885
15 13 179 0.861
15 14 208 0.811
15 15 206 0.771
15 16 232 0.844
15 17 213 0.76
15 18 180 0.838
15 19 228 0.853
15 20 175 0.89
15 21 149 0.92
15 22 233 0.88
15 23 188 0.856
15 24 187 0.879
15 25 184 0.805
15 26 175 0.79
15 27 164 0.884
15 28 177 0.843
15 29 178 0.724
15 30 198 0.863
15 31 163 0.891
15 32 186 0.855
15 33 167 0.922
15 34 162 0.95
15 35 188 0.864
15 36 197 0.781
15 37 222 0.855
15 38 163 0.837
15 39 162 0.864
15 40 223 0.759
15 41 184 0.83
15 42 216 0.894
15 43 171 0.759
15 44 178 0.829
15 45 261 0.902
15 46 250 0.858
15 47 349 0.87
15 48 278 0.772
16 1 396 0.847
16 2 350 0.893
16 3 332 0.904
16 4 267 0.78
16 5 176 0.802
16 6 166 0.856
16 7 227 0.882
16 8 210 0.836
16 9 181 0.871
16 10 170 0.792
16 11 176 0.794
16 12 199 0.859
16 13 196 0.787
16 14 169 0.746
16 15 214 0.896
16 16 181 0.9
16 17 187 0.852
16 18 199 0.878
16 19 201 0.817
16 20 195 0.869
16 21 217 0.829
16 22 205 0.866
16 23 208 0.828
16 24 180 0.895
16 25 223 0.903
16 26 194 0.864
16 27 144 0.815
16 28 188 0.864
16 29 216 0.894
16 30 239 0.839
16 31 175 0.842
16 32 171 0.85
16 33 187 0.879
16 34 199 0.739
16 35 207 0.8
16 36 138 0.884
16 37 193 0.852
16 38 211 0.847
16 39 166 0.882
16 40 182 0.829
16 41 193 0.826
16 42 220 0.833
16 43 187 0.808
16 44 249 0.831
16 45 263 0.878
16 46 301 0.775
16 47 287 0.823
16 48 393 0.791
17 1 371 0.811
17 2 289 0.776
17 3 246 0.877
17 4 233 0.865
17 5 271 0.797
17 6 173 0.764
17 7 191 0.949
17 8 178 0.885
17 9 185 0.87
17 10 156 0.915
17 11 195 0.917
17 12 163 0.858
17 13 172 0.794
17 14 239 0.751
17 15 169 0.911
17 16 190 0.873
17 17 171 0.922
17 18 182 0.864
17 19 190 0.885
17 20 198 0.819
17 21 0 0.0
17 22 11 0.42
17 23 242 0.906
17 24 199 0.886
17 25 192 0.749
17 26 171 0.87
17 27 141 0.894
17 28 206 0.871
17 29 171 0.9
17 30 183 0.841
17 31 192 0.822
17 32 198 0.894
17 33 182 0.821
17 34 174 0.856
17 35 149 0.806
17 36 206 0.918
17 37 157 0.931
17 38 143 0.883
17 39 192 0.848
17 40 189 0.889
17 41 189 0.792
17 42 181 0.851
17 43 236 0.684
17 44 262 0.733
17 45 221 0.752
17 46 94 0.853
17 47 330 0.85
17 48 434 0.838
18 1 418 0.886
18 2 274 0.815
18 3 289 0.859
18 4 196 0.804
18 5 149 0.874
18 6 299 0.896
18 7 147 0.862
18 8 197 0.851
18 9 192 0.826
18 10 179 0.842
18 11 150 0.753
18 12 161 0.868
18 13 183 0.909
18 14 169 0.763
18 15 169 0.824
18 16 186 0.847
18 17 203 0.792
18 18 184 0.865
18 19 190 0.857
18 20 199 0.859
18 21 181 0.843
18 22 194 0.875
18 23 220 0.883
18 24 192 0.855
18 25 172 0.827
18 26 166 0.886
18 27 191 0.843
18 28 166 0.904
18 29 189 0.889
18 30 164 0.884
18 31 158 0.778
18 32 180 0.97
18 33 175 0.85
18 34 202 0.721
18 35 194 0.772
18 36 190 0.914
18 37 199 0.841
18 38 187 0.871
18 39 178 0.829
18 40 225 0.745
18 41 168 0.906
18 42 166 0.798
18 43 224 0.815
18 44 223 0.811
18 45 241 0.763
18 46 275 0.83
18 47 352 0.843
18 48 496 0.797
19 1 420 0.83
19 2 380 0.734
19 3 258 0.767
19 4 200 0.845
19 5 163 0.887
19 6 156 0.892
19 7 159 0.878
19 8 222 0.808
19 9 145 0.915
19 10 178 0.818
19 11 189 0.85
19 12 194 0.884
19 13 179 0.861
19 14 348 0.792
19 15 127 0.823
19 16 121 0.977
19 17 191 0.898
19 18 188 0.856
19 19 189 0.88
19 20 189 0.861
19 21 179 0.942
19 22 185 0.827
19 23 181 0.843
19 24 186 0.847
19 25 160 0.915
19 26 179 0.842
19 27 158 0.823
19 28 187 0.825
19 29 165 0.839
19 30 186 0.866
19 31 184 0.838
19 32 175 0.861
19 33 169 0.746
19 34 186 0.866
19 35 159 0.857
19 36 126 0.886
19 37 179 0.853
19 38 242 0.823
19 39 160 0.906
19 40 162 0.836
19 41 216 0.933
19 42 177 0.774
19 43 237 0.822
19 44 165 0.745
19 45 255 0.91
19 46 242 0.88
19 47 352 0.857
19 48 483 0.748
20 1 415 0.823
20 2 334 0.819
20 3 331 0.609
20 4 296 0.849
20 5 256 0.769
20 6 245 0.881
20 7 259 0.913
20 8 169 0.659
20 9 199 0.859
20 10 186 0.866
20 11 177 0.774
20 12 218 0.778
20 13 214 0.885
20 14 177 0.69
20 15 209 0.883
20 16 163 0.841
20 17 231 0.84
20 18 153 0.845
20 19 155 0.816
20 20 187 0.797
20 21 187 0.899
20 22 175 0.826
20 23 188 0.884
20 24 174 0.837
20 25 193 0.791
20 26 200 0.883
20 27 177 0.84
20 28 196 0.854
20 29 161 0.839
20 30 189 0.722
20 31 216 0.818
20 32 159 0.848
20 33 179 0.898
20 34 174 0.751
20 35 227 0.843
20 36 162 0.832
20 37 211 0.865
20 38 191 0.832
20 39 147 0.812
20 40 162 0.844
20 41 221 0.804
20 42 213 0.874
20 43 206 0.871
20 44 234 0.812
20 45 275 0.738
20 46 276 0.836
20 47 299 0.837
20 48 457 0.766
21 1 311 0.864
21 2 294 0.881
21 3 281 0.686
21 4 295 0.846
21 5 122 0.667
21 6 181 0.792
21 7 218 0.765
21 8 185 0.862
21 9 166 0.845
21 10 187 0.852
21 11 172 0.905
21 12 160 0.77
21 13 113 0.85
21 14 141 0.84
21 15 201 0.876
21 16 194 0.796
21 17 314 0.823
21 18 317 0.851
21 19 191 0.843
21 20 148 0.859
21 21 164 0.915
21 22 180 0.858
21 23 45 0.543
21 24 204 0.917
21 25 195 0.888
21 26 196 0.728
21 27 192 0.848
21 28 233 0.737
21 29 181 0.93
21 30 179 0.881
21 31 183 0.75
21 32 185 0.85
21 33 181 0.824
21 34 199 0.792
21 35 245 0.881
21 36 147 0.717
21 37 188 0.795
21 38 222 0.866
21 39 159 0.828
21 40 187 0.8
21 41 174 0.761
21 42 187 0.833
21 43 208 0.754
21 44 190 0.821
21 45 56 0.873
21 46 304 0.911
21 47 317 0.742
21 48 536 0.796
22 1 339 0.776
22 2 385 0.873
22 3 317 0.798
22 4 281 0.714
22 5 251 0.861
22 6 139 0.776
22 7 151 0.895
22 8 250 0.835
22 9 197 0.897
22 10 222 0.891
22 11 152 0.766
22 12 184 0.857
22 13 183 0.75
22 14 192 0.749
22 15 174 0.821
22 16 197 0.862
22 17 182 0.746
22 18 169 0.88
22 19 173 0.86
22 20 190 0.873
22 21 200 0.803
22 22 168 0.846
22 23 144 0.776
22 24 185 0.89
22 25 186 0.895
22 26 185 0.878
22 27 167 0.691
22 28 191 0.825
22 29 162 0.724
22 30 154 0.881
22 31 214 0.728
22 32 216 0.894
22 33 190 0.806
22 34 178 0.885
22 35 232 0.879
22 36 170 0.837
22 37 189 0.759
22 38 199 0.886
22 39 228 0.871
22 40 206 0.918
22 41 139 0.76
22 42 157 0.693
22 43 242 0.888
22 44 260 0.845
22 45 251 0.885
22 46 293 0.747
22 47 339 0.807
22 48 402 0.834
23 1 292 0.832
23 2 352 0.788
23 3 285 0.58
23 4 304 0.857
23 5 148 0.914
23 6 186 0.829
23 7 181 0.832
23 8 90 0.592
23 9 156 0.883
23 10 184 0.857
23 11 195 0.842
23 12 182 0.84
23 13 143 0.83
23 14 178 0.856
23 15 146 0.712
23 16 193 0.868
23 17 18 0.965
23 18 31 0.795
23 19 189 0.799
23 20 211 0.9
23 21 180 0.838
23 22 196 0.893
23 23 195 0.817
23 24 174 0.745
23 25 159 0.758
23 26 173 0.832
23 27 165 0.812
23 28 157 0.731
23 29 168 0.897
23 30 169 0.813
23 31 170 0.757
23 32 227 0.81
23 33 98 0.889
23 34 193 0.775
23 35 185 0.792
23 36 192 0.855
23 37 158 0.913
23 38 168 0.884
23 39 176 0.794
23 40 142 0.647
23 41 156 0.727
23 42 220 0.778
23 43 214 0.834
23 44 243 0.884
23 45 283 0.765
23 46 291 0.806
23 47 399 0.755
23 48 363 0.744
24 1 403 0.708
24 2 362 0.803
24 3 334 0.813
24 4 285 0.722
24 5 286 0.665
24 6 234 0.828
24 7 181 0.758
24 8 254 0.763
24 9 243 0.79
24 10 202 0.821
24 11 225 0.893
24 12 212 0.877
24 13 171 0.87
24 14 210 0.861
24 15 139 0.807
24 16 174 0.775
24 17 164 0.915
24 18 195 0.842
24 19 214 0.867
24 20 180 0.895
24 21 176 0.82
24 22 167 0.814
24 23 190 0.846
24 24 167 0.841
24 25 163 0.849
24 26 186 0.829
24 27 165 0.804
24 28 188 0.876
24 29 162 0.738
24 30 186 0.779
24 31 143 0.839
24 32 176 0.866
24 33 196 0.913
24 34 223 0.711
24 35 177 0.824
24 36 145 0.714
24 37 178 0.811
24 38 230 0.804
24 39 212 0.817
24 40 204 0.881
24 41 206 0.787
24 42 208 0.751
24 43 212 0.75
24 44 251 0.774
24 45 279 0.756
24 46 332 0.822
24 47 414 0.546
24 48 344 0.872
25 1 313 0.804
25 2 415 0.687
25 3 297 0.765
25 4 288 0.806
25 5 285 0.792
25 6 302 0.911
25 7 241 0.884
25 8 237 0.838
25 9 156 0.832
25 10 147 0.885
25 11 221 0.844
25 12 295 0.84
25 13 99 0.927
25 14 68 0.911
25 15 234 0.775
25 16 291 0.823
25 17 81 0.878
25 18 88 0.813
25 19 183 0.901
25 20 227 0.85
25 21 172 0.759
25 22 177 0.892
25 23 216 0.867
25 24 0 0.0
25 25 134 0.836
25 26 165 0.86
25 27 207 0.931
25 28 218 0.816
25 29 178 0.885
25 30 177 0.67
25 31 201 0.895
25 32 241 0.877
25 33 181 0.817
25 34 181 0.782
25 35 159 0.828
25 36 194 0.741
25 37 152 0.869
25 38 130 0.833
25 39 172 0.855
25 40 179 0.79
25 41 192 0.866
25 42 171 0.823
25 43 245 0.775
25 44 244 0.895
25 45 234 0.876
25 46 301 0.775
25 47 342 0.796
25 48 425 0.781
26 1 21 0.802
26 2 17 -1.0
26 3 333 0.476
26 4 312 0.895
26 5 289 0.75
26 6 246 0.718
26 7 257 0.764
26 8 228 0.904
26 9 216 0.764
26 10 272 0.836
26 11 159 0.75
26 12 182 0.779
26 13 0 0.0
26 14 0 0.0
26 15 197 0.801
26 16 174 0.885
26 17 192 0.848
26 18 188 0.812
26 19 188 0.788
26 20 162 0.797
26 21 191 0.87
26 22 208 0.811
26 23 130 0.782
26 24 178 0.803
26 25 194 0.856
26 26 219 0.879
26 27 166 0.856
26 28 194 0.83
26 29 201 0.8
26 30 208 0.788
26 31 186 0.839
26 32 194 0.853
26 33 173 0.91
26 34 201 0.807
26 35 188 0.876
26 36 231 0.908
26 37 162 0.824
26 38 169 0.868
26 39 206 0.871
26 40 194 0.796
26 41 222 0.814
26 42 224 0.792
26 43 245 0.85
26 44 255 0.892
26 45 297 0.846
26 46 337 0.758
26 47 379 0.786
26 48 516 0.729
27 1 562 0.85
27 2 360 0.882
27 3 280 0.751
27 4 297 0.784
27 5 288 0.863
27 6 261 0.92
27 7 221 0.797
27 8 195 0.835
27 9 247 0.729
27 10 135 0.792
27 11 241 0.755
27 12 183 0.841
27 13 191 0.807
27 14 182 0.884
27 15 142 0.854
27 16 168 0.8
27 17 244 0.895
27 18 129 0.917
27 19 205 0.848
27 20 157 0.693
27 21 174 0.837
27 22 179 0.853
27 23 193 0.852
27 24 172 0.855
27 25 174 0.81
27 26 161 0.851
27 27 158 0.852
27 28 225 0.859
27 29 164 0.863
27 30 129 0.849
27 31 216 0.802
27 32 165 0.848
27 33 0 0.0
27 34 173 0.832
27 35 167 0.932
27 36 175 0.733
27 37 237 0.887
27 38 231 0.857
27 39 182 0.786
27 40 240 0.804
27 41 219 0.83
27 42 238 0.891
27 43 238 0.909
27 44 271 0.858
27 45 224 0.734
27 46 353 0.771
27 47 355 0.732
27 48 475 0.837
28 1 521 0.835
28 2 361 0.806
28 3 332 0.737
28 4 318 0.762
28 5 293 0.878
28 6 268 0.791
28 7 254 0.848
28 8 241 0.85
28 9 219 0.844
28 10 250 0.917
28 11 248 0.844
28 12 245 0.891
28 13 253 0.686
28 14 254 0.888
28 15 253 0.838
28 16 183 0.841
28 17 219 0.844
28 18 210 0.819
28 19 201 0.832
28 20 203 0.792
28 21 180 0.82
28 22 160 0.915
28 23 230 0.861
28 24 195 0.877
28 25 183 0.909
28 26 198 0.94
28 27 166 0.873
28 28 177 0.824
28 29 214 0.893
28 30 184 0.894
28 31 202 0.861
28 32 148 0.683
28 33 242 0.888
28 34 159 0.857
28 35 208 0.804
28 36 200 0.891
28 37 249 0.825
28 38 239 0.86
28 39 263 0.736
28 40 238 0.826
28 41 222 0.848
28 42 230 0.792
28 43 223 0.759
28 44 239 0.836
28 45 272 0.874
28 46 316 0.848
28 47 390 0.785
28 48 517 0.822
29 1 527 0.659
29 2 404 0.734
29 3 150 0.745
29 4 14 0.675
29 5 311 0.757
29 6 300 0.84
29 7 303 0.807
29 8 217 0.917
29 9 319 0.803
29 10 317 0.831
29 11 210 0.896
29 12 139 0.717
29 13 252 0.906
29 14 213 0.807
29 15 234 0.844
29 16 232 0.811
29 17 180 0.874
29 18 231 0.831
29 19 172 0.905
29 20 214 0.885
29 21 218 0.921
29 22 216 0.857
29 23 175 0.921
29 24 158 0.843
29 25 236 0.842
29 26 173 0.942
29 27 170 0.865
29 28 212 0.851
29 29 200 0.864
29 30 187 0.833
29 31 167 0.841
29 32 189 0.842
29 33 202 0.836
29 34 228 0.846
29 35 213 0.725
29 36 264 0.827
29 37 262 0.836
29 38 297 0.695
29 39 188 0.645
29 40 238 0.794
29 41 251 0.822
29 42 254 0.841
29 43 273 0.848
29 44 274 0.815
29 45 313 0.812
29 46 352 0.817
29 47 243 0.811
29 48 340 0.738
30 1 550 0.847
30 2 405 0.708
30 3 335 0.896
30 4 327 0.754
30 5 324 0.802
30 6 307 0.719
30 7 317 0.678
30 8 315 0.831
30 9 311 0.847
30 10 223 0.895
30 11 232 0.912
30 12 284 0.836
30 13 279 0.815
30 14 214 0.885
30 15 229 0.81
30 16 243 0.884
30 17 225 0.867
30 18 229 0.817
30 19 262 0.851
30 20 267 0.845
30 21 175 0.921
30 22 230 0.912
30 23 250 0.874
30 24 285 0.892
30 25 244 0.847
30 26 275 0.713
30 27 279 0.858
30 28 210 0.793
30 29 241 0.867
30 30 273 0.884
30 31 277 0.845
30 32 271 0.848
30 33 235 0.862
30 34 251 0.816
30 35 287 0.86
30 36 313 0.775
30 37 245 0.874
30 38 219 0.861
30 39 336 0.837
30 40 313 0.775
30 41 298 0.849
30 42 284 0.823
30 43 275 0.877
30 44 326 0.832
30 45 296 0.887
30 46 378 0.768
30 47 371 0.842
30 48 545 0.814
31 1 598 0.703
31 2 485 0.611
31 3 462 0.616
31 4 402 0.79
31 5 311 0.877
31 6 399 0.872
31 7 358 0.794
31 8 359 0.833
31 9 364 0.839
31 10 347 0.792
31 11 372 0.704
31 12 334 0.832
31 13 272 0.8
31 14 254 0.913
31 15 280 0.877
31 16 258 0.795
31 17 168 0.8
31 18 281 0.842
31 19 290 0.847
31 20 389 0.869
31 21 282 0.776
31 22 236 0.902
31 23 288 0.829
31 24 303 0.738
31 25 274 0.851
31 26 269 0.827
31 27 238 0.88
31 28 312 0.895
31 29 302 0.854
31 30 324 0.876
31 31 375 0.941
31 32 352 0.811
31 33 433 0.904
31 34 424 0.843
31 35 310 0.846
31 36 355 0.845
31 37 344 0.83
31 38 293 0.901
31 39 434 0.843
31 40 430 0.855
31 41 359 0.88
31 42 373 0.726
31 43 365 0.841
31 44 274 0.881
31 45 304 0.816
31 46 335 0.739
31 47 450 0.839
31 48 604 0.777
32 1 667 0.667
32 2 511 0.602
32 3 593 0.613
32 4 581 0.707
32 5 493 0.75
32 6 449 0.631
32 7 394 0.777
32 8 393 0.77
32 9 389 0.814
32 10 366 0.787
32 11 366 0.83
32 12 358 0.794
32 13 342 0.887
32 14 361 0.794
32 15 375 0.89
32 16 426 0.714
32 17 342 0.754
32 18 371 0.765
32 19 401 0.684
32 20 346 0.883
32 21 378 0.891
32 22 396 0.804
32 23 410 0.871
32 24 398 0.851
32 25 400 0.731
32 26 386 0.803
32 27 449 0.672
32 28 410 0.863
32 29 419 0.799
32 30 390 0.816
32 31 371 0.805
32 32 376 0.792
32 33 367 0.802
32 34 383 0.819
32 35 503 0.781
32 36 454 0.882
32 37 468 0.861
32 38 446 0.788
32 39 497 0.816
32 40 467 0.803
32 41 475 0.814
32 42 468 0.76
32 43 490 0.804
32 44 503 0.86
32 45 545 0.839
32 46 512 0.764
32 47 497 0.757
32 48 643 0.74
