row  column  size-1  circ-1
1 1 585 0.869
1 2 386 0.895
1 3 431 0.881
1 4 365 0.874
1 5 369 0.884
1 6 421 0.886
1 7 411 0.865
1 8 347 0.845
1 9 406 0.829
1 10 416 0.815
1 11 379 0.879
1 12 314 0.823
1 13 360 0.903
1 14 422 0.902
1 15 345 0.785
1 16 365 0.901
1 17 316 0.93
1 18 355 0.885
1 19 371 0.903
1 20 412 0.819
1 21 313 0.764
1 22 399 0.877
1 23 309 0.815
1 24 378 0.871
1 25 350 0.878
1 26 398 0.845
1 27 412 0.867
1 28 353 0.766
1 29 337 0.848
1 30 408 0.864
1 31 404 0.706
1 32 423 0.864
1 33 437 0.844
1 34 424 0.856
1 35 427 0.825
1 36 447 0.817
1 37 383 0.831
1 38 486 0.864
1 39 477 0.725
1 40 449 0.832
1 41 447 0.801
1 42 468 0.844
1 43 426 0.705
1 44 552 0.776
1 45 629 0.837
1 46 661 0.804
1 47 0 0.0
1 48 634 0.722
2 1 397 0.881
2 2 348 0.842
2 3 298 0.886
2 4 279 0.88
2 5 281 0.873
2 6 314 0.885
2 7 277 0.839
2 8 277 0.897
2 9 233 0.831
2 10 242 0.88
2 11 207 0.842
2 12 251 0.861
2 13 298 0.855
2 14 190 0.839
2 15 250 0.867
2 16 268 0.855
2 17 282 0.824
2 18 253 0.816
2 19 241 0.836
2 20 247 0.773
2 21 251 0.822
2 22 256 0.861
2 23 268 0.803
2 24 237 0.845
2 25 223 0.859
2 26 280 0.854
2 27 223 0.811
2 28 281 0.889
2 29 264 0.842
2 30 268 0.839
2 31 211 0.84
2 32 234 0.858
2 33 278 0.854
2 34 234 0.842
2 35 281 0.857
2 36 299 0.919
2 37 267 0.884
2 38 279 0.897
2 39 314 0.742
2 40 322 0.771
2 41 289 0.888
2 42 324 0.849
2 43 300 0.825
2 44 334 0.787
2 45 337 0.846
2 46 492 0.744
2 47 548 0.892
2 48 644 0.862
3 1 356 0.71
3 2 300 0.737
3 3 277 0.824
3 4 237 0.692
3 5 170 0.81
3 6 213 0.866
3 7 219 0.906
3 8 163 0.81
3 9 150 0.809
3 10 194 0.933
3 11 184 0.873
3 12 231 0.801
3 13 175 0.842
3 14 171 0.772
3 15 209 0.899
3 16 178 0.885
3 17 241 0.884
3 18 148 0.891
3 19 209 0.847
3 20 150 0.936
3 21 223 0.835
3 22 226 0.763
3 23 139 0.787
3 24 205 0.74
3 25 217 0.853
3 26 194 0.803
3 27 215 0.863
3 28 156 0.925
3 29 218 0.809
3 30 149 0.844
3 31 122 0.556
3 32 99 0.898
3 33 234 0.876
3 34 243 0.805
3 35 212 0.81
3 36 249 0.847
3 37 233 0.772
3 38 222 0.848
3 39 238 0.788
3 40 258 0.808
3 41 268 0.885
3 42 284 0.873
3 43 277 0.867
3 44 335 0.89
3 45 367 0.802
3 46 341 0.697
3 47 408 0.834
3 48 566 0.83
4 1 374 0.848
4 2 287 0.896
4 3 230 0.886
4 4 250 0.892
4 5 178 0.906
4 6 198 0.902
4 7 230 0.897
4 8 238 0.909
4 9 168 0.906
4 10 197 0.791
4 11 179 0.89
4 12 188 0.934
4 13 223 0.828
4 14 205 0.885
4 15 186 0.818
4 16 180 0.886
4 17 214 0.827
4 18 213 0.874
4 19 200 0.872
4 20 190 0.882
4 21 155 0.856
4 22 184 0.82
4 23 181 0.862
4 24 221 0.834
4 25 205 0.866
4 26 181 0.871
4 27 233 0.793
4 28 247 0.825
4 29 183 0.909
4 30 214 0.885
4 31 236 0.866
4 32 212 0.844
4 33 210 0.869
4 34 190 0.821
4 35 214 0.852
4 36 223 0.87
4 37 175 0.861
4 38 199 0.867
4 39 257 0.875
4 40 233 0.848
4 41 233 0.905
4 42 220 0.858
4 43 257 0.917
4 44 296 0.862
4 45 306 0.788
4 46 341 0.858
4 47 378 0.852
4 48 507 0.783
5 1 367 0.785
5 2 275 0.839
5 3 229 0.89
5 4 246 0.86
5 5 221 0.887
5 6 228 0.916
5 7 212 0.851
5 8 187 0.899
5 9 176 0.847
5 10 193 0.887
5 11 183 0.909
5 12 188 0.884
5 13 191 0.825
5 14 191 0.878
5 15 182 0.905
5 16 180 0.925
5 17 168 0.875
5 18 170 0.865
5 19 221 0.914
5 20 192 0.915
5 21 198 0.855
5 22 176 0.904
5 23 207 0.856
5 24 218 0.91
5 25 188 0.812
5 26 212 0.851
5 27 169 0.88
5 28 174 0.885
5 29 202 0.929
5 30 203 0.815
5 31 209 0.872
5 32 203 0.808
5 33 193 0.852
5 34 225 0.859
5 35 230 0.886
5 36 99 0.927
5 37 185 0.862
5 38 232 0.868
5 39 251 0.921
5 40 196 0.794
5 41 240 0.801
5 42 262 0.777
5 43 234 0.76
5 44 252 0.864
5 45 208 0.821
5 46 263 0.782
5 47 397 0.811
5 48 482 0.874
6 1 424 0.879
6 2 292 0.84
6 3 229 0.92
6 4 198 0.855
6 5 174 0.848
6 6 199 0.886
6 7 219 0.887
6 8 204 0.909
6 9 187 0.917
6 10 175 0.912
6 11 171 0.9
6 12 152 0.915
6 13 186 0.916
6 14 170 0.894
6 15 171 0.922
6 16 189 0.918
6 17 152 0.892
6 18 184 0.936
6 19 192 0.883
6 20 182 0.884
6 21 198 0.902
6 22 183 0.931
6 23 164 0.906
6 24 139 0.891
6 25 142 0.896
6 26 230 0.847
6 27 142 0.864
6 28 173 0.781
6 29 194 0.82
6 30 162 0.873
6 31 184 0.894
6 32 225 0.885
6 33 189 0.861
6 34 204 0.889
6 35 199 0.895
6 36 238 0.873
6 37 167 0.9
6 38 199 0.903
6 39 188 0.837
6 40 203 0.858
6 41 209 0.857
6 42 164 0.884
6 43 245 0.834
6 44 244 0.695
6 45 66 0.898
6 46 301 0.814
6 47 273 0.827
6 48 420 0.877
7 1 315 0.866
7 2 256 0.871
7 3 238 0.891
7 4 198 0.863
7 5 190 0.865
7 6 218 0.85
7 7 190 0.923
7 8 192 0.874
7 9 158 0.895
7 10 184 0.854
7 11 158 0.704
7 12 181 0.879
7 13 180 0.903
7 14 185 0.89
7 15 175 0.921
7 16 182 0.803
7 17 150 0.936
7 18 197 0.914
7 19 177 0.922
7 20 199 0.823
7 21 176 0.895
7 22 182 0.875
7 23 148 0.847
7 24 187 0.744
7 25 177 0.848
7 26 182 0.905
7 27 160 0.834
7 28 190 0.865
7 29 175 0.85
7 30 189 0.861
7 31 189 0.909
7 32 133 0.946
7 33 189 0.737
7 34 221 0.914
7 35 200 0.845
7 36 205 0.848
7 37 198 0.837
7 38 216 0.867
7 39 228 0.836
7 40 247 0.881
7 41 193 0.895
7 42 233 0.89
7 43 213 0.791
7 44 270 0.855
7 45 280 0.863
7 46 293 0.755
7 47 333 0.824
7 48 551 0.734
8 1 324 0.759
8 2 230 0.83
8 3 179 0.89
8 4 205 0.83
8 5 198 0.847
8 6 222 0.873
8 7 53 0.827
8 8 82 0.859
8 9 199 0.936
8 10 195 0.917
8 11 178 0.927
8 12 173 0.901
8 13 212 0.916
8 14 197 0.878
8 15 163 0.821
8 16 174 0.856
8 17 183 0.901
8 18 172 0.783
8 19 193 0.879
8 20 198 0.931
8 21 197 0.851
8 22 180 0.878
8 23 203 0.843
8 24 151 0.855
8 25 191 0.843
8 26 168 0.897
8 27 188 0.778
8 28 169 0.889
8 29 185 0.862
8 30 119 0.87
8 31 208 0.801
8 32 191 0.751
8 33 188 0.876
8 34 154 0.851
8 35 209 0.891
8 36 192 0.874
8 37 173 0.889
8 38 185 0.898
8 39 179 0.942
8 40 96 0.834
8 41 206 0.89
8 42 230 0.912
8 43 281 0.887
8 44 269 0.865
8 45 327 0.842
8 46 328 0.831
8 47 319 0.862
8 48 538 0.756
9 1 314 0.849
9 2 287 0.838
9 3 257 0.851
9 4 236 0.876
9 5 169 0.795
9 6 135 0.908
9 7 204 0.862
9 8 222 0.891
9 9 160 0.915
9 10 197 0.926
9 11 158 0.864
9 12 182 0.926
9 13 165 0.88
9 14 192 0.903
9 15 162 0.844
9 16 150 0.8
9 17 169 0.86
9 18 165 0.848
9 19 192 0.924
9 20 187 0.908
9 21 168 0.797
9 22 157 0.829
9 23 197 0.784
9 24 158 0.873
9 25 192 0.903
9 26 181 0.851
9 27 209 0.872
9 28 189 0.897
9 29 224 0.838
9 30 199 0.915
9 31 197 0.731
9 32 177 0.871
9 33 187 0.871
9 34 203 0.885
9 35 216 0.894
9 36 193 0.834
9 37 204 0.873
9 38 193 0.887
9 39 212 0.877
9 40 224 0.927
9 41 209 0.883
9 42 218 0.902
9 43 221 0.884
9 44 242 0.801
9 45 211 0.92
9 46 253 0.868
9 47 368 0.835
9 48 483 0.672
10 1 330 0.871
10 2 272 0.809
10 3 240 0.856
10 4 216 0.913
10 5 190 0.905
10 6 178 0.885
10 7 191 0.907
10 8 177 0.931
10 9 161 0.908
10 10 190 0.732
10 11 165 0.88
10 12 167 0.9
10 13 188 0.845
10 14 154 0.881
10 15 193 0.863
10 16 144 0.787
10 17 197 0.878
10 18 170 0.865
10 19 161 0.8
10 20 143 0.83
10 21 202 0.908
10 22 162 0.844
10 23 188 0.856
10 24 180 0.866
10 25 172 0.875
10 26 180 0.831
10 27 175 0.878
10 28 200 0.872
10 29 172 0.809
10 30 171 0.842
10 31 154 0.881
10 32 179 0.834
10 33 170 0.857
10 34 208 0.861
10 35 211 0.92
10 36 200 0.899
10 37 174 0.837
10 38 190 0.882
10 39 196 0.913
10 40 178 0.906
10 41 221 0.869
10 42 231 0.824
10 43 226 0.839
10 44 250 0.851
10 45 251 0.741
10 46 306 0.856
10 47 334 0.846
10 48 417 0.737
11 1 331 0.831
11 2 290 0.875
11 3 237 0.776
11 4 175 0.89
11 5 192 0.874
11 6 193 0.928
11 7 193 0.879
11 8 184 0.838
11 9 142 0.842
11 10 212 0.859
11 11 192 0.755
11 12 165 0.889
11 13 204 0.826
11 14 155 0.919
11 15 183 0.889
11 16 163 0.829
11 17 181 0.9
11 18 159 0.848
11 19 191 0.928
11 20 155 0.878
11 21 177 0.888
11 22 166 0.798
11 23 188 0.864
11 24 183 0.901
11 25 165 0.889
11 26 172 0.896
11 27 174 0.877
11 28 153 0.897
11 29 163 0.87
11 30 168 0.937
11 31 138 0.918
11 32 170 0.886
11 33 167 0.87
11 34 181 0.758
11 35 210 0.851
11 36 211 0.908
11 37 178 0.885
11 38 212 0.916
11 39 215 0.917
11 40 143 0.893
11 41 217 0.917
11 42 202 0.9
11 43 205 0.859
11 44 281 0.864
11 45 248 0.874
11 46 230 0.886
11 47 357 0.626
11 48 498 0.833
12 1 288 0.863
12 2 245 0.874
12 3 217 0.79
12 4 232 0.886
12 5 214 0.913
12 6 179 0.834
12 7 86 0.914
12 8 112 0.778
12 9 179 0.861
12 10 158 0.852
12 11 169 0.933
12 12 147 0.841
12 13 169 0.889
12 14 193 0.871
12 15 188 0.837
12 16 164 0.938
12 17 172 0.905
12 18 174 0.81
12 19 216 0.894
12 20 185 0.89
12 21 190 0.857
12 22 160 0.884
12 23 173 0.942
12 24 172 0.918
12 25 198 0.89
12 26 169 0.889
12 27 216 0.809
12 28 137 0.874
12 29 215 0.828
12 30 192 0.891
12 31 167 0.879
12 32 205 0.922
12 33 191 0.862
12 34 151 0.909
12 35 172 0.875
12 36 180 0.916
12 37 178 0.873
12 38 196 0.893
12 39 179 0.869
12 40 212 0.869
12 41 210 0.812
12 42 217 0.815
12 43 234 0.835
12 44 226 0.896
12 45 205 0.838
12 46 199 0.841
12 47 306 0.836
12 48 461 0.773
13 1 351 0.849
13 2 223 0.852
13 3 206 0.834
13 4 187 0.908
13 5 213 0.928
13 6 203 0.885
13 7 203 0.866
13 8 203 0.833
13 9 176 0.847
13 10 173 0.88
13 11 156 0.862
13 12 180 0.795
13 13 184 0.795
13 14 167 0.803
13 15 166 0.865
13 16 127 0.967
13 17 166 0.865
13 18 175 0.89
13 19 182 0.875
13 20 185 0.919
13 21 195 0.917
13 22 174 0.758
13 23 123 0.874
13 24 176 0.895
13 25 174 0.877
13 26 189 0.939
13 27 171 0.789
13 28 169 0.924
13 29 169 0.943
13 30 188 0.913
13 31 208 0.898
13 32 186 0.866
13 33 224 0.947
13 34 245 0.899
13 35 183 0.86
13 36 191 0.919
13 37 199 0.936
13 38 219 0.926
13 39 224 0.873
13 40 212 0.916
13 41 207 0.931
13 42 219 0.89
13 43 144 0.885
13 44 257 0.943
13 45 201 0.857
13 46 276 0.857
13 47 342 0.819
13 48 492 0.834
14 1 291 0.888
14 2 227 0.947
14 3 214 0.867
14 4 194 0.838
14 5 186 0.847
14 6 164 0.863
14 7 157 0.773
14 8 203 0.877
14 9 183 0.94
14 10 187 0.735
14 11 174 0.865
14 12 132 0.846
14 13 189 0.877
14 14 174 0.916
14 15 192 0.954
14 16 148 0.868
14 17 190 0.944
14 18 178 0.848
14 19 181 0.832
14 20 177 0.868
14 21 0 0.0
14 22 144 0.832
14 23 172 0.863
14 24 168 0.855
14 25 214 0.824
14 26 43 0.867
14 27 169 0.943
14 28 207 0.931
14 29 198 0.931
14 30 151 0.855
14 31 174 0.792
14 32 119 0.895
14 33 207 0.831
14 34 183 0.909
14 35 225 0.893
14 36 143 0.774
14 37 201 0.904
14 38 199 0.895
14 39 181 0.9
14 40 205 0.859
14 41 211 0.9
14 42 188 0.864
14 43 209 0.822
14 44 240 0.856
14 45 245 0.888
14 46 245 0.85
14 47 290 0.73
14 48 417 0.717
15 1 310 0.846
15 2 246 0.902
15 3 252 0.835
15 4 183 0.909
15 5 199 0.878
15 6 202 0.929
15 7 152 0.901
15 8 187 0.899
15 9 173 0.88
15 10 112 0.904
15 11 174 0.792
15 12 184 0.857
15 13 189 0.842
15 14 192 0.883
15 15 190 0.923
15 16 183 0.826
15 17 161 0.767
15 18 195 0.858
15 19 160 0.893
15 20 201 0.904
15 21 185 0.843
15 22 158 0.913
15 23 187 0.879
15 24 163 0.858
15 25 205 0.83
15 26 205 0.934
15 27 213 0.892
15 28 167 0.85
15 29 187 0.896
15 30 204 0.889
15 31 180 0.886
15 32 213 0.928
15 33 256 0.878
15 34 155 0.896
15 35 231 0.847
15 36 168 0.884
15 37 184 0.923
15 38 221 0.934
15 39 212 0.844
15 40 186 0.875
15 41 193 0.871
15 42 186 0.916
15 43 241 0.843
15 44 192 0.829
15 45 287 0.899
15 46 283 0.839
15 47 306 0.856
15 48 393 0.754
16 1 356 0.808
16 2 217 0.796
16 3 48 0.906
16 4 53 0.957
16 5 201 0.824
16 6 190 0.893
16 7 194 0.82
16 8 163 0.87
16 9 160 0.893
16 10 159 0.91
16 11 160 0.842
16 12 130 0.924
16 13 179 0.911
16 14 187 0.86
16 15 163 0.777
16 16 171 0.85
16 17 199 0.886
16 18 181 0.891
16 19 172 0.791
16 20 197 0.825
16 21 104 0.915
16 22 190 0.944
16 23 131 0.839
16 24 177 0.806
16 25 209 0.883
16 26 178 0.876
16 27 180 0.723
16 28 175 0.87
16 29 173 0.852
16 30 214 0.893
16 31 204 0.837
16 32 208 0.853
16 33 230 0.861
16 34 241 0.757
16 35 191 0.898
16 36 180 0.916
16 37 186 0.875
16 38 186 0.855
16 39 210 0.836
16 40 190 0.846
16 41 185 0.843
16 42 206 0.871
16 43 218 0.902
16 44 219 0.851
16 45 222 0.841
16 46 211 0.799
16 47 302 0.866
16 48 446 0.806
17 1 333 0.811
17 2 287 0.823
17 3 220 0.84
17 4 185 0.806
17 5 231 0.936
17 6 175 0.78
17 7 202 0.872
17 8 187 0.891
17 9 175 0.89
17 10 163 0.879
17 11 189 0.909
17 12 195 0.835
17 13 157 0.818
17 14 173 0.824
17 15 189 0.889
17 16 176 0.866
17 17 160 0.854
17 18 138 0.884
17 19 190 0.865
17 20 165 0.889
17 21 194 0.864
17 22 216 0.842
17 23 177 0.901
17 24 172 0.905
17 25 180 0.754
17 26 207 0.875
17 27 178 0.856
17 28 192 0.848
17 29 221 0.869
17 30 227 0.885
17 31 201 0.915
17 32 204 0.837
17 33 198 0.855
17 34 197 0.851
17 35 207 0.902
17 36 220 0.84
17 37 207 0.81
17 38 175 0.842
17 39 184 0.838
17 40 228 0.878
17 41 200 0.872
17 42 211 0.873
17 43 250 0.874
17 44 220 0.891
17 45 185 0.862
17 46 234 0.894
17 47 309 0.81
17 48 438 0.829
18 1 308 0.762
18 2 248 0.771
18 3 255 0.851
18 4 189 0.861
18 5 179 0.89
18 6 202 0.929
18 7 221 0.934
18 8 174 0.916
18 9 171 0.796
18 10 165 0.921
18 11 171 0.796
18 12 155 0.865
18 13 175 0.943
18 14 204 0.917
18 15 173 0.88
18 16 177 0.843
18 17 188 0.812
18 18 175 0.89
18 19 194 0.772
18 20 178 0.837
18 21 178 0.779
18 22 187 0.836
18 23 165 0.889
18 24 135 0.843
18 25 180 0.874
18 26 163 0.821
18 27 182 0.926
18 28 140 0.851
18 29 193 0.852
18 30 201 0.824
18 31 240 0.856
18 32 196 0.846
18 33 184 0.894
18 34 213 0.855
18 35 178 0.864
18 36 215 0.871
18 37 188 0.876
18 38 219 0.844
18 39 224 0.808
18 40 196 0.836
18 41 181 0.749
18 42 178 0.864
18 43 205 0.913
18 44 252 0.881
18 45 257 0.813
18 46 198 0.837
18 47 323 0.832
18 48 478 0.719
19 1 280 0.751
19 2 226 0.813
19 3 225 0.877
19 4 224 0.863
19 5 157 0.876
19 6 186 0.811
19 7 174 0.907
19 8 210 0.861
19 9 143 0.926
19 10 167 0.85
19 11 143 0.902
19 12 196 0.794
19 13 146 0.879
19 14 143 0.839
19 15 142 0.886
19 16 200 0.891
19 17 179 0.861
19 18 186 0.916
19 19 197 0.851
19 20 183 0.79
19 21 166 0.845
19 22 153 0.875
19 23 161 0.912
19 24 173 0.932
19 25 177 0.941
19 26 179 0.911
19 27 152 0.819
19 28 187 0.871
19 29 159 0.765
19 30 216 0.913
19 31 226 0.878
19 32 217 0.879
19 33 218 0.883
19 34 240 0.898
19 35 208 0.835
19 36 184 0.865
19 37 173 0.852
19 38 171 0.879
19 39 210 0.78
19 40 263 0.845
19 41 251 0.854
19 42 222 0.838
19 43 238 0.866
19 44 203 0.815
19 45 243 0.827
19 46 258 0.928
19 47 315 0.772
19 48 478 0.833
20 1 347 0.859
20 2 195 0.842
20 3 193 0.928
20 4 221 0.887
20 5 196 0.846
20 6 200 0.919
20 7 194 0.813
20 8 111 0.845
20 9 137 0.888
20 10 187 0.92
20 11 191 0.919
20 12 187 0.871
20 13 179 0.853
20 14 174 0.894
20 15 206 0.89
20 16 191 0.862
20 17 194 0.864
20 18 86 0.946
20 19 189 0.834
20 20 196 0.901
20 21 185 0.792
20 22 177 0.705
20 23 217 0.836
20 24 176 0.866
20 25 183 0.901
20 26 177 0.901
20 27 180 0.846
20 28 187 0.868
20 29 188 0.884
20 30 219 0.837
20 31 221 0.877
20 32 222 0.855
20 33 209 0.891
20 34 190 0.873
20 35 192 0.903
20 36 179 0.815
20 37 185 0.881
20 38 190 0.865
20 39 238 0.883
20 40 193 0.907
20 41 127 0.929
20 42 137 0.878
20 43 200 0.899
20 44 251 0.913
20 45 238 0.849
20 46 310 0.812
20 47 333 0.819
20 48 433 0.787
21 1 307 0.89
21 2 200 0.813
21 3 225 0.896
21 4 244 0.895
21 5 140 0.883
21 6 179 0.853
21 7 213 0.838
21 8 183 0.88
21 9 165 0.911
21 10 157 0.867
21 11 166 0.856
21 12 161 0.921
21 13 197 0.897
21 14 164 0.906
21 15 186 0.916
21 16 146 0.827
21 17 180 0.838
21 18 201 0.924
21 19 183 0.918
21 20 187 0.871
21 21 191 0.832
21 22 203 0.925
21 23 193 0.879
21 24 137 0.922
21 25 182 0.905
21 26 195 0.751
21 27 178 0.906
21 28 193 0.887
21 29 200 0.853
21 30 186 0.875
21 31 200 0.872
21 32 175 0.842
21 33 182 0.926
21 34 188 0.868
21 35 202 0.804
21 36 173 0.852
21 37 176 0.744
21 38 213 0.863
21 39 231 0.834
21 40 216 0.849
21 41 204 0.889
21 42 206 0.878
21 43 228 0.853
21 44 250 0.874
21 45 282 0.83
21 46 275 0.833
21 47 256 0.825
21 48 378 0.865
22 1 300 0.773
22 2 312 0.783
22 3 228 0.897
22 4 192 0.874
22 5 191 0.843
22 6 177 0.922
22 7 199 0.915
22 8 134 0.927
22 9 170 0.949
22 10 164 0.884
22 11 191 0.89
22 12 199 0.927
22 13 202 0.888
22 14 185 0.898
22 15 132 0.878
22 16 179 0.881
22 17 166 0.865
22 18 199 0.915
22 19 138 0.861
22 20 154 0.903
22 21 177 0.851
22 22 221 0.869
22 23 198 0.91
22 24 189 0.889
22 25 168 0.906
22 26 201 0.915
22 27 170 0.916
22 28 183 0.79
22 29 237 0.869
22 30 224 0.856
22 31 169 0.787
22 32 184 0.838
22 33 203 0.866
22 34 200 0.883
22 35 189 0.799
22 36 183 0.833
22 37 169 0.868
22 38 219 0.861
22 39 211 0.823
22 40 179 0.815
22 41 200 0.891
22 42 193 0.809
22 43 215 0.798
22 44 239 0.913
22 45 395 0.722
22 46 256 0.832
22 47 327 0.778
22 48 406 0.814
23 1 386 0.876
23 2 287 0.795
23 3 295 0.9
23 4 225 0.911
23 5 188 0.795
23 6 223 0.866
23 7 168 0.906
23 8 190 0.893
23 9 192 0.874
23 10 174 0.877
23 11 222 0.918
23 12 217 0.879
23 13 223 0.877
23 14 192 0.874
23 15 210 0.869
23 16 186 0.895
23 17 0 0.0
23 18 189 0.897
23 19 197 0.859
23 20 142 0.833
23 21 107 0.971
23 22 172 0.905
23 23 191 0.793
23 24 169 0.821
23 25 190 0.885
23 26 208 0.843
23 27 207 0.824
23 28 122 0.929
23 29 145 0.86
23 30 172 0.847
23 31 191 0.919
23 32 153 0.845
23 33 169 0.851
23 34 178 0.864
23 35 170 0.916
23 36 223 0.87
23 37 210 0.861
23 38 194 0.884
23 39 178 0.906
23 40 218 0.793
23 41 213 0.848
23 42 243 0.827
23 43 250 0.899
23 44 260 0.892
23 45 248 0.877
23 46 304 0.745
23 47 310 0.818
23 48 385 0.766
24 1 354 0.824
24 2 249 0.847
24 3 47 0.947
24 4 55 0.894
24 5 196 0.846
24 6 207 0.824
24 7 182 0.913
24 8 190 0.914
24 9 199 0.886
24 10 188 0.934
24 11 168 0.835
24 12 170 0.916
24 13 200 0.932
24 14 189 0.909
24 15 202 0.888
24 16 211 0.9
24 17 170 0.799
24 18 179 0.92
24 19 191 0.949
24 20 204 0.779
24 21 169 0.86
24 22 157 0.876
24 23 221 0.914
24 24 193 0.887
24 25 191 0.851
24 26 161 0.877
24 27 195 0.783
24 28 168 0.884
24 29 187 0.879
24 30 170 0.886
24 31 202 0.888
24 32 200 0.883
24 33 182 0.786
24 34 201 0.86
24 35 196 0.873
24 36 227 0.904
24 37 232 0.92
24 38 191 0.898
24 39 213 0.874
24 40 183 0.88
24 41 200 0.864
24 42 124 0.907
24 43 250 0.874
24 44 216 0.875
24 45 267 0.875
24 46 280 0.784
24 47 389 0.669
24 48 472 0.796
25 1 351 0.827
25 2 296 0.91
25 3 247 0.881
25 4 229 0.85
25 5 202 0.88
25 6 191 0.87
25 7 177 0.72
25 8 190 0.953
25 9 207 0.902
25 10 204 0.881
25 11 153 0.825
25 12 180 0.874
25 13 183 0.931
25 14 159 0.878
25 15 141 0.88
25 16 180 0.846
25 17 205 0.859
25 18 176 0.855
25 19 195 0.869
25 20 173 0.764
25 21 206 0.871
25 22 226 0.839
25 23 94 0.853
25 24 117 0.891
25 25 203 0.885
25 26 206 0.871
25 27 201 0.912
25 28 205 0.841
25 29 214 0.885
25 30 240 0.873
25 31 146 0.761
25 32 183 0.808
25 33 194 0.864
25 34 219 0.879
25 35 181 0.9
25 36 192 0.874
25 37 195 0.896
25 38 228 0.82
25 39 193 0.86
25 40 201 0.79
25 41 207 0.8
25 42 233 0.838
25 43 255 0.786
25 44 210 0.854
25 45 289 0.859
25 46 266 0.824
25 47 331 0.668
25 48 412 0.802
26 1 453 0.774
26 2 324 0.897
26 3 275 0.848
26 4 212 0.859
26 5 218 0.875
26 6 201 0.876
26 7 194 0.872
26 8 171 0.891
26 9 183 0.909
26 10 141 0.904
26 11 179 0.881
26 12 174 0.856
26 13 195 0.917
26 14 176 0.866
26 15 190 0.893
26 16 170 0.837
26 17 202 0.9
26 18 159 0.848
26 19 185 0.799
26 20 220 0.858
26 21 159 0.79
26 22 248 0.785
26 23 220 0.883
26 24 210 0.819
26 25 182 0.884
26 26 194 0.856
26 27 228 0.878
26 28 164 0.884
26 29 46 0.795
26 30 55 0.894
26 31 205 0.913
26 32 197 0.897
26 33 197 0.906
26 34 165 0.812
26 35 148 0.859
26 36 154 0.894
26 37 176 0.767
26 38 215 0.814
26 39 224 0.848
26 40 206 0.871
26 41 234 0.805
26 42 225 0.859
26 43 218 0.84
26 44 280 0.818
26 45 303 0.768
26 46 278 0.896
26 47 338 0.883
26 48 489 0.857
27 1 382 0.792
27 2 269 0.772
27 3 219 0.872
27 4 270 0.845
27 5 216 0.809
27 6 188 0.856
27 7 218 0.809
27 8 181 0.921
27 9 224 0.822
27 10 188 0.771
27 11 178 0.906
27 12 188 0.848
27 13 186 0.916
27 14 195 0.861
27 15 177 0.88
27 16 184 0.802
27 17 189 0.816
27 18 210 0.869
27 19 208 0.843
27 20 201 0.924
27 21 202 0.929
27 22 208 0.861
27 23 140 0.755
27 24 225 0.896
27 25 192 0.855
27 26 163 0.795
27 27 168 0.897
27 28 226 0.863
27 29 165 0.663
27 30 210 0.843
27 31 205 0.893
27 32 253 0.885
27 33 202 0.804
27 34 239 0.895
27 35 219 0.851
27 36 198 0.89
27 37 196 0.854
27 38 220 0.891
27 39 175 0.89
27 40 243 0.834
27 41 239 0.913
27 42 252 0.819
27 43 250 0.835
27 44 273 0.818
27 45 278 0.903
27 46 315 0.837
27 47 391 0.823
27 48 512 0.738
28 1 437 0.788
28 2 326 0.852
28 3 238 0.819
28 4 184 0.778
28 5 218 0.84
28 6 222 0.831
28 7 222 0.873
28 8 193 0.907
28 9 175 0.85
28 10 193 0.86
28 11 227 0.893
28 12 215 0.882
28 13 198 0.902
28 14 139 0.901
28 15 144 0.899
28 16 185 0.862
28 17 199 0.867
28 18 213 0.821
28 19 220 0.848
28 20 204 0.889
28 21 157 0.88
28 22 189 0.861
28 23 225 0.859
28 24 217 0.829
28 25 163 0.887
28 26 222 0.873
28 27 194 0.884
28 28 232 0.868
28 29 182 0.786
28 30 236 0.773
28 31 233 0.848
28 32 144 0.889
28 33 177 0.871
28 34 180 0.846
28 35 241 0.827
28 36 219 0.844
28 37 220 0.823
28 38 240 0.81
28 39 262 0.829
28 40 254 0.825
28 41 204 0.892
28 42 242 0.88
28 43 292 0.875
28 44 255 0.835
28 45 295 0.778
28 46 307 0.91
28 47 398 0.77
28 48 546 0.847
29 1 445 0.859
29 2 349 0.81
29 3 315 0.858
29 4 251 0.903
29 5 240 0.839
29 6 210 0.877
29 7 205 0.866
29 8 206 0.871
29 9 192 0.848
29 10 214 0.893
29 11 192 0.874
29 12 222 0.855
29 13 201 0.85
29 14 249 0.864
29 15 209 0.805
29 16 247 0.857
29 17 192 0.848
29 18 210 0.935
29 19 229 0.786
29 20 239 0.813
29 21 245 0.867
29 22 182 0.811
29 23 220 0.865
29 24 232 0.837
29 25 237 0.887
29 26 260 0.829
29 27 221 0.88
29 28 179 0.741
29 29 239 0.86
29 30 267 0.891
29 31 195 0.88
29 32 259 0.826
29 33 217 0.871
29 34 279 0.8
29 35 110 0.888
29 36 280 0.883
29 37 240 0.898
29 38 220 0.865
29 39 265 0.774
29 40 275 0.839
29 41 284 0.815
29 42 261 0.871
29 43 269 0.898
29 44 280 0.863
29 45 332 0.732
29 46 332 0.855
29 47 422 0.798
29 48 555 0.79
30 1 446 0.804
30 2 307 0.658
30 3 314 0.809
30 4 261 0.796
30 5 242 0.906
30 6 213 0.722
30 7 271 0.871
30 8 276 0.855
30 9 230 0.837
30 10 237 0.845
30 11 250 0.851
30 12 247 0.888
30 13 225 0.819
30 14 235 0.806
30 15 233 0.88
30 16 213 0.754
30 17 250 0.867
30 18 219 0.788
30 19 202 0.836
30 20 220 0.891
30 21 229 0.89
30 22 234 0.851
30 23 235 0.905
30 24 242 0.906
30 25 253 0.807
30 26 241 0.877
30 27 252 0.858
30 28 251 0.831
30 29 271 0.827
30 30 285 0.869
30 31 211 0.892
30 32 249 0.847
30 33 203 0.815
30 34 246 0.837
30 35 265 0.774
30 36 246 0.877
30 37 281 0.896
30 38 197 0.851
30 39 279 0.858
30 40 246 0.701
30 41 223 0.866
30 42 322 0.771
30 43 286 0.781
30 44 282 0.824
30 45 364 0.82
30 46 386 0.843
30 47 382 0.651
30 48 474 0.795
31 1 455 0.866
31 2 413 0.821
31 3 364 0.839
31 4 328 0.865
31 5 276 0.904
31 6 278 0.864
31 7 271 0.912
31 8 187 0.879
31 9 289 0.727
31 10 291 0.856
31 11 265 0.845
31 12 231 0.916
31 13 283 0.848
31 14 284 0.775
31 15 292 0.862
31 16 273 0.777
31 17 261 0.842
31 18 298 0.828
31 19 306 0.878
31 20 249 0.831
31 21 258 0.861
31 22 292 0.907
31 23 256 0.913
31 24 317 0.857
31 25 284 0.873
31 26 296 0.755
31 27 289 0.844
31 28 383 0.812
31 29 246 0.844
31 30 312 0.858
31 31 308 0.813
31 32 284 0.851
31 33 322 0.85
31 34 288 0.773
31 35 364 0.872
31 36 297 0.852
31 37 310 0.793
31 38 283 0.841
31 39 234 0.858
31 40 372 0.788
31 41 382 0.809
31 42 285 0.826
31 43 401 0.793
31 44 351 0.835
31 45 450 0.774
31 46 401 0.781
31 47 565 0.573
31 48 547 0.847
32 1 409 0.856
32 2 607 0.789
32 3 455 0.871
32 4 470 0.852
32 5 457 0.852
32 6 332 0.876
32 7 405 0.835
32 8 388 0.88
32 9 426 0.753
32 10 370 0.798
32 11 418 0.888
32 12 496 0.793
32 13 418 0.819
32 14 388 0.805
32 15 411 0.879
32 16 307 0.83
32 17 402 0.816
32 18 354 0.888
32 19 399 0.911
32 20 407 0.903
32 21 379 0.854
32 22 432 0.852
32 23 420 0.84
32 24 376 0.804
32 25 405 0.751
32 26 382 0.829
32 27 454 0.847
32 28 434 0.856
32 29 400 0.893
32 30 387 0.805
32 31 468 0.896
32 32 448 0.796
32 33 364 0.852
32 34 436 0.854
32 35 455 0.763
32 36 431 0.862
32 37 437 0.822
32 38 446 0.827
32 39 414 0.766
32 40 452 0.636
32 41 434 0.85
32 42 483 0.672
32 43 555 0.762
32 44 525 0.755
32 45 681 0.763
32 46 564 0.787
32 47 673 0.771
32 48 661 0.861
