row  column  size-1  circ-1
1 1 548 0.905
1 2 459 0.868
1 3 498 0.898
1 4 506 0.887
1 5 436 0.86
1 6 448 0.858
1 7 467 0.859
1 8 410 0.856
1 9 397 0.867
1 10 484 0.883
1 11 422 0.881
1 12 300 0.846
1 13 300 0.778
1 14 398 0.825
1 15 413 0.844
1 16 470 0.845
1 17 240 0.891
1 18 308 0.868
1 19 444 0.812
1 20 392 0.815
1 21 376 0.707
1 22 357 0.869
1 23 358 0.838
1 24 385 0.86
1 25 352 0.863
1 26 379 0.885
1 27 389 0.79
1 28 396 0.847
1 29 393 0.878
1 30 347 0.795
1 31 322 0.924
1 32 466 0.88
1 33 354 0.848
1 34 483 0.847
1 35 48 0.986
1 36 48 0.967
1 37 483 0.866
1 38 401 0.844
1 39 388 0.861
1 40 339 0.865
1 41 502 0.892
1 42 465 0.89
1 43 543 0.908
1 44 546 0.884
1 45 561 0.885
1 46 513 0.849
1 47 592 0.788
1 48 588 0.867
2 1 452 0.91
2 2 386 0.87
2 3 374 0.868
2 4 364 0.907
2 5 306 0.863
2 6 336 0.908
2 7 341 0.836
2 8 349 0.817
2 9 279 0.851
2 10 295 0.834
2 11 328 0.851
2 12 288 0.856
2 13 343 0.905
2 14 285 0.892
2 15 323 0.873
2 16 274 0.858
2 17 275 0.762
2 18 303 0.775
2 19 257 0.858
2 20 274 0.821
2 21 238 0.944
2 22 240 0.88
2 23 244 0.877
2 24 247 0.906
2 25 244 0.87
2 26 243 0.902
2 27 244 0.87
2 28 194 0.912
2 29 208 0.906
2 30 216 0.875
2 31 178 0.906
2 32 257 0.826
2 33 193 0.675
2 34 247 0.67
2 35 367 0.827
2 36 310 0.838
2 37 322 0.779
2 38 307 0.903
2 39 309 0.794
2 40 299 0.808
2 41 289 0.835
2 42 318 0.896
2 43 298 0.825
2 44 346 0.877
2 45 312 0.864
2 46 388 0.9
2 47 454 0.869
2 48 714 0.928
3 1 368 0.882
3 2 349 0.85
3 3 290 0.869
3 4 289 0.929
3 5 249 0.864
3 6 236 0.883
3 7 219 0.797
3 8 321 0.798
3 9 218 0.84
3 10 262 0.851
3 11 223 0.923
3 12 222 0.838
3 13 0 0.0
3 14 0 0.0
3 15 235 0.872
3 16 228 0.878
3 17 213 0.881
3 18 205 0.934
3 19 226 0.822
3 20 220 0.817
3 21 208 0.853
3 22 195 0.824
3 23 200 0.864
3 24 213 0.874
3 25 204 0.909
3 26 212 0.904
3 27 196 0.909
3 28 207 0.856
3 29 211 0.732
3 30 202 0.846
3 31 220 0.84
3 32 207 0.856
3 33 212 0.81
3 34 234 0.883
3 35 81 0.749
3 36 98 0.851
3 37 222 0.525
3 38 225 0.893
3 39 221 0.767
3 40 200 0.899
3 41 221 0.782
3 42 214 0.742
3 43 210 0.789
3 44 249 0.854
3 45 226 0.871
3 46 310 0.799
3 47 288 0.885
3 48 399 0.853
4 1 578 0.852
4 2 344 0.849
4 3 335 0.849
4 4 334 0.846
4 5 217 0.937
4 6 204 0.812
4 7 259 0.738
4 8 242 0.888
4 9 228 0.807
4 10 190 0.803
4 11 191 0.928
4 12 263 0.817
4 13 197 0.878
4 14 213 0.908
4 15 200 0.919
4 16 198 0.779
4 17 210 0.888
4 18 193 0.852
4 19 198 0.855
4 20 190 0.893
4 21 193 0.791
4 22 174 0.865
4 23 192 0.894
4 24 201 0.814
4 25 191 0.87
4 26 209 0.876
4 27 165 0.828
4 28 169 0.813
4 29 200 0.845
4 30 186 0.895
4 31 158 0.823
4 32 225 0.867
4 33 191 0.851
4 34 152 0.848
4 35 199 0.867
4 36 185 0.919
4 37 181 0.824
4 38 190 0.865
4 39 127 0.903
4 40 129 0.892
4 41 182 0.926
4 42 183 0.826
4 43 186 0.829
4 44 186 0.513
4 45 219 0.869
4 46 242 0.913
4 47 295 0.9
4 48 406 0.866
5 1 424 0.836
5 2 332 0.882
5 3 314 0.907
5 4 247 0.857
5 5 212 0.924
5 6 220 0.883
5 7 216 0.842
5 8 204 0.87
5 9 200 0.891
5 10 184 0.82
5 11 181 0.817
5 12 194 0.763
5 13 187 0.79
5 14 170 0.894
5 15 190 0.839
5 16 166 0.865
5 17 182 0.867
5 18 170 0.826
5 19 195 0.938
5 20 176 0.855
5 21 187 0.888
5 22 154 0.717
5 23 152 0.848
5 24 138 0.81
5 25 173 0.88
5 26 141 0.904
5 27 127 0.913
5 28 160 0.906
5 29 157 0.846
5 30 165 0.889
5 31 162 0.96
5 32 162 0.936
5 33 148 0.847
5 34 183 0.86
5 35 157 0.876
5 36 164 0.834
5 37 175 0.688
5 38 158 0.753
5 39 168 0.875
5 40 179 0.861
5 41 148 0.9
5 42 152 0.892
5 43 211 0.74
5 44 195 0.677
5 45 214 0.859
5 46 254 0.871
5 47 264 0.881
5 48 436 0.854
6 1 364 0.929
6 2 318 0.866
6 3 279 0.873
6 4 225 0.832
6 5 280 0.903
6 6 271 0.475
6 7 203 0.833
6 8 176 0.875
6 9 177 0.814
6 10 190 0.779
6 11 174 0.865
6 12 160 0.915
6 13 147 0.894
6 14 175 0.89
6 15 171 0.804
6 16 157 0.945
6 17 176 0.875
6 18 170 0.894
6 19 123 0.818
6 20 122 0.867
6 21 130 0.914
6 22 144 0.933
6 23 180 0.895
6 24 148 0.838
6 25 147 0.904
6 26 159 0.91
6 27 166 0.895
6 28 161 0.889
6 29 185 0.898
6 30 149 0.823
6 31 157 0.931
6 32 114 0.811
6 33 150 0.849
6 34 147 0.885
6 35 126 0.871
6 36 148 0.959
6 37 134 0.902
6 38 153 0.884
6 39 174 0.845
6 40 170 0.865
6 41 156 0.862
6 42 170 0.865
6 43 194 0.872
6 44 180 0.866
6 45 198 0.902
6 46 221 0.877
6 47 276 0.921
6 48 504 0.823
7 1 455 0.809
7 2 351 0.875
7 3 298 0.855
7 4 276 0.827
7 5 241 0.769
7 6 196 0.901
7 7 159 0.837
7 8 179 0.869
7 9 180 0.925
7 10 182 0.875
7 11 163 0.849
7 12 166 0.886
7 13 163 0.91
7 14 186 0.895
7 15 161 0.859
7 16 170 0.916
7 17 175 0.912
7 18 186 0.903
7 19 144 0.889
7 20 173 0.919
7 21 158 0.835
7 22 165 0.921
7 23 159 0.933
7 24 172 0.905
7 25 137 0.912
7 26 145 0.882
7 27 154 0.903
7 28 155 0.887
7 29 167 0.932
7 30 150 0.912
7 31 143 0.893
7 32 152 0.84
7 33 139 0.828
7 34 154 0.851
7 35 142 0.864
7 36 147 0.918
7 37 140 0.932
7 38 142 0.91
7 39 165 0.944
7 40 150 0.899
7 41 167 0.879
7 42 173 0.821
7 43 163 0.784
7 44 174 0.856
7 45 153 0.845
7 46 271 0.858
7 47 215 0.889
7 48 452 0.896
8 1 455 0.837
8 2 357 0.828
8 3 305 0.786
8 4 196 0.616
8 5 142 0.833
8 6 195 0.896
8 7 187 0.852
8 8 170 0.767
8 9 126 0.786
8 10 158 0.873
8 11 204 0.938
8 12 153 0.897
8 13 172 0.896
8 14 162 0.927
8 15 166 0.917
8 16 130 0.811
8 17 175 0.87
8 18 183 0.79
8 19 181 0.742
8 20 182 0.905
8 21 160 0.834
8 22 147 0.928
8 23 142 0.864
8 24 134 0.927
8 25 145 0.882
8 26 179 0.902
8 27 125 0.914
8 28 154 0.903
8 29 157 0.898
8 30 168 0.906
8 31 149 0.865
8 32 149 0.852
8 33 124 0.848
8 34 162 0.917
8 35 153 0.797
8 36 173 0.901
8 37 165 0.889
8 38 158 0.904
8 39 13 0.545
8 40 0 0.0
8 41 175 0.85
8 42 172 0.791
8 43 144 0.733
8 44 191 0.907
8 45 181 0.9
8 46 191 0.783
8 47 408 0.834
8 48 562 0.837
9 1 275 0.877
9 2 294 0.911
9 3 285 0.803
9 4 222 0.841
9 5 227 0.826
9 6 218 0.833
9 7 151 0.918
9 8 146 0.835
9 9 195 0.917
9 10 161 0.898
9 11 183 0.94
9 12 179 0.911
9 13 161 0.88
9 14 152 0.924
9 15 179 0.911
9 16 155 0.933
9 17 158 0.917
9 18 169 0.92
9 19 197 0.851
9 20 171 0.931
9 21 144 0.933
9 22 152 0.949
9 23 119 0.906
9 24 142 0.784
9 25 137 0.888
9 26 170 0.894
9 27 69 0.924
9 28 68 0.911
9 29 137 0.868
9 30 169 0.933
9 31 129 0.827
9 32 140 0.907
9 33 141 0.871
9 34 124 0.907
9 35 140 0.842
9 36 124 0.825
9 37 139 0.891
9 38 165 0.786
9 39 164 0.843
9 40 165 0.868
9 41 117 0.917
9 42 150 0.849
9 43 161 0.839
9 44 145 0.801
9 45 194 0.864
9 46 136 0.915
9 47 302 0.905
9 48 454 0.852
10 1 440 0.867
10 2 279 0.858
10 3 235 0.862
10 4 205 0.913
10 5 170 0.865
10 6 201 0.868
10 7 167 0.9
10 8 167 0.87
10 9 178 0.856
10 10 181 0.912
10 11 110 0.938
10 12 115 0.928
10 13 177 0.901
10 14 173 0.88
10 15 180 0.886
10 16 181 0.891
10 17 156 0.915
10 18 171 0.85
10 19 132 0.815
10 20 133 0.895
10 21 116 0.92
10 22 156 0.853
10 23 169 0.851
10 24 136 0.915
10 25 134 0.892
10 26 144 0.909
10 27 133 0.875
10 28 157 0.867
10 29 140 0.897
10 30 139 0.795
10 31 143 0.916
10 32 152 0.892
10 33 142 0.886
10 34 124 0.907
10 35 156 0.75
10 36 150 0.88
10 37 133 0.946
10 38 134 0.859
10 39 149 0.874
10 40 137 0.947
10 41 155 0.909
10 42 158 0.843
10 43 150 0.858
10 44 172 0.884
10 45 201 0.85
10 46 211 0.847
10 47 315 0.851
10 48 314 0.857
11 1 317 0.887
11 2 274 0.897
11 3 218 0.857
11 4 205 0.885
11 5 170 0.826
11 6 165 0.934
11 7 160 0.884
11 8 162 0.852
11 9 152 0.901
11 10 182 0.856
11 11 189 0.918
11 12 186 0.847
11 13 0 0.0
11 14 0 0.0
11 15 179 0.89
11 16 170 0.837
11 17 173 0.919
11 18 147 0.918
11 19 162 0.96
11 20 155 0.943
11 21 181 0.891
11 22 175 0.87
11 23 152 0.901
11 24 167 0.879
11 25 140 0.874
11 26 130 0.833
11 27 154 0.903
11 28 169 0.84
11 29 144 0.923
11 30 133 0.852
11 31 120 0.863
11 32 155 0.856
11 33 139 0.881
11 34 142 0.92
11 35 137 0.795
11 36 141 0.88
11 37 162 0.882
11 38 152 0.869
11 39 157 0.858
11 40 135 0.875
11 41 173 0.832
11 42 133 0.92
11 43 156 0.853
11 44 167 0.83
11 45 140 0.842
11 46 141 0.871
11 47 288 0.879
11 48 426 0.863
12 1 294 0.865
12 2 303 0.869
12 3 276 0.827
12 4 235 0.831
12 5 227 0.779
12 6 218 0.902
12 7 181 0.921
12 8 193 0.86
12 9 190 0.839
12 10 184 0.865
12 11 170 0.916
12 12 177 0.88
12 13 172 0.875
12 14 190 0.923
12 15 179 0.911
12 16 185 0.835
12 17 162 0.917
12 18 170 0.894
12 19 130 0.811
12 20 177 0.88
12 21 177 0.901
12 22 188 0.913
12 23 135 0.856
12 24 164 0.884
12 25 160 0.925
12 26 169 0.889
12 27 148 0.809
12 28 119 0.735
12 29 155 0.933
12 30 166 0.917
12 31 153 0.931
12 32 159 0.878
12 33 151 0.918
12 34 152 0.861
12 35 120 0.821
12 36 127 0.836
12 37 157 0.838
12 38 156 0.892
12 39 145 0.939
12 40 166 0.904
12 41 151 0.918
12 42 182 0.762
12 43 156 0.892
12 44 145 0.939
12 45 136 0.905
12 46 199 0.867
12 47 239 0.87
12 48 496 0.874
13 1 325 0.872
13 2 271 0.905
13 3 248 0.751
13 4 223 0.877
13 5 14 0.811
13 6 13 0.922
13 7 217 0.898
13 8 185 0.85
13 9 183 0.88
13 10 185 0.919
13 11 159 0.91
13 12 178 0.876
13 13 155 0.865
13 14 186 0.924
13 15 161 0.868
13 16 151 0.834
13 17 158 0.927
13 18 143 0.87
13 19 172 0.905
13 20 187 0.899
13 21 0 0.0
13 22 0 0.0
13 23 139 0.868
13 24 109 0.854
13 25 155 0.835
13 26 150 0.889
13 27 127 0.836
13 28 113 0.85
13 29 117 0.88
13 30 136 0.881
13 31 136 0.895
13 32 121 0.885
13 33 125 0.889
13 34 149 0.897
13 35 128 0.885
13 36 140 0.907
13 37 125 0.801
13 38 135 0.843
13 39 106 0.893
13 40 157 0.846
13 41 142 0.91
13 42 165 0.86
13 43 153 0.875
13 44 181 0.758
13 45 176 0.827
13 46 131 0.931
13 47 260 0.82
13 48 338 0.804
14 1 327 0.884
14 2 297 0.852
14 3 249 0.847
14 4 189 0.88
14 5 215 0.871
14 6 226 0.915
14 7 180 0.717
14 8 182 0.905
14 9 163 0.879
14 10 176 0.908
14 11 167 0.955
14 12 165 0.944
14 13 160 0.915
14 14 170 0.865
14 15 164 0.915
14 16 160 0.893
14 17 177 0.888
14 18 184 0.771
14 19 152 0.901
14 20 142 0.896
14 21 138 0.918
14 22 177 0.871
14 23 161 0.877
14 24 140 0.874
14 25 140 0.907
14 26 135 0.865
14 27 147 0.904
14 28 136 0.895
14 29 144 0.899
14 30 140 0.874
14 31 118 0.888
14 32 93 0.912
14 33 164 0.893
14 34 120 0.843
14 35 147 0.832
14 36 137 0.864
14 37 147 0.918
14 38 148 0.847
14 39 157 0.921
14 40 149 0.92
14 41 137 0.757
14 42 148 0.868
14 43 149 0.792
14 44 168 0.835
14 45 162 0.895
14 46 180 0.916
14 47 257 0.776
14 48 383 0.883
15 1 287 0.899
15 2 318 0.806
15 3 304 0.851
15 4 225 0.904
15 5 232 0.876
15 6 213 0.769
15 7 149 0.861
15 8 155 0.63
15 9 216 0.875
15 10 171 0.87
15 11 185 0.843
15 12 179 0.881
15 13 153 0.897
15 14 153 0.955
15 15 140 0.917
15 16 168 0.827
15 17 169 0.92
15 18 152 0.869
15 19 166 0.917
15 20 172 0.867
15 21 172 0.905
15 22 164 0.875
15 23 153 0.955
15 24 127 0.868
15 25 119 0.895
15 26 156 0.883
15 27 146 0.897
15 28 166 0.865
15 29 157 0.876
15 30 153 0.897
15 31 146 0.961
15 32 153 0.897
15 33 135 0.923
15 34 139 0.901
15 35 130 0.889
15 36 112 0.915
15 37 174 0.873
15 38 157 0.855
15 39 140 0.942
15 40 152 0.882
15 41 103 0.894
15 42 133 0.92
15 43 130 0.865
15 44 156 0.915
15 45 169 0.795
15 46 187 0.92
15 47 263 0.794
15 48 494 0.849
16 1 303 0.863
16 2 365 0.847
16 3 249 0.913
16 4 212 0.851
16 5 222 0.927
16 6 218 0.894
16 7 181 0.851
16 8 168 0.884
16 9 168 0.875
16 10 102 0.886
16 11 155 0.887
16 12 168 0.906
16 13 192 0.874
16 14 171 0.913
16 15 133 0.875
16 16 151 0.886
16 17 198 0.855
16 18 193 0.879
16 19 117 0.891
16 20 126 0.921
16 21 186 0.866
16 22 104 0.903
16 23 128 0.936
16 24 154 0.903
16 25 160 0.934
16 26 154 0.961
16 27 153 0.931
16 28 166 0.873
16 29 148 0.924
16 30 149 0.93
16 31 153 0.875
16 32 150 0.849
16 33 137 0.868
16 34 151 0.942
16 35 161 0.847
16 36 163 0.942
16 37 147 0.904
16 38 137 0.776
16 39 123 0.86
16 40 139 0.925
16 41 154 0.903
16 42 151 0.864
16 43 139 0.858
16 44 162 0.873
16 45 150 0.738
16 46 161 0.912
16 47 252 0.67
16 48 417 0.81
17 1 429 0.864
17 2 289 0.853
17 3 270 0.824
17 4 184 0.865
17 5 177 0.88
17 6 215 0.889
17 7 172 0.855
17 8 189 0.889
17 9 193 0.86
17 10 194 0.884
17 11 174 0.916
17 12 153 0.897
17 13 192 0.883
17 14 151 0.886
17 15 39 0.949
17 16 47 0.848
17 17 166 0.895
17 18 145 0.851
17 19 161 0.921
17 20 124 0.907
17 21 146 0.879
17 22 131 0.906
17 23 148 0.868
17 24 141 0.827
17 25 162 0.873
17 26 160 0.915
17 27 153 0.897
17 28 139 0.901
17 29 110 0.926
17 30 130 0.924
17 31 141 0.913
17 32 141 0.88
17 33 157 0.838
17 34 132 0.903
17 35 141 0.913
17 36 101 0.84
17 37 134 0.953
17 38 151 0.806
17 39 131 0.906
17 40 127 0.845
17 41 113 0.896
17 42 121 0.895
17 43 141 0.861
17 44 151 0.886
17 45 171 0.862
17 46 175 0.79
17 47 286 0.655
17 48 361 0.865
18 1 315 0.91
18 2 304 0.822
18 3 190 0.873
18 4 267 0.875
18 5 220 0.891
18 6 196 0.885
18 7 163 0.749
18 8 145 0.939
18 9 206 0.827
18 10 185 0.911
18 11 176 0.847
18 12 163 0.923
18 13 155 0.869
18 14 166 0.886
18 15 182 0.926
18 16 185 0.835
18 17 144 0.876
18 18 168 0.783
18 19 189 0.909
18 20 165 0.911
18 21 133 0.852
18 22 152 0.924
18 23 140 0.921
18 24 158 0.904
18 25 150 0.849
18 26 145 0.891
18 27 138 0.918
18 28 131 0.872
18 29 142 0.877
18 30 143 0.893
18 31 120 0.704
18 32 152 0.901
18 33 115 0.865
18 34 147 0.875
18 35 134 0.868
18 36 126 0.886
18 37 136 0.871
18 38 151 0.909
18 39 129 0.849
18 40 140 0.907
18 41 166 0.78
18 42 144 0.885
18 43 100 0.711
18 44 175 0.861
18 45 175 0.674
18 46 204 0.736
18 47 243 0.843
18 48 505 0.834
19 1 428 0.907
19 2 296 0.858
19 3 262 0.875
19 4 261 0.895
19 5 0 0.0
19 6 0 0.0
19 7 46 0.992
19 8 35 0.878
19 9 154 0.872
19 10 181 0.862
19 11 174 0.894
19 12 202 0.846
19 13 165 0.868
19 14 157 0.889
19 15 184 0.894
19 16 177 0.901
19 17 156 0.883
19 18 159 0.919
19 19 155 0.909
19 20 148 0.891
19 21 163 0.81
19 22 120 0.914
19 23 157 0.876
19 24 123 0.91
19 25 163 0.9
19 26 134 0.892
19 27 116 0.848
19 28 163 0.879
19 29 163 0.849
19 30 137 0.912
19 31 157 0.931
19 32 141 0.84
19 33 158 0.904
19 34 146 0.911
19 35 139 0.787
19 36 141 0.913
19 37 142 0.864
19 38 157 0.855
19 39 144 0.876
19 40 142 0.945
19 41 135 0.843
19 42 164 0.906
19 43 147 0.841
19 44 140 0.907
19 45 162 0.852
19 46 175 0.502
19 47 274 0.809
19 48 337 0.807
20 1 301 0.886
20 2 272 0.884
20 3 256 0.888
20 4 212 0.803
20 5 275 0.877
20 6 227 0.919
20 7 151 0.806
20 8 147 0.885
20 9 195 0.917
20 10 195 0.888
20 11 139 0.95
20 12 158 0.895
20 13 175 0.921
20 14 171 0.891
20 15 132 0.928
20 16 105 0.912
20 17 182 0.905
20 18 164 0.893
20 19 141 0.938
20 20 158 0.904
20 21 173 0.91
20 22 172 0.847
20 23 167 0.858
20 24 117 0.891
20 25 161 0.811
20 26 170 0.894
20 27 163 0.849
20 28 148 0.9
20 29 151 0.928
20 30 144 0.933
20 31 169 0.924
20 32 159 0.878
20 33 132 0.878
20 34 147 0.862
20 35 137 0.855
20 36 95 0.932
20 37 98 0.918
20 38 99 0.94
20 39 112 0.829
20 40 164 0.872
20 41 155 0.816
20 42 162 0.873
20 43 160 0.795
20 44 156 0.915
20 45 157 0.867
20 46 182 0.684
20 47 246 0.86
20 48 491 0.781
21 1 287 0.817
21 2 298 0.923
21 3 258 0.861
21 4 213 0.881
21 5 217 0.898
21 6 206 0.909
21 7 207 0.867
21 8 178 0.885
21 9 201 0.868
21 10 201 0.884
21 11 171 0.815
21 12 164 0.854
21 13 138 0.875
21 14 169 0.851
21 15 151 0.864
21 16 182 0.905
21 17 188 0.788
21 18 181 0.843
21 19 170 0.886
21 20 164 0.854
21 21 152 0.901
21 22 145 0.851
21 23 144 0.923
21 24 104 0.903
21 25 121 0.885
21 26 109 0.907
21 27 135 0.898
21 28 140 0.921
21 29 151 0.855
21 30 155 0.808
21 31 104 0.915
21 32 137 0.868
21 33 115 0.94
21 34 150 0.828
21 35 117 0.8
21 36 87 0.87
21 37 38 0.974
21 38 42 0.951
21 39 95 0.8
21 40 153 0.753
21 41 153 0.797
21 42 164 0.851
21 43 106 0.893
21 44 164 0.854
21 45 174 0.785
21 46 182 0.884
21 47 183 0.744
21 48 392 0.884
22 1 420 0.858
22 2 338 0.862
22 3 218 0.875
22 4 165 0.877
22 5 216 0.867
22 6 195 0.896
22 7 171 0.796
22 8 177 0.901
22 9 185 0.862
22 10 169 0.911
22 11 150 0.903
22 12 174 0.916
22 13 171 0.9
22 14 204 0.844
22 15 183 0.931
22 16 159 0.91
22 17 165 0.921
22 18 172 0.927
22 19 168 0.855
22 20 164 0.893
22 21 134 0.927
22 22 154 0.872
22 23 137 0.912
22 24 145 0.905
22 25 129 0.757
22 26 152 0.861
22 27 152 0.892
22 28 165 0.889
22 29 154 0.927
22 30 155 0.919
22 31 142 0.956
22 32 155 0.943
22 33 156 0.902
22 34 134 0.906
22 35 149 0.815
22 36 110 0.877
22 37 58 0.834
22 38 75 0.932
22 39 105 0.79
22 40 154 0.751
22 41 168 0.897
22 42 180 0.886
22 43 155 0.909
22 44 139 0.868
22 45 168 0.827
22 46 182 0.867
22 47 254 0.841
22 48 294 0.928
23 1 446 0.786
23 2 258 0.885
23 3 210 0.851
23 4 229 0.875
23 5 199 0.915
23 6 208 0.906
23 7 197 0.906
23 8 177 0.86
23 9 182 0.803
23 10 168 0.906
23 11 173 0.91
23 12 163 0.879
23 13 156 0.841
23 14 172 0.936
23 15 175 0.842
23 16 148 0.9
23 17 161 0.859
23 18 117 0.856
23 19 187 0.929
23 20 163 0.841
23 21 115 0.876
23 22 143 0.87
23 23 186 0.895
23 24 135 0.812
23 25 163 0.829
23 26 152 0.84
23 27 176 0.875
23 28 140 0.897
23 29 165 0.86
23 30 141 0.871
23 31 120 0.941
23 32 154 0.937
23 33 147 0.832
23 34 148 0.914
23 35 156 0.862
23 36 166 0.895
23 37 123 0.895
23 38 141 0.904
23 39 139 0.877
23 40 158 0.873
23 41 32 0.936
23 42 23 0.878
23 43 158 0.796
23 44 173 0.774
23 45 172 0.905
23 46 196 0.821
23 47 350 0.838
23 48 493 0.836
24 1 423 0.851
24 2 270 0.868
24 3 245 0.881
24 4 204 0.87
24 5 221 0.903
24 6 195 0.947
24 7 196 0.873
24 8 199 0.859
24 9 179 0.933
24 10 192 0.874
24 11 179 0.89
24 12 189 0.869
24 13 186 0.875
24 14 172 0.905
24 15 171 0.922
24 16 180 0.947
24 17 172 0.905
24 18 141 0.848
24 19 168 0.855
24 20 131 0.906
24 21 189 0.889
24 22 176 0.875
24 23 159 0.848
24 24 160 0.834
24 25 169 0.832
24 26 107 0.815
24 27 166 0.904
24 28 169 0.813
24 29 151 0.909
24 30 148 0.934
24 31 158 0.852
24 32 149 0.883
24 33 153 0.907
24 34 149 0.906
24 35 138 0.875
24 36 154 0.859
24 37 158 0.927
24 38 111 0.964
24 39 135 0.898
24 40 156 0.704
24 41 140 0.842
24 42 171 0.87
24 43 145 0.842
24 44 153 0.875
24 45 191 0.8
24 46 205 0.859
24 47 305 0.897
24 48 361 0.865
25 1 404 0.869
25 2 274 0.874
25 3 259 0.888
25 4 224 0.907
25 5 208 0.906
25 6 181 0.891
25 7 163 0.9
25 8 193 0.841
25 9 150 0.936
25 10 134 0.927
25 11 170 0.916
25 12 191 0.898
25 13 182 0.935
25 14 165 0.86
25 15 191 0.878
25 16 191 0.87
25 17 175 0.842
25 18 160 0.798
25 19 181 0.9
25 20 185 0.89
25 21 169 0.84
25 22 162 0.936
25 23 128 0.9
25 24 148 0.9
25 25 126 0.75
25 26 147 0.894
25 27 156 0.813
25 28 127 0.903
25 29 145 0.86
25 30 167 0.87
25 31 109 0.946
25 32 163 0.829
25 33 159 0.943
25 34 145 0.905
25 35 141 0.949
25 36 142 0.945
25 37 151 0.886
25 38 159 0.887
25 39 185 0.843
25 40 182 0.875
25 41 147 0.894
25 42 163 0.9
25 43 168 0.884
25 44 161 0.944
25 45 171 0.858
25 46 193 0.785
25 47 268 0.895
25 48 468 0.82
26 1 488 0.885
26 2 299 0.843
26 3 267 0.858
26 4 225 0.919
26 5 202 0.861
26 6 201 0.868
26 7 161 0.898
26 8 205 0.874
26 9 186 0.895
26 10 193 0.86
26 11 155 0.909
26 12 175 0.834
26 13 183 0.909
26 14 194 0.884
26 15 176 0.904
26 16 169 0.933
26 17 110 0.795
26 18 141 0.89
26 19 143 0.926
26 20 145 0.919
26 21 171 0.862
26 22 174 0.894
26 23 159 0.878
26 24 166 0.853
26 25 157 0.867
26 26 153 0.854
26 27 113 0.826
26 28 153 0.854
26 29 148 0.9
26 30 145 0.929
26 31 154 0.881
26 32 161 0.898
26 33 160 0.842
26 34 116 0.793
26 35 145 0.873
26 36 132 0.794
26 37 129 0.768
26 38 140 0.821
26 39 144 0.867
26 40 128 0.875
26 41 145 0.873
26 42 155 0.9
26 43 163 0.849
26 44 170 0.857
26 45 180 0.903
26 46 229 0.817
26 47 308 0.778
26 48 330 0.751
27 1 459 0.821
27 2 242 0.76
27 3 248 0.844
27 4 198 0.882
27 5 176 0.895
27 6 211 0.9
27 7 189 0.909
27 8 188 0.904
27 9 197 0.87
27 10 197 0.825
27 11 193 0.852
27 12 186 0.855
27 13 194 0.933
27 14 175 0.842
27 15 175 0.842
27 16 180 0.903
27 17 176 0.887
27 18 168 0.875
27 19 173 0.88
27 20 148 0.924
27 21 169 0.911
27 22 182 0.926
27 23 171 0.891
27 24 161 0.889
27 25 142 0.886
27 26 176 0.866
27 27 153 0.837
27 28 164 0.938
27 29 127 0.913
27 30 151 0.918
27 31 157 0.898
27 32 143 0.902
27 33 153 0.921
27 34 158 0.904
27 35 154 0.881
27 36 139 0.881
27 37 140 0.874
27 38 128 0.963
27 39 159 0.887
27 40 162 0.895
27 41 158 0.852
27 42 155 0.919
27 43 177 0.72
27 44 194 0.912
27 45 177 0.871
27 46 187 0.783
27 47 269 0.858
27 48 627 0.803
28 1 457 0.84
28 2 331 0.859
28 3 267 0.898
28 4 223 0.895
28 5 290 0.862
28 6 222 0.863
28 7 208 0.915
28 8 195 0.85
28 9 189 0.834
28 10 216 0.913
28 11 179 0.85
28 12 211 0.911
28 13 198 0.855
28 14 196 0.893
28 15 167 0.85
28 16 167 0.932
28 17 156 0.915
28 18 209 0.903
28 19 175 0.787
28 20 154 0.784
28 21 188 0.884
28 22 172 0.887
28 23 181 0.921
28 24 149 0.897
28 25 195 0.877
28 26 173 0.932
28 27 157 0.921
28 28 147 0.918
28 29 179 0.89
28 30 174 0.856
28 31 161 0.898
28 32 175 0.87
28 33 161 0.792
28 34 156 0.892
28 35 160 0.862
28 36 162 0.79
28 37 164 0.863
28 38 149 0.906
28 39 139 0.925
28 40 159 0.919
28 41 166 0.895
28 42 179 0.815
28 43 201 0.876
28 44 259 0.796
28 45 193 0.86
28 46 232 0.851
28 47 379 0.754
28 48 351 0.889
29 1 424 0.812
29 2 303 0.914
29 3 284 0.815
29 4 274 0.842
29 5 234 0.909
29 6 216 0.867
29 7 217 0.871
29 8 200 0.932
29 9 216 0.921
29 10 217 0.829
29 11 222 0.729
29 12 209 0.808
29 13 222 0.801
29 14 191 0.825
29 15 196 0.885
29 16 211 0.9
29 17 181 0.879
29 18 209 0.911
29 19 221 0.895
29 20 192 0.894
29 21 183 0.918
29 22 180 0.866
29 23 187 0.871
29 24 185 0.89
29 25 182 0.905
29 26 176 0.875
29 27 157 0.898
29 28 165 0.889
29 29 167 0.909
29 30 211 0.9
29 31 168 0.758
29 32 160 0.893
29 33 200 0.94
29 34 216 0.842
29 35 184 0.846
29 36 187 0.891
29 37 160 0.814
29 38 162 0.94
29 39 171 0.87
29 40 179 0.861
29 41 174 0.873
29 42 187 0.908
29 43 154 0.937
29 44 200 0.919
29 45 215 0.909
29 46 282 0.737
29 47 303 0.799
29 48 419 0.843
30 1 409 0.825
30 2 372 0.844
30 3 329 0.868
30 4 290 0.925
30 5 192 0.903
30 6 270 0.845
30 7 274 0.772
30 8 230 0.868
30 9 257 0.892
30 10 261 0.855
30 11 241 0.814
30 12 290 0.776
30 13 236 0.876
30 14 258 0.823
30 15 234 0.835
30 16 220 0.891
30 17 236 0.869
30 18 201 0.895
30 19 217 0.839
30 20 205 0.866
30 21 220 0.865
30 22 212 0.916
30 23 186 0.895
30 24 198 0.855
30 25 226 0.915
30 26 222 0.881
30 27 234 0.901
30 28 222 0.873
30 29 211 0.92
30 30 225 0.885
30 31 226 0.896
30 32 156 0.853
30 33 152 0.924
30 34 205 0.866
30 35 198 0.855
30 36 162 0.861
30 37 203 0.921
30 38 217 0.89
30 39 207 0.943
30 40 189 0.88
30 41 199 0.867
30 42 221 0.895
30 43 209 0.911
30 44 228 0.853
30 45 284 0.815
30 46 276 0.821
30 47 344 0.872
30 48 656 0.859
31 1 431 0.762
31 2 433 0.874
31 3 369 0.89
31 4 329 0.796
31 5 342 0.872
31 6 322 0.892
31 7 316 0.846
31 8 345 0.874
31 9 372 0.903
31 10 371 0.816
31 11 354 0.854
31 12 290 0.885
31 13 355 0.864
31 14 248 0.892
31 15 231 0.928
31 16 303 0.908
31 17 276 0.8
31 18 296 0.864
31 19 260 0.836
31 20 251 0.878
31 21 275 0.877
31 22 260 0.845
31 23 264 0.898
31 24 277 0.83
31 25 262 0.858
31 26 228 0.8
31 27 298 0.877
31 28 288 0.847
31 29 284 0.889
31 30 252 0.81
31 31 273 0.797
31 32 191 0.89
31 33 267 0.875
31 34 265 0.868
31 35 268 0.864
31 36 235 0.887
31 37 245 0.891
31 38 269 0.827
31 39 257 0.899
31 40 291 0.787
31 41 258 0.885
31 42 284 0.857
31 43 273 0.827
31 44 316 0.834
31 45 261 0.895
31 46 373 0.871
31 47 396 0.879
31 48 626 0.873
32 1 595 0.866
32 2 543 0.759
32 3 492 0.774
32 4 345 0.874
32 5 481 0.865
32 6 411 0.898
32 7 254 0.857
32 8 387 0.859
32 9 374 0.841
32 10 450 0.869
32 11 445 0.721
32 12 354 0.762
32 13 486 0.824
32 14 51 0.921
32 15 422 0.813
32 16 407 0.832
32 17 387 0.864
32 18 360 0.871
32 19 403 0.88
32 20 356 0.839
32 21 365 0.925
32 22 386 0.876
32 23 400 0.861
32 24 408 0.87
32 25 382 0.723
32 26 412 0.892
32 27 328 0.915
32 28 344 0.806
32 29 405 0.81
32 30 407 0.876
32 31 408 0.905
32 32 402 0.823
32 33 455 0.83
32 34 404 0.831
32 35 430 0.791
32 36 480 0.832
32 37 397 0.841
32 38 413 0.839
32 39 452 0.813
32 40 473 0.841
32 41 470 0.822
32 42 380 0.856
32 43 389 0.923
32 44 421 0.842
32 45 407 0.895
32 46 470 0.877
32 47 357 0.875
32 48 443 0.868
