row  column  size-1  circ-1
1 1 621 0.904
1 2 530 0.887
1 3 493 0.864
1 4 414 0.864
1 5 451 0.792
1 6 464 0.836
1 7 404 0.875
1 8 392 0.833
1 9 343 0.896
1 10 376 0.907
1 11 372 0.831
1 12 393 0.84
1 13 339 0.801
1 14 333 0.879
1 15 324 0.861
1 16 347 0.907
1 17 396 0.847
1 18 390 0.896
1 19 382 0.848
1 20 375 0.845
1 21 375 0.884
1 22 369 0.864
1 23 370 0.907
1 24 372 0.844
1 25 433 0.836
1 26 397 0.74
1 27 355 0.891
1 28 421 0.868
1 29 426 0.854
1 30 417 0.778
1 31 384 0.891
1 32 361 0.819
1 33 613 0.78
1 34 613 0.826
1 35 389 0.869
1 36 371 0.869
1 37 466 0.824
1 38 372 0.871
1 39 460 0.786
1 40 405 0.847
1 41 553 0.826
1 42 580 0.787
1 43 525 0.813
1 44 560 0.769
1 45 560 0.707
1 46 634 0.653
1 47 649 0.759
1 48 704 0.895
2 1 469 0.852
2 2 365 0.869
2 3 300 0.76
2 4 313 0.882
2 5 262 0.875
2 6 265 0.861
2 7 204 0.889
2 8 218 0.85
2 9 258 0.854
2 10 256 0.895
2 11 252 0.874
2 12 258 0.814
2 13 265 0.794
2 14 268 0.888
2 15 256 0.913
2 16 269 0.842
2 17 261 0.895
2 18 276 0.864
2 19 217 0.79
2 20 264 0.836
2 21 267 0.898
2 22 260 0.845
2 23 279 0.795
2 24 292 0.745
2 25 276 0.836
2 26 270 0.758
2 27 241 0.82
2 28 214 0.913
2 29 259 0.826
2 30 257 0.74
2 31 258 0.902
2 32 287 0.829
2 33 196 0.804
2 34 213 0.855
2 35 246 0.87
2 36 272 0.852
2 37 279 0.845
2 38 309 0.829
2 39 39 0.786
2 40 327 0.73
2 41 317 0.863
2 42 316 0.86
2 43 282 0.781
2 44 351 0.86
2 45 357 0.685
2 46 354 0.68
2 47 521 0.804
2 48 608 0.74
3 1 197 0.851
3 2 142 0.854
3 3 284 0.836
3 4 230 0.672
3 5 218 0.85
3 6 186 0.756
3 7 213 0.831
3 8 212 0.869
3 9 216 0.875
3 10 180 0.777
3 11 227 0.893
3 12 186 0.803
3 13 188 0.837
3 14 207 0.922
3 15 205 0.893
3 16 144 0.867
3 17 211 0.746
3 18 211 0.884
3 19 187 0.908
3 20 211 0.908
3 21 0 0.0
3 22 0 0.0
3 23 216 0.842
3 24 218 0.793
3 25 75 0.786
3 26 92 0.862
3 27 239 0.813
3 28 229 0.817
3 29 240 0.925
3 30 218 0.85
3 31 230 0.814
3 32 238 0.816
3 33 226 0.816
3 34 227 0.819
3 35 233 0.872
3 36 249 0.841
3 37 231 0.916
3 38 264 0.851
3 39 287 0.789
3 40 251 0.921
3 41 296 0.834
3 42 268 0.785
3 43 254 0.841
3 44 277 0.795
3 45 367 0.838
3 46 343 0.811
3 47 381 0.778
3 48 489 0.825
4 1 417 0.884
4 2 330 0.856
4 3 256 0.871
4 4 253 0.822
4 5 195 0.817
4 6 196 0.846
4 7 220 0.848
4 8 223 0.888
4 9 212 0.859
4 10 169 0.84
4 11 207 0.856
4 12 180 0.886
4 13 197 0.897
4 14 189 0.939
4 15 201 0.752
4 16 192 0.84
4 17 165 0.889
4 18 180 0.874
4 19 192 0.874
4 20 160 0.854
4 21 180 0.754
4 22 169 0.86
4 23 183 0.852
4 24 299 0.776
4 25 162 0.824
4 26 162 0.762
4 27 210 0.809
4 28 219 0.803
4 29 203 0.893
4 30 201 0.784
4 31 168 0.783
4 32 199 0.895
4 33 216 0.842
4 34 218 0.902
4 35 198 0.819
4 36 200 0.872
4 37 237 0.887
4 38 231 0.872
4 39 266 0.871
4 40 251 0.895
4 41 233 0.848
4 42 233 0.808
4 43 245 0.834
4 44 255 0.801
4 45 401 0.781
4 46 465 0.799
4 47 383 0.869
4 48 543 0.746
5 1 429 0.823
5 2 297 0.852
5 3 244 0.885
5 4 216 0.875
5 5 195 0.824
5 6 186 0.924
5 7 215 0.871
5 8 191 0.886
5 9 202 0.88
5 10 176 0.835
5 11 191 0.878
5 12 190 0.846
5 13 168 0.846
5 14 169 0.889
5 15 169 0.889
5 16 192 0.837
5 17 183 0.798
5 18 202 0.95
5 19 191 0.767
5 20 192 0.883
5 21 171 0.87
5 22 186 0.883
5 23 217 0.871
5 24 165 0.889
5 25 179 0.853
5 26 146 0.753
5 27 198 0.91
5 28 197 0.897
5 29 145 0.873
5 30 199 0.886
5 31 195 0.896
5 32 200 0.899
5 33 213 0.804
5 34 213 0.8
5 35 227 0.766
5 36 223 0.877
5 37 198 0.837
5 38 234 0.866
5 39 221 0.887
5 40 249 0.857
5 41 237 0.806
5 42 284 0.873
5 43 209 0.832
5 44 258 0.781
5 45 278 0.778
5 46 323 0.813
5 47 405 0.81
5 48 522 0.678
6 1 385 0.798
6 2 292 0.897
6 3 234 0.858
6 4 221 0.811
6 5 231 0.824
6 6 188 0.845
6 7 182 0.769
6 8 211 0.865
6 9 198 0.882
6 10 192 0.924
6 11 191 0.907
6 12 174 0.885
6 13 190 0.902
6 14 173 0.88
6 15 179 0.89
6 16 182 0.856
6 17 175 0.815
6 18 192 0.794
6 19 182 0.875
6 20 203 0.866
6 21 194 0.747
6 22 192 0.932
6 23 187 0.888
6 24 166 0.845
6 25 182 0.829
6 26 204 0.909
6 27 194 0.845
6 28 178 0.864
6 29 207 0.891
6 30 190 0.828
6 31 198 0.882
6 32 203 0.798
6 33 129 0.695
6 34 143 0.728
6 35 220 0.865
6 36 231 0.865
6 37 198 0.863
6 38 236 0.764
6 39 222 0.792
6 40 236 0.883
6 41 215 0.761
6 42 251 0.831
6 43 249 0.895
6 44 300 0.837
6 45 254 0.781
6 46 186 0.866
6 47 383 0.746
6 48 573 0.764
7 1 233 0.865
7 2 87 0.755
7 3 242 0.898
7 4 200 0.796
7 5 179 0.815
7 6 184 0.865
7 7 167 0.858
7 8 187 0.899
7 9 235 0.88
7 10 195 0.869
7 11 170 0.886
7 12 168 0.783
7 13 190 0.914
7 14 0 0.0
7 15 191 0.898
7 16 191 0.878
7 17 203 0.825
7 18 165 0.911
7 19 163 0.858
7 20 220 0.891
7 21 194 0.933
7 22 169 0.88
7 23 173 0.88
7 24 193 0.816
7 25 190 0.893
7 26 180 0.866
7 27 184 0.857
7 28 141 0.848
7 29 192 0.855
7 30 198 0.91
7 31 192 0.787
7 32 211 0.799
7 33 178 0.856
7 34 194 0.921
7 35 198 0.855
7 36 220 0.858
7 37 208 0.795
7 38 232 0.834
7 39 211 0.732
7 40 197 0.815
7 41 227 0.843
7 42 248 0.821
7 43 236 0.898
7 44 212 0.81
7 45 288 0.792
7 46 366 0.692
7 47 399 0.761
7 48 539 0.659
8 1 416 0.799
8 2 235 0.88
8 3 232 0.861
8 4 196 0.881
8 5 201 0.824
8 6 199 0.886
8 7 208 0.879
8 8 177 0.922
8 9 199 0.886
8 10 206 0.918
8 11 211 0.865
8 12 203 0.913
8 13 151 0.886
8 14 197 0.886
8 15 173 0.824
8 16 173 0.88
8 17 183 0.808
8 18 198 0.812
8 19 150 0.903
8 20 170 0.894
8 21 145 0.882
8 22 160 0.854
8 23 192 0.866
8 24 182 0.884
8 25 217 0.871
8 26 202 0.959
8 27 193 0.887
8 28 193 0.782
8 29 224 0.899
8 30 206 0.878
8 31 213 0.863
8 32 177 0.922
8 33 206 0.898
8 34 183 0.88
8 35 201 0.824
8 36 169 0.868
8 37 208 0.898
8 38 246 0.847
8 39 112 0.878
8 40 172 0.816
8 41 225 0.867
8 42 222 0.891
8 43 260 0.838
8 44 234 0.828
8 45 438 0.676
8 46 472 0.692
8 47 401 0.759
8 48 515 0.695
9 1 450 0.749
9 2 311 0.886
9 3 263 0.895
9 4 224 0.838
9 5 214 0.842
9 6 201 0.868
9 7 183 0.889
9 8 174 0.845
9 9 179 0.869
9 10 208 0.871
9 11 168 0.906
9 12 173 0.91
9 13 206 0.898
9 14 197 0.825
9 15 197 0.878
9 16 178 0.829
9 17 157 0.791
9 18 173 0.91
9 19 198 0.902
9 20 177 0.86
9 21 27 0.967
9 22 35 0.947
9 23 205 0.848
9 24 195 0.842
9 25 96 0.765
9 26 202 0.908
9 27 184 0.873
9 28 190 0.846
9 29 177 0.806
9 30 191 0.878
9 31 199 0.886
9 32 190 0.893
9 33 187 0.86
9 34 187 0.825
9 35 206 0.906
9 36 185 0.95
9 37 197 0.851
9 38 208 0.879
9 39 207 0.875
9 40 227 0.843
9 41 226 0.849
9 42 222 0.866
9 43 260 0.875
9 44 254 0.848
9 45 264 0.888
9 46 226 0.684
9 47 296 0.82
9 48 575 0.76
10 1 410 0.833
10 2 276 0.874
10 3 234 0.858
10 4 234 0.876
10 5 213 0.928
10 6 190 0.828
10 7 160 0.871
10 8 178 0.856
10 9 173 0.88
10 10 191 0.919
10 11 200 0.899
10 12 202 0.846
10 13 149 0.887
10 14 174 0.837
10 15 174 0.877
10 16 197 0.843
10 17 204 0.881
10 18 139 0.795
10 19 206 0.669
10 20 222 0.907
10 21 153 0.935
10 22 165 0.934
10 23 172 0.867
10 24 174 0.856
10 25 187 0.871
10 26 177 0.88
10 27 196 0.854
10 28 197 0.859
10 29 192 0.924
10 30 212 0.827
10 31 189 0.88
10 32 218 0.85
10 33 155 0.827
10 34 163 0.784
10 35 204 0.855
10 36 237 0.764
10 37 216 0.857
10 38 198 0.871
10 39 205 0.874
10 40 208 0.906
10 41 227 0.857
10 42 258 0.861
10 43 17 -1.0
10 44 32 0.991
10 45 277 0.77
10 46 311 0.809
10 47 307 0.783
10 48 488 0.667
11 1 317 0.887
11 2 277 0.803
11 3 257 0.917
11 4 238 0.856
11 5 185 0.89
11 6 0 0.0
11 7 201 0.887
11 8 184 0.857
11 9 221 0.844
11 10 174 0.916
11 11 164 0.884
11 12 123 0.874
11 13 184 0.885
11 14 205 0.913
11 15 195 0.896
11 16 165 0.86
11 17 186 0.875
11 18 201 0.832
11 19 171 0.922
11 20 228 0.878
11 21 0 0.0
11 22 0 0.0
11 23 221 0.869
11 24 185 0.95
11 25 185 0.919
11 26 177 0.871
11 27 0 0.0
11 28 179 0.853
11 29 193 0.937
11 30 222 0.899
11 31 178 0.752
11 32 181 0.9
11 33 204 0.862
11 34 183 0.88
11 35 179 0.89
11 36 200 0.891
11 37 205 0.893
11 38 199 0.906
11 39 216 0.842
11 40 224 0.899
11 41 96 0.834
11 42 130 0.962
11 43 234 0.894
11 44 245 0.796
11 45 279 0.714
11 46 260 0.817
11 47 382 0.567
11 48 447 0.773
12 1 362 0.781
12 2 278 0.903
12 3 225 0.877
12 4 191 0.851
12 5 212 0.803
12 6 180 0.858
12 7 192 0.874
12 8 202 0.794
12 9 192 0.915
12 10 229 0.794
12 11 192 0.819
12 12 196 0.828
12 13 187 0.899
12 14 197 0.897
12 15 185 0.832
12 16 175 0.903
12 17 188 0.837
12 18 189 0.869
12 19 227 0.885
12 20 171 0.891
12 21 212 0.827
12 22 183 0.889
12 23 184 0.906
12 24 200 0.81
12 25 106 0.893
12 26 109 0.918
12 27 181 0.832
12 28 198 0.91
12 29 199 0.867
12 30 176 0.847
12 31 179 0.773
12 32 200 0.899
12 33 223 0.903
12 34 204 0.855
12 35 183 0.909
12 36 194 0.856
12 37 204 0.844
12 38 233 0.88
12 39 174 0.837
12 40 172 0.936
12 41 228 0.846
12 42 226 0.846
12 43 236 0.866
12 44 273 0.871
12 45 282 0.851
12 46 463 0.644
12 47 355 0.706
12 48 492 0.782
13 1 334 0.8
13 2 252 0.881
13 3 210 0.896
13 4 223 0.903
13 5 160 0.834
13 6 172 0.896
13 7 213 0.855
13 8 193 0.907
13 9 209 0.903
13 10 197 0.833
13 11 193 0.907
13 12 211 0.892
13 13 11 0.976
13 14 0 0.0
13 15 220 0.91
13 16 192 0.924
13 17 170 0.886
13 18 201 0.74
13 19 191 0.84
13 20 186 0.866
13 21 0 0.0
13 22 0 0.0
13 23 201 0.895
13 24 190 0.839
13 25 49 0.885
13 26 35 0.897
13 27 203 0.808
13 28 209 0.891
13 29 199 0.886
13 30 194 0.779
13 31 205 0.885
13 32 151 0.886
13 33 207 0.902
13 34 192 0.924
13 35 203 0.855
13 36 202 0.872
13 37 194 0.892
13 38 202 0.88
13 39 34 0.941
13 40 27 0.943
13 41 230 0.854
13 42 228 0.853
13 43 216 0.921
13 44 272 0.775
13 45 231 0.898
13 46 291 0.823
13 47 277 0.697
13 48 466 0.806
14 1 379 0.902
14 2 225 0.842
14 3 222 0.831
14 4 179 0.911
14 5 222 0.801
14 6 171 0.85
14 7 185 0.898
14 8 180 0.895
14 9 178 0.876
14 10 190 0.857
14 11 168 0.846
14 12 205 0.841
14 13 168 0.906
14 14 177 0.954
14 15 159 0.878
14 16 180 0.846
14 17 178 0.811
14 18 145 0.939
14 19 185 0.911
14 20 167 0.891
14 21 209 0.815
14 22 183 0.86
14 23 220 0.891
14 24 201 0.876
14 25 198 0.882
14 26 205 0.893
14 27 167 0.796
14 28 194 0.838
14 29 185 0.832
14 30 202 0.9
14 31 159 0.9
14 32 154 0.903
14 33 186 0.866
14 34 198 0.863
14 35 199 0.886
14 36 208 0.906
14 37 133 0.875
14 38 209 0.857
14 39 225 0.852
14 40 245 0.925
14 41 228 0.836
14 42 252 0.864
14 43 26 0.908
14 44 36 0.996
14 45 249 0.885
14 46 247 0.881
14 47 279 0.762
14 48 394 0.545
15 1 208 0.898
15 2 298 0.743
15 3 235 0.848
15 4 247 0.899
15 5 192 0.855
15 6 195 0.861
15 7 173 0.771
15 8 198 0.863
15 9 173 0.88
15 10 184 0.885
15 11 177 0.832
15 12 160 0.854
15 13 203 0.808
15 14 182 0.848
15 15 188 0.884
15 16 189 0.809
15 17 162 0.904
15 18 173 0.88
15 19 185 0.862
15 20 201 0.85
15 21 0 0.0
15 22 0 0.0
15 23 173 0.852
15 24 194 0.892
15 25 185 0.775
15 26 191 0.825
15 27 188 0.904
15 28 180 0.846
15 29 174 0.659
15 30 210 0.843
15 31 181 0.921
15 32 198 0.863
15 33 126 0.838
15 34 205 0.816
15 35 170 0.886
15 36 204 0.889
15 37 194 0.813
15 38 203 0.904
15 39 227 0.919
15 40 223 0.835
15 41 213 0.9
15 42 212 0.81
15 43 246 0.821
15 44 257 0.858
15 45 259 0.784
15 46 270 0.817
15 47 367 0.838
15 48 507 0.842
16 1 345 0.84
16 2 239 0.836
16 3 199 0.915
16 4 221 0.844
16 5 202 0.9
16 6 194 0.872
16 7 215 0.871
16 8 183 0.86
16 9 226 0.846
16 10 196 0.854
16 11 174 0.8
16 12 176 0.847
16 13 185 0.881
16 14 186 0.855
16 15 182 0.848
16 16 190 0.902
16 17 183 0.88
16 18 173 0.88
16 19 172 0.801
16 20 212 0.904
16 21 196 0.854
16 22 194 0.892
16 23 196 0.811
16 24 181 0.9
16 25 210 0.743
16 26 257 0.875
16 27 208 0.879
16 28 187 0.833
16 29 181 0.921
16 30 171 0.879
16 31 200 0.872
16 32 215 0.838
16 33 203 0.885
16 34 193 0.86
16 35 209 0.728
16 36 193 0.879
16 37 196 0.854
16 38 214 0.885
16 39 162 0.904
16 40 178 0.927
16 41 222 0.848
16 42 216 0.875
16 43 224 0.856
16 44 244 0.847
16 45 233 0.831
16 46 268 0.702
16 47 323 0.751
16 48 484 0.697
17 1 338 0.837
17 2 272 0.915
17 3 279 0.9
17 4 170 0.865
17 5 211 0.858
17 6 170 0.865
17 7 247 0.864
17 8 231 0.89
17 9 191 0.851
17 10 219 0.879
17 11 182 0.875
17 12 186 0.847
17 13 149 0.906
17 14 139 0.901
17 15 200 0.864
17 16 210 0.888
17 17 188 0.819
17 18 179 0.881
17 19 177 0.824
17 20 199 0.859
17 21 218 0.84
17 22 205 0.816
17 23 179 0.815
17 24 198 0.765
17 25 0 0.0
17 26 0 0.0
17 27 179 0.759
17 28 189 0.889
17 29 83 0.98
17 30 106 0.932
17 31 219 0.806
17 32 189 0.909
17 33 202 0.861
17 34 201 0.817
17 35 165 0.735
17 36 208 0.935
17 37 213 0.855
17 38 212 0.834
17 39 197 0.878
17 40 201 0.85
17 41 213 0.92
17 42 240 0.801
17 43 244 0.895
17 44 251 0.825
17 45 252 0.841
17 46 253 0.786
17 47 328 0.719
17 48 472 0.781
18 1 412 0.764
18 2 246 0.853
18 3 166 0.865
18 4 161 0.886
18 5 198 0.882
18 6 184 0.865
18 7 194 0.845
18 8 201 0.915
18 9 186 0.875
18 10 166 0.95
18 11 195 0.869
18 12 216 0.894
18 13 199 0.878
18 14 204 0.889
18 15 191 0.89
18 16 162 0.904
18 17 174 0.818
18 18 176 0.926
18 19 198 0.874
18 20 166 0.895
18 21 192 0.903
18 22 183 0.889
18 23 184 0.885
18 24 186 0.821
18 25 202 0.861
18 26 208 0.861
18 27 165 0.86
18 28 189 0.889
18 29 194 0.845
18 30 159 0.866
18 31 195 0.85
18 32 206 0.834
18 33 188 0.837
18 34 195 0.869
18 35 194 0.789
18 36 217 0.829
18 37 189 0.88
18 38 207 0.902
18 39 225 0.796
18 40 211 0.881
18 41 218 0.809
18 42 218 0.883
18 43 211 0.855
18 44 213 0.892
18 45 243 0.86
18 46 255 0.845
18 47 302 0.873
18 48 458 0.835
19 1 349 0.856
19 2 264 0.888
19 3 189 0.889
19 4 220 0.865
19 5 206 0.871
19 6 216 0.933
19 7 190 0.873
19 8 194 0.892
19 9 167 0.87
19 10 203 0.925
19 11 187 0.871
19 12 200 0.856
19 13 0 0.0
19 14 0 0.0
19 15 183 0.808
19 16 205 0.859
19 17 154 0.851
19 18 130 0.865
19 19 176 0.895
19 20 194 0.72
19 21 190 0.902
19 22 171 0.755
19 23 185 0.89
19 24 206 0.81
19 25 196 0.873
19 26 180 0.866
19 27 160 0.806
19 28 186 0.803
19 29 199 0.886
19 30 209 0.839
19 31 202 0.811
19 32 190 0.902
19 33 202 0.88
19 34 184 0.923
19 35 199 0.895
19 36 210 0.869
19 37 209 0.857
19 38 154 0.903
19 39 201 0.895
19 40 232 0.894
19 41 32 0.991
19 42 91 0.922
19 43 241 0.87
19 44 245 0.831
19 45 244 0.84
19 46 258 0.832
19 47 301 0.836
19 48 480 0.805
20 1 336 0.86
20 2 245 0.747
20 3 219 0.79
20 4 233 0.848
20 5 217 0.906
20 6 0 0.0
20 7 219 0.854
20 8 182 0.848
20 9 169 0.821
20 10 179 0.815
20 11 197 0.878
20 12 201 0.904
20 13 203 0.913
20 14 226 0.763
20 15 214 0.885
20 16 169 0.889
20 17 160 0.834
20 18 207 0.768
20 19 176 0.866
20 20 187 0.844
20 21 180 0.846
20 22 156 0.813
20 23 197 0.906
20 24 189 0.88
20 25 200 0.899
20 26 151 0.877
20 27 193 0.791
20 28 207 0.875
20 29 194 0.872
20 30 201 0.887
20 31 172 0.875
20 32 182 0.896
20 33 209 0.847
20 34 198 0.902
20 35 198 0.863
20 36 183 0.88
20 37 207 0.891
20 38 188 0.864
20 39 206 0.827
20 40 217 0.925
20 41 198 0.844
20 42 206 0.852
20 43 230 0.876
20 44 244 0.888
20 45 271 0.791
20 46 258 0.767
20 47 334 0.65
20 48 458 0.826
21 1 353 0.803
21 2 258 0.861
21 3 257 0.943
21 4 239 0.895
21 5 213 0.831
21 6 189 0.722
21 7 214 0.878
21 8 210 0.896
21 9 192 0.903
21 10 163 0.91
21 11 201 0.904
21 12 193 0.852
21 13 182 0.875
21 14 193 0.907
21 15 148 0.877
21 16 187 0.86
21 17 175 0.842
21 18 171 0.842
21 19 177 0.901
21 20 190 0.902
21 21 186 0.903
21 22 171 0.842
21 23 175 0.882
21 24 172 0.896
21 25 153 0.837
21 26 141 0.949
21 27 199 0.799
21 28 183 0.94
21 29 204 0.855
21 30 142 0.812
21 31 176 0.855
21 32 180 0.866
21 33 204 0.881
21 34 194 0.813
21 35 198 0.91
21 36 186 0.839
21 37 217 0.871
21 38 195 0.858
21 39 176 0.82
21 40 185 0.919
21 41 206 0.89
21 42 217 0.679
21 43 222 0.91
21 44 265 0.832
21 45 263 0.788
21 46 289 0.817
21 47 341 0.718
21 48 480 0.784
22 1 341 0.906
22 2 272 0.868
22 3 254 0.864
22 4 246 0.821
22 5 229 0.901
22 6 193 0.907
22 7 211 0.865
22 8 174 0.894
22 9 171 0.879
22 10 200 0.872
22 11 183 0.909
22 12 191 0.919
22 13 195 0.908
22 14 199 0.878
22 15 154 0.83
22 16 168 0.884
22 17 167 0.932
22 18 168 0.906
22 19 188 0.864
22 20 198 0.829
22 21 199 0.867
22 22 182 0.829
22 23 193 0.879
22 24 191 0.928
22 25 160 0.834
22 26 183 0.808
22 27 178 0.906
22 28 204 0.862
22 29 62 0.771
22 30 145 0.915
22 31 134 0.927
22 32 203 0.877
22 33 200 0.856
22 34 197 0.878
22 35 205 0.816
22 36 211 0.768
22 37 193 0.86
22 38 204 0.859
22 39 209 0.839
22 40 214 0.867
22 41 225 0.885
22 42 224 0.873
22 43 235 0.845
22 44 215 0.846
22 45 258 0.681
22 46 301 0.836
22 47 341 0.885
22 48 534 0.829
23 1 389 0.863
23 2 284 0.889
23 3 280 0.739
23 4 238 0.909
23 5 197 0.897
23 6 228 0.897
23 7 196 0.901
23 8 189 0.918
23 9 204 0.909
23 10 181 0.871
23 11 171 0.9
23 12 185 0.775
23 13 178 0.927
23 14 187 0.871
23 15 201 0.895
23 16 171 0.87
23 17 217 0.846
23 18 164 0.757
23 19 182 0.803
23 20 204 0.819
23 21 202 0.929
23 22 186 0.779
23 23 155 0.865
23 24 194 0.864
23 25 185 0.911
23 26 206 0.898
23 27 200 0.813
23 28 190 0.828
23 29 185 0.89
23 30 195 0.776
23 31 168 0.808
23 32 171 0.9
23 33 189 0.869
23 34 171 0.85
23 35 253 0.861
23 36 201 0.85
23 37 176 0.895
23 38 197 0.886
23 39 217 0.879
23 40 232 0.821
23 41 69 0.904
23 42 107 0.901
23 43 237 0.806
23 44 245 0.857
23 45 261 0.811
23 46 326 0.65
23 47 314 0.584
23 48 542 0.771
24 1 507 0.704
24 2 299 0.802
24 3 251 0.861
24 4 234 0.858
24 5 205 0.841
24 6 203 0.885
24 7 208 0.871
24 8 206 0.82
24 9 172 0.905
24 10 166 0.873
24 11 176 0.926
24 12 176 0.875
24 13 194 0.912
24 14 182 0.8
24 15 147 0.952
24 16 187 0.908
24 17 170 0.916
24 18 161 0.88
24 19 185 0.843
24 20 177 0.806
24 21 158 0.86
24 22 165 0.877
24 23 175 0.85
24 24 160 0.862
24 25 174 0.894
24 26 170 0.873
24 27 190 0.772
24 28 195 0.842
24 29 206 0.86
24 30 214 0.878
24 31 182 0.786
24 32 170 0.916
24 33 196 0.811
24 34 192 0.863
24 35 203 0.858
24 36 170 0.916
24 37 201 0.895
24 38 199 0.859
24 39 207 0.875
24 40 187 0.723
24 41 239 0.829
24 42 286 0.806
24 43 246 0.874
24 44 240 0.76
24 45 296 0.814
24 46 291 0.841
24 47 348 0.802
24 48 536 0.794
25 1 434 0.805
25 2 283 0.754
25 3 233 0.815
25 4 228 0.871
25 5 238 0.826
25 6 213 0.9
25 7 193 0.879
25 8 226 0.846
25 9 177 0.888
25 10 180 0.838
25 11 150 0.936
25 12 152 0.861
25 13 204 0.909
25 14 190 0.944
25 15 184 0.885
25 16 185 0.89
25 17 186 0.829
25 18 183 0.909
25 19 182 0.875
25 20 210 0.861
25 21 181 0.832
25 22 193 0.871
25 23 192 0.863
25 24 184 0.795
25 25 202 0.908
25 26 197 0.843
25 27 199 0.915
25 28 207 0.824
25 29 214 0.885
25 30 207 0.856
25 31 163 0.802
25 32 227 0.833
25 33 194 0.892
25 34 191 0.862
25 35 193 0.887
25 36 210 0.88
25 37 206 0.82
25 38 205 0.859
25 39 201 0.731
25 40 210 0.836
25 41 224 0.762
25 42 230 0.827
25 43 263 0.839
25 44 257 0.858
25 45 284 0.823
25 46 307 0.625
25 47 417 0.727
25 48 528 0.761
26 1 476 0.868
26 2 306 0.917
26 3 249 0.888
26 4 225 0.904
26 5 237 0.895
26 6 211 0.855
26 7 208 0.861
26 8 199 0.878
26 9 195 0.853
26 10 212 0.896
26 11 191 0.907
26 12 187 0.929
26 13 207 0.894
26 14 198 0.812
26 15 218 0.85
26 16 195 0.917
26 17 189 0.842
26 18 186 0.895
26 19 193 0.92
26 20 164 0.834
26 21 205 0.856
26 22 196 0.854
26 23 198 0.714
26 24 158 0.86
26 25 209 0.876
26 26 226 0.853
26 27 185 0.85
26 28 222 0.831
26 29 58 0.889
26 30 66 0.913
26 31 227 0.893
26 32 213 0.881
26 33 188 0.904
26 34 196 0.901
26 35 198 0.844
26 36 183 0.798
26 37 202 0.9
26 38 196 0.811
26 39 214 0.933
26 40 232 0.876
26 41 216 0.818
26 42 232 0.851
26 43 265 0.808
26 44 248 0.821
26 45 274 0.881
26 46 354 0.694
26 47 205 0.63
26 48 156 0.786
27 1 422 0.837
27 2 331 0.825
27 3 256 0.816
27 4 240 0.88
27 5 237 0.77
27 6 224 0.927
27 7 205 0.841
27 8 207 0.883
27 9 229 0.901
27 10 203 0.85
27 11 139 0.868
27 12 144 0.923
27 13 210 0.888
27 14 187 0.942
27 15 196 0.893
27 16 179 0.85
27 17 155 0.8
27 18 174 0.829
27 19 196 0.865
27 20 205 0.848
27 21 212 0.8
27 22 218 0.708
27 23 207 0.886
27 24 182 0.884
27 25 188 0.913
27 26 197 0.833
27 27 178 0.837
27 28 190 0.735
27 29 217 0.812
27 30 248 0.815
27 31 199 0.867
27 32 192 0.903
27 33 213 0.855
27 34 191 0.89
27 35 184 0.764
27 36 180 0.838
27 37 228 0.853
27 38 198 0.844
27 39 208 0.846
27 40 217 0.829
27 41 206 0.827
27 42 205 0.698
27 43 224 0.889
27 44 244 0.847
27 45 262 0.875
27 46 376 0.627
27 47 464 0.757
27 48 486 0.713
28 1 441 0.823
28 2 338 0.75
28 3 269 0.898
28 4 268 0.895
28 5 229 0.857
28 6 222 0.808
28 7 242 0.906
28 8 199 0.806
28 9 206 0.89
28 10 166 0.798
28 11 207 0.883
28 12 219 0.844
28 13 210 0.826
28 14 202 0.765
28 15 203 0.904
28 16 209 0.857
28 17 182 0.662
28 18 185 0.843
28 19 222 0.855
28 20 198 0.735
28 21 183 0.833
28 22 199 0.754
28 23 207 0.867
28 24 201 0.824
28 25 228 0.846
28 26 199 0.841
28 27 197 0.878
28 28 197 0.801
28 29 199 0.886
28 30 232 0.894
28 31 151 0.806
28 32 230 0.886
28 33 285 0.724
28 34 228 0.861
28 35 221 0.869
28 36 201 0.842
28 37 234 0.803
28 38 166 0.865
28 39 232 0.886
28 40 246 0.902
28 41 256 0.832
28 42 230 0.814
28 43 268 0.855
28 44 275 0.845
28 45 301 0.864
28 46 359 0.833
28 47 407 0.673
28 48 547 0.778
29 1 196 0.749
29 2 210 0.907
29 3 306 0.842
29 4 205 0.885
29 5 235 0.838
29 6 245 0.874
29 7 223 0.903
29 8 240 0.839
29 9 214 0.842
29 10 233 0.898
29 11 217 0.765
29 12 229 0.885
29 13 182 0.821
29 14 170 0.886
29 15 217 0.799
29 16 204 0.897
29 17 200 0.919
29 18 226 0.889
29 19 212 0.877
29 20 218 0.868
29 21 257 0.935
29 22 212 0.859
29 23 243 0.805
29 24 213 0.889
29 25 222 0.855
29 26 204 0.802
29 27 211 0.855
29 28 212 0.702
29 29 249 0.847
29 30 230 0.879
29 31 233 0.898
29 32 213 0.874
29 33 251 0.854
29 34 257 0.813
29 35 237 0.845
29 36 225 0.842
29 37 245 0.805
29 38 243 0.867
29 39 256 0.767
29 40 267 0.78
29 41 277 0.845
29 42 213 0.823
29 43 266 0.842
29 44 299 0.776
29 45 285 0.818
29 46 375 0.845
29 47 190 0.81
29 48 265 0.774
30 1 505 0.824
30 2 364 0.844
30 3 330 0.914
30 4 286 0.872
30 5 274 0.89
30 6 248 0.785
30 7 255 0.875
30 8 242 0.863
30 9 233 0.883
30 10 249 0.825
30 11 263 0.902
30 12 212 0.851
30 13 298 0.855
30 14 257 0.784
30 15 247 0.847
30 16 253 0.772
30 17 237 0.895
30 18 223 0.877
30 19 242 0.856
30 20 254 0.819
30 21 253 0.772
30 22 241 0.867
30 23 197 0.851
30 24 246 0.895
30 25 233 0.831
30 26 236 0.866
30 27 239 0.852
30 28 264 0.799
30 29 189 0.939
30 30 196 0.909
30 31 266 0.833
30 32 265 0.861
30 33 280 0.832
30 34 209 0.911
30 35 272 0.794
30 36 228 0.846
30 37 258 0.817
30 38 250 0.858
30 39 279 0.815
30 40 287 0.922
30 41 260 0.852
30 42 281 0.792
30 43 245 0.881
30 44 338 0.738
30 45 348 0.784
30 46 433 0.787
30 47 371 0.776
30 48 530 0.842
31 1 434 0.85
31 2 399 0.872
31 3 376 0.895
31 4 363 0.856
31 5 346 0.756
31 6 331 0.88
31 7 267 0.891
31 8 300 0.825
31 9 295 0.826
31 10 284 0.851
31 11 279 0.89
31 12 292 0.853
31 13 13 0.956
31 14 14 0.88
31 15 278 0.903
31 16 276 0.857
31 17 336 0.792
31 18 316 0.793
31 19 303 0.854
31 20 287 0.853
31 21 307 0.76
31 22 295 0.832
31 23 296 0.877
31 24 342 0.866
31 25 299 0.837
31 26 284 0.851
31 27 294 0.837
31 28 308 0.899
31 29 297 0.906
31 30 312 0.837
31 31 288 0.885
31 32 295 0.877
31 33 259 0.888
31 34 314 0.892
31 35 316 0.82
31 36 329 0.693
31 37 331 0.88
31 38 331 0.798
31 39 313 0.834
31 40 290 0.792
31 41 326 0.887
31 42 360 0.83
31 43 349 0.842
31 44 283 0.857
31 45 355 0.831
31 46 441 0.724
31 47 457 0.696
31 48 536 0.79
32 1 616 0.87
32 2 566 0.791
32 3 535 0.818
32 4 465 0.88
32 5 413 0.87
32 6 440 0.862
32 7 428 0.869
32 8 414 0.828
32 9 428 0.839
32 10 457 0.877
32 11 418 0.886
32 12 402 0.865
32 13 403 0.856
32 14 263 0.885
32 15 401 0.839
32 16 399 0.84
32 17 417 0.878
32 18 321 0.876
32 19 378 0.858
32 20 368 0.867
32 21 387 0.898
32 22 376 0.84
32 23 412 0.837
32 24 387 0.859
32 25 290 0.915
32 26 342 0.881
32 27 421 0.837
32 28 408 0.795
32 29 365 0.792
32 30 430 0.873
32 31 370 0.886
32 32 468 0.834
32 33 405 0.871
32 34 395 0.79
32 35 385 0.873
32 36 408 0.74
32 37 407 0.781
32 38 434 0.793
32 39 478 0.76
32 40 408 0.872
32 41 395 0.863
32 42 438 0.763
32 43 440 0.773
32 44 469 0.887
32 45 515 0.625
32 46 536 0.671
32 47 481 0.623
32 48 629 0.672
