row  column  size-1  circ-1
1 1 584 0.821
1 2 531 0.872
1 3 534 0.865
1 4 398 0.82
1 5 482 0.857
1 6 492 0.885
1 7 450 0.823
1 8 478 0.85
1 9 317 0.916
1 10 491 0.89
1 11 395 0.832
1 12 508 0.926
1 13 335 0.855
1 14 347 0.818
1 15 346 0.851
1 16 407 0.844
1 17 343 0.905
1 18 397 0.867
1 19 315 0.881
1 20 328 0.887
1 21 290 0.922
1 22 296 0.871
1 23 311 0.849
1 24 296 0.91
1 25 484 0.89
1 26 502 0.88
1 27 365 0.895
1 28 528 0.867
1 29 490 0.888
1 30 502 0.887
1 31 315 0.75
1 32 452 0.843
1 33 296 0.927
1 34 303 0.931
1 35 384 0.899
1 36 343 0.89
1 37 354 0.829
1 38 268 0.878
1 39 532 0.846
1 40 254 0.913
1 41 559 0.877
1 42 588 0.915
1 43 384 0.826
1 44 536 0.88
1 45 554 0.869
1 46 636 0.823
1 47 566 0.85
1 48 606 0.867
2 1 479 0.84
2 2 372 0.765
2 3 386 0.868
2 4 349 0.912
2 5 309 0.916
2 6 325 0.878
2 7 188 0.892
2 8 199 0.816
2 9 368 0.865
2 10 384 0.863
2 11 343 0.861
2 12 329 0.868
2 13 274 0.735
2 14 259 0.871
2 15 278 0.848
2 16 390 0.821
2 17 277 0.845
2 18 279 0.845
2 19 236 0.909
2 20 270 0.894
2 21 233 0.872
2 22 221 0.895
2 23 380 0.843
2 24 372 0.555
2 25 257 0.835
2 26 237 0.822
2 27 210 0.869
2 28 219 0.82
2 29 232 0.886
2 30 237 0.877
2 31 256 0.745
2 32 313 0.882
2 33 202 0.836
2 34 253 0.647
2 35 173 0.88
2 36 242 0.895
2 37 330 0.587
2 38 372 0.813
2 39 42 0.906
2 40 219 0.879
2 41 339 0.818
2 42 314 0.834
2 43 292 0.891
2 44 282 0.883
2 45 331 0.733
2 46 338 0.856
2 47 515 0.845
2 48 478 0.884
3 1 170 0.865
3 2 118 0.873
3 3 329 0.86
3 4 310 0.853
3 5 258 0.878
3 6 200 0.872
3 7 289 0.895
3 8 267 0.836
3 9 224 0.907
3 10 213 0.719
3 11 355 0.842
3 12 99 0.887
3 13 292 0.634
3 14 238 0.726
3 15 207 0.824
3 16 159 0.869
3 17 253 0.861
3 18 230 0.879
3 19 249 0.74
3 20 245 0.513
3 21 15 0.317
3 22 16 0.927
3 23 242 0.888
3 24 221 0.773
3 25 136 0.849
3 26 125 0.864
3 27 208 0.795
3 28 206 0.882
3 29 219 0.79
3 30 250 0.882
3 31 240 0.808
3 32 218 0.93
3 33 214 0.842
3 34 204 0.819
3 35 174 0.856
3 36 207 0.856
3 37 223 0.725
3 38 214 0.867
3 39 224 0.822
3 40 158 0.882
3 41 262 0.733
3 42 222 0.735
3 43 195 0.807
3 44 226 0.715
3 45 314 0.864
3 46 293 0.884
3 47 377 0.875
3 48 319 0.893
4 1 426 0.806
4 2 366 0.844
4 3 333 0.885
4 4 245 0.906
4 5 273 0.833
4 6 257 0.835
4 7 304 0.816
4 8 270 0.737
4 9 198 0.855
4 10 216 0.635
4 11 292 0.569
4 12 307 0.616
4 13 186 0.883
4 14 270 0.775
4 15 260 0.785
4 16 179 0.842
4 17 189 0.88
4 18 200 0.919
4 19 192 0.924
4 20 160 0.842
4 21 182 0.905
4 22 198 0.795
4 23 155 0.919
4 24 144 0.899
4 25 151 0.886
4 26 147 0.773
4 27 194 0.83
4 28 200 0.94
4 29 167 0.841
4 30 142 0.864
4 31 129 0.917
4 32 199 0.957
4 33 182 0.84
4 34 166 0.895
4 35 183 0.618
4 36 172 0.638
4 37 174 0.856
4 38 174 0.785
4 39 218 0.558
4 40 196 0.821
4 41 178 0.474
4 42 235 0.565
4 43 148 0.914
4 44 147 0.942
4 45 165 0.526
4 46 247 0.525
4 47 327 0.863
4 48 362 0.881
5 1 482 0.775
5 2 335 0.863
5 3 348 0.834
5 4 274 0.864
5 5 172 0.855
5 6 176 0.866
5 7 195 0.842
5 8 203 0.84
5 9 207 0.838
5 10 180 0.895
5 11 265 0.794
5 12 166 0.865
5 13 143 0.87
5 14 161 0.979
5 15 158 0.852
5 16 185 0.919
5 17 182 0.892
5 18 163 0.9
5 19 195 0.832
5 20 156 0.87
5 21 202 0.872
5 22 165 0.752
5 23 194 0.892
5 24 159 0.857
5 25 135 0.888
5 26 109 0.88
5 27 172 0.867
5 28 179 0.815
5 29 109 0.918
5 30 165 0.868
5 31 155 0.909
5 32 137 0.937
5 33 173 0.901
5 34 117 0.917
5 35 161 0.782
5 36 155 0.865
5 37 118 0.829
5 38 165 0.812
5 39 158 0.75
5 40 190 0.865
5 41 152 0.924
5 42 173 0.852
5 43 167 0.841
5 44 147 0.649
5 45 212 0.896
5 46 256 0.913
5 47 329 0.868
5 48 320 0.902
6 1 407 0.786
6 2 356 0.873
6 3 264 0.865
6 4 240 0.88
6 5 234 0.851
6 6 221 0.844
6 7 172 0.671
6 8 196 0.811
6 9 163 0.821
6 10 156 0.915
6 11 180 0.777
6 12 131 0.906
6 13 160 0.893
6 14 143 0.81
6 15 192 0.855
6 16 163 0.91
6 17 190 0.893
6 18 168 0.863
6 19 196 0.873
6 20 197 0.808
6 21 184 0.865
6 22 177 0.901
6 23 136 0.849
6 24 143 0.83
6 25 204 0.881
6 26 162 0.927
6 27 148 0.838
6 28 149 0.844
6 29 131 0.872
6 30 168 0.915
6 31 146 0.856
6 32 134 0.916
6 33 85 0.949
6 34 76 0.866
6 35 167 0.796
6 36 149 0.776
6 37 119 0.814
6 38 124 0.848
6 39 130 0.865
6 40 170 0.865
6 41 119 0.783
6 42 166 0.865
6 43 178 0.906
6 44 186 0.803
6 45 158 0.882
6 46 86 0.914
6 47 312 0.879
6 48 393 0.897
7 1 175 0.766
7 2 77 0.89
7 3 282 0.867
7 4 256 0.855
7 5 220 0.883
7 6 186 0.895
7 7 196 0.828
7 8 186 0.886
7 9 205 0.885
7 10 194 0.884
7 11 165 0.839
7 12 167 0.879
7 13 143 0.902
7 14 0 0.0
7 15 167 0.9
7 16 187 0.899
7 17 197 0.886
7 18 106 0.932
7 19 148 0.924
7 20 153 0.816
7 21 193 0.916
7 22 119 0.87
7 23 157 0.867
7 24 151 0.864
7 25 170 0.894
7 26 145 0.939
7 27 177 0.771
7 28 141 0.871
7 29 147 0.894
7 30 143 0.851
7 31 137 0.855
7 32 146 0.936
7 33 124 0.907
7 34 143 0.926
7 35 134 0.892
7 36 142 0.864
7 37 142 0.896
7 38 144 0.787
7 39 138 0.762
7 40 129 0.757
7 41 154 0.894
7 42 173 0.86
7 43 113 0.836
7 44 144 0.876
7 45 224 0.846
7 46 247 0.854
7 47 279 0.897
7 48 473 0.846
8 1 465 0.885
8 2 247 0.888
8 3 287 0.844
8 4 202 0.828
8 5 220 0.865
8 6 171 0.913
8 7 195 0.877
8 8 179 0.911
8 9 185 0.881
8 10 187 0.833
8 11 196 0.764
8 12 187 0.808
8 13 152 0.892
8 14 164 0.884
8 15 190 0.923
8 16 183 0.909
8 17 170 0.894
8 18 207 0.864
8 19 135 0.898
8 20 161 0.767
8 21 145 0.929
8 22 140 0.785
8 23 174 0.845
8 24 170 0.886
8 25 166 0.791
8 26 173 0.88
8 27 155 0.887
8 28 163 0.9
8 29 148 0.877
8 30 160 0.854
8 31 148 0.891
8 32 148 0.868
8 33 154 0.903
8 34 117 0.901
8 35 150 0.936
8 36 164 0.938
8 37 151 0.877
8 38 159 0.887
8 39 75 0.899
8 40 107 0.864
8 41 161 0.792
8 42 152 0.731
8 43 187 0.879
8 44 184 0.82
8 45 119 0.572
8 46 223 0.405
8 47 319 0.89
8 48 450 0.851
9 1 454 0.859
9 2 327 0.735
9 3 264 0.871
9 4 223 0.849
9 5 219 0.876
9 6 209 0.911
9 7 202 0.88
9 8 204 0.862
9 9 181 0.851
9 10 178 0.829
9 11 187 0.879
9 12 157 0.88
9 13 199 0.915
9 14 179 0.89
9 15 188 0.904
9 16 173 0.852
9 17 162 0.927
9 18 163 0.858
9 19 162 0.824
9 20 152 0.861
9 21 0 0.0
9 22 12 0.851
9 23 174 0.856
9 24 185 0.89
9 25 89 0.808
9 26 130 0.978
9 27 135 0.852
9 28 156 0.892
9 29 152 0.848
9 30 156 0.841
9 31 157 0.889
9 32 151 0.886
9 33 136 0.827
9 34 129 0.814
9 35 157 0.885
9 36 151 0.726
9 37 159 0.91
9 38 144 0.899
9 39 154 0.851
9 40 177 0.888
9 41 149 0.874
9 42 150 0.858
9 43 194 0.942
9 44 211 0.873
9 45 168 0.884
9 46 140 0.897
9 47 181 0.9
9 48 511 0.871
10 1 367 0.814
10 2 241 0.769
10 3 276 0.88
10 4 238 0.909
10 5 208 0.898
10 6 167 0.879
10 7 197 0.84
10 8 177 0.909
10 9 195 0.85
10 10 199 0.859
10 11 192 0.874
10 12 176 0.895
10 13 152 0.934
10 14 165 0.88
10 15 156 0.915
10 16 178 0.885
10 17 132 0.938
10 18 115 0.876
10 19 201 0.895
10 20 191 0.862
10 21 136 0.905
10 22 143 0.916
10 23 172 0.875
10 24 169 0.898
10 25 154 0.881
10 26 145 0.873
10 27 112 0.737
10 28 148 0.9
10 29 159 0.896
10 30 144 0.776
10 31 123 0.851
10 32 136 0.798
10 33 111 0.835
10 34 104 0.944
10 35 142 0.833
10 36 191 0.751
10 37 150 0.88
10 38 170 0.792
10 39 128 0.714
10 40 130 0.889
10 41 154 0.903
10 42 214 0.859
10 43 23 0.756
10 44 37 0.948
10 45 185 0.843
10 46 255 0.935
10 47 185 0.881
10 48 487 0.871
11 1 320 0.85
11 2 280 0.824
11 3 252 0.858
11 4 223 0.835
11 5 205 0.893
11 6 0 0.0
11 7 218 0.91
11 8 191 0.928
11 9 198 0.902
11 10 170 0.916
11 11 149 0.874
11 12 142 0.91
11 13 179 0.842
11 14 184 0.894
11 15 190 0.865
11 16 171 0.87
11 17 160 0.893
11 18 202 0.861
11 19 124 0.825
11 20 199 0.852
11 21 0 0.0
11 22 0 0.0
11 23 183 0.963
11 24 193 0.816
11 25 166 0.817
11 26 161 0.68
11 27 0 0.0
11 28 160 0.884
11 29 159 0.765
11 30 165 0.898
11 31 139 0.891
11 32 130 0.803
11 33 159 0.9
11 34 159 0.857
11 35 147 0.952
11 36 123 0.874
11 37 136 0.941
11 38 153 0.771
11 39 153 0.76
11 40 138 0.852
11 41 27 0.677
11 42 41 0.948
11 43 173 0.942
11 44 160 0.871
11 45 220 0.883
11 46 178 0.811
11 47 248 0.851
11 48 286 0.835
12 1 528 0.794
12 2 302 0.905
12 3 170 0.865
12 4 227 0.766
12 5 234 0.781
12 6 213 0.76
12 7 207 0.902
12 8 202 0.854
12 9 160 0.893
12 10 202 0.9
12 11 164 0.938
12 12 198 0.931
12 13 173 0.88
12 14 196 0.836
12 15 168 0.884
12 16 175 0.853
12 17 155 0.919
12 18 162 0.904
12 19 180 0.854
12 20 171 0.909
12 21 200 0.82
12 22 173 0.824
12 23 153 0.907
12 24 184 0.894
12 25 83 0.87
12 26 79 0.594
12 27 195 0.888
12 28 161 0.921
12 29 154 0.903
12 30 138 0.918
12 31 153 0.875
12 32 152 0.934
12 33 237 0.852
12 34 161 0.868
12 35 136 0.818
12 36 160 0.842
12 37 162 0.797
12 38 138 0.649
12 39 177 0.851
12 40 151 0.834
12 41 155 0.827
12 42 181 0.806
12 43 167 0.822
12 44 195 0.858
12 45 183 0.86
12 46 144 0.433
12 47 312 0.823
12 48 446 0.849
13 1 317 0.894
13 2 285 0.909
13 3 249 0.878
13 4 227 0.9
13 5 137 0.888
13 6 168 0.855
13 7 169 0.813
13 8 182 0.884
13 9 206 0.909
13 10 185 0.799
13 11 184 0.894
13 12 193 0.887
13 13 0 0.0
13 14 0 0.0
13 15 193 0.887
13 16 160 0.915
13 17 164 0.906
13 18 191 0.832
13 19 166 0.865
13 20 183 0.94
13 21 0 0.0
13 22 0 0.0
13 23 187 0.899
13 24 176 0.767
13 25 41 0.843
13 26 37 0.969
13 27 194 0.864
13 28 153 0.797
13 29 164 0.789
13 30 164 0.807
13 31 186 0.875
13 32 130 0.803
13 33 135 0.934
13 34 151 0.795
13 35 159 0.891
13 36 154 0.83
13 37 148 0.79
13 38 165 0.921
13 39 27 -1.0
13 40 25 -1.0
13 41 167 0.9
13 42 176 0.68
13 43 130 0.924
13 44 196 0.893
13 45 172 0.896
13 46 244 0.895
13 47 175 0.921
13 48 471 0.847
14 1 388 0.906
14 2 289 0.809
14 3 246 0.86
14 4 215 0.897
14 5 213 0.821
14 6 187 0.899
14 7 198 0.902
14 8 183 0.88
14 9 158 0.873
14 10 199 0.895
14 11 160 0.915
14 12 170 0.865
14 13 152 0.861
14 14 160 0.884
14 15 171 0.931
14 16 190 0.914
14 17 141 0.858
14 18 137 0.947
14 19 161 0.847
14 20 170 0.886
14 21 171 0.891
14 22 179 0.92
14 23 177 0.909
14 24 177 0.909
14 25 145 0.782
14 26 174 0.778
14 27 116 0.936
14 28 177 0.799
14 29 124 0.858
14 30 172 0.867
14 31 137 0.912
14 32 131 0.872
14 33 151 0.736
14 34 164 0.826
14 35 144 0.768
14 36 136 0.941
14 37 86 0.98
14 38 162 0.864
14 39 160 0.884
14 40 155 0.856
14 41 149 0.844
14 42 180 0.812
14 43 31 0.838
14 44 23 0.964
14 45 176 0.904
14 46 204 0.708
14 47 226 0.708
14 48 283 0.5
15 1 137 0.888
15 2 354 0.834
15 3 252 0.858
15 4 249 0.903
15 5 188 0.856
15 6 190 0.923
15 7 166 0.95
15 8 157 0.867
15 9 177 0.814
15 10 158 0.927
15 11 171 0.87
15 12 146 0.879
15 13 185 0.843
15 14 162 0.917
15 15 166 0.853
15 16 186 0.883
15 17 164 0.962
15 18 161 0.831
15 19 176 0.895
15 20 192 0.894
15 21 0 0.0
15 22 0 0.0
15 23 204 0.844
15 24 145 0.895
15 25 153 0.931
15 26 184 0.885
15 27 158 0.882
15 28 161 0.931
15 29 153 0.825
15 30 159 0.887
15 31 17 0.985
15 32 29 0.953
15 33 90 0.912
15 34 171 0.815
15 35 116 0.848
15 36 166 0.882
15 37 155 0.827
15 38 145 0.882
15 39 141 0.861
15 40 156 0.915
15 41 152 0.892
15 42 156 0.915
15 43 169 0.813
15 44 169 0.86
15 45 168 0.915
15 46 219 0.813
15 47 236 0.842
15 48 411 0.798
16 1 401 0.901
16 2 274 0.867
16 3 214 0.904
16 4 227 0.919
16 5 191 0.898
16 6 208 0.895
16 7 193 0.928
16 8 201 0.933
16 9 228 0.807
16 10 210 0.907
16 11 165 0.868
16 12 153 0.866
16 13 176 0.895
16 14 179 0.869
16 15 151 0.968
16 16 175 0.921
16 17 153 0.875
16 18 148 0.877
16 19 153 0.816
16 20 191 0.928
16 21 190 0.893
16 22 187 0.899
16 23 182 0.935
16 24 181 0.843
16 25 184 0.914
16 26 211 0.873
16 27 183 0.88
16 28 172 0.875
16 29 149 0.795
16 30 166 0.825
16 31 187 0.899
16 32 169 0.805
16 33 149 0.852
16 34 144 0.933
16 35 145 0.905
16 36 149 0.874
16 37 150 0.922
16 38 142 0.91
16 39 130 0.914
16 40 130 0.935
16 41 167 0.87
16 42 156 0.925
16 43 139 0.845
16 44 161 0.898
16 45 167 0.9
16 46 204 0.575
16 47 249 0.94
16 48 467 0.871
17 1 374 0.873
17 2 287 0.905
17 3 338 0.862
17 4 168 0.835
17 5 270 0.803
17 6 230 0.861
17 7 212 0.904
17 8 208 0.818
17 9 192 0.903
17 10 177 0.851
17 11 168 0.961
17 12 166 0.836
17 13 129 0.836
17 14 101 0.888
17 15 176 0.895
17 16 211 0.865
17 17 183 0.86
17 18 176 0.917
17 19 171 0.87
17 20 167 0.841
17 21 178 0.856
17 22 174 0.885
17 23 126 0.807
17 24 154 0.881
17 25 0 0.0
17 26 0 0.0
17 27 176 0.847
17 28 182 0.905
17 29 65 0.973
17 30 61 0.913
17 31 164 0.928
17 32 170 0.949
17 33 144 0.899
17 34 132 0.949
17 35 114 0.858
17 36 156 0.862
17 37 111 0.768
17 38 128 0.921
17 39 125 0.879
17 40 113 0.85
17 41 137 0.855
17 42 156 0.841
17 43 154 0.913
17 44 164 0.807
17 45 171 0.796
17 46 174 0.714
17 47 269 0.898
17 48 253 0.885
18 1 392 0.867
18 2 296 0.871
18 3 133 0.772
18 4 138 0.904
18 5 238 0.842
18 6 158 0.86
18 7 207 0.875
18 8 177 0.922
18 9 203 0.858
18 10 166 0.806
18 11 185 0.881
18 12 195 0.908
18 13 171 0.87
18 14 199 0.831
18 15 161 0.944
18 16 135 0.898
18 17 170 0.916
18 18 185 0.87
18 19 164 0.834
18 20 164 0.938
18 21 151 0.932
18 22 143 0.926
18 23 143 0.79
18 24 167 0.87
18 25 157 0.826
18 26 154 0.851
18 27 128 0.885
18 28 132 0.913
18 29 142 0.833
18 30 125 0.81
18 31 162 0.844
18 32 148 0.877
18 33 159 0.91
18 34 137 0.804
18 35 144 0.824
18 36 153 0.907
18 37 124 0.892
18 38 139 0.891
18 39 160 0.884
18 40 153 0.907
18 41 148 0.877
18 42 145 0.882
18 43 149 0.883
18 44 149 0.887
18 45 157 0.855
18 46 181 0.912
18 47 286 0.8
18 48 383 0.855
19 1 322 0.824
19 2 255 0.868
19 3 245 0.925
19 4 244 0.83
19 5 171 0.823
19 6 206 0.813
19 7 203 0.858
19 8 165 0.812
19 9 149 0.916
19 10 181 0.843
19 11 162 0.895
19 12 202 0.872
19 13 0 0.0
19 14 0 0.0
19 15 171 0.9
19 16 158 0.882
19 17 126 0.871
19 18 106 0.92
19 19 168 0.783
19 20 175 0.89
19 21 168 0.906
19 22 169 0.967
19 23 141 0.836
19 24 185 0.843
19 25 158 0.927
19 26 143 0.86
19 27 119 0.906
19 28 162 0.904
19 29 145 0.905
19 30 136 0.895
19 31 35 0.897
19 32 23 0.824
19 33 187 0.92
19 34 141 0.871
19 35 141 0.858
19 36 149 0.844
19 37 154 0.903
19 38 66 0.898
19 39 166 0.865
19 40 159 0.828
19 41 0 0.0
19 42 72 0.895
19 43 154 0.881
19 44 160 0.893
19 45 173 0.901
19 46 187 0.744
19 47 233 0.898
19 48 452 0.836
20 1 368 0.854
20 2 246 0.94
20 3 264 0.881
20 4 226 0.943
20 5 231 0.882
20 6 0 0.0
20 7 191 0.907
20 8 178 0.821
20 9 199 0.944
20 10 187 0.852
20 11 193 0.879
20 12 173 0.88
20 13 210 0.915
20 14 205 0.838
20 15 177 0.901
20 16 187 0.929
20 17 154 0.913
20 18 201 0.895
20 19 169 0.88
20 20 169 0.795
20 21 127 0.929
20 22 148 0.9
20 23 164 0.764
20 24 158 0.895
20 25 161 0.856
20 26 134 0.892
20 27 176 0.847
20 28 160 0.948
20 29 149 0.965
20 30 158 0.864
20 31 153 0.907
20 32 147 0.918
20 33 162 0.927
20 34 153 0.921
20 35 143 0.87
20 36 142 0.886
20 37 140 0.942
20 38 130 0.935
20 39 148 0.959
20 40 137 0.922
20 41 141 0.88
20 42 153 0.771
20 43 154 0.881
20 44 163 0.887
20 45 180 0.874
20 46 156 0.925
20 47 240 0.846
20 48 410 0.874
21 1 400 0.837
21 2 271 0.858
21 3 248 0.917
21 4 252 0.899
21 5 206 0.863
21 6 193 0.834
21 7 186 0.811
21 8 208 0.915
21 9 179 0.869
21 10 109 0.82
21 11 201 0.895
21 12 192 0.855
21 13 159 0.943
21 14 176 0.875
21 15 150 0.912
21 16 157 0.876
21 17 138 0.839
21 18 160 0.862
21 19 165 0.921
21 20 183 0.931
21 21 146 0.946
21 22 161 0.921
21 23 151 0.918
21 24 144 0.867
21 25 136 0.905
21 26 116 0.815
21 27 168 0.893
21 28 180 0.895
21 29 168 0.906
21 30 137 0.846
21 31 154 0.903
21 32 154 0.913
21 33 157 0.876
21 34 146 0.856
21 35 151 0.918
21 36 146 0.787
21 37 149 0.916
21 38 133 0.866
21 39 135 0.821
21 40 143 0.926
21 41 159 0.869
21 42 151 0.806
21 43 167 0.83
21 44 151 0.886
21 45 184 0.846
21 46 233 0.705
21 47 260 0.909
21 48 440 0.821
22 1 315 0.873
22 2 200 0.928
22 3 267 0.852
22 4 253 0.861
22 5 216 0.894
22 6 184 0.936
22 7 196 0.901
22 8 183 0.931
22 9 180 0.71
22 10 188 0.856
22 11 153 0.857
22 12 189 0.918
22 13 187 0.815
22 14 199 0.776
22 15 157 0.898
22 16 175 0.934
22 17 171 0.954
22 18 154 0.708
22 19 158 0.937
22 20 163 0.849
22 21 149 0.897
22 22 169 0.84
22 23 155 0.86
22 24 150 0.936
22 25 162 0.904
22 26 162 0.864
22 27 168 0.937
22 28 181 0.843
22 29 44 0.949
22 30 109 0.82
22 31 104 0.903
22 32 141 0.88
22 33 158 0.895
22 34 150 0.828
22 35 157 0.876
22 36 162 0.904
22 37 156 0.892
22 38 147 0.862
22 39 160 0.862
22 40 153 0.897
22 41 160 0.834
22 42 170 0.81
22 43 155 0.878
22 44 123 0.768
22 45 163 0.759
22 46 238 0.81
22 47 288 0.856
22 48 434 0.868
23 1 394 0.779
23 2 296 0.877
23 3 269 0.849
23 4 231 0.808
23 5 197 0.914
23 6 191 0.928
23 7 195 0.858
23 8 191 0.89
23 9 176 0.895
23 10 175 0.831
23 11 169 0.92
23 12 163 0.879
23 13 142 0.796
23 14 155 0.856
23 15 182 0.695
23 16 176 0.904
23 17 178 0.937
23 18 166 0.856
23 19 154 0.894
23 20 155 0.878
23 21 165 0.889
23 22 171 0.9
23 23 129 0.907
23 24 173 0.88
23 25 169 0.911
23 26 160 0.854
23 27 169 0.851
23 28 155 0.909
23 29 150 0.936
23 30 151 0.918
23 31 143 0.848
23 32 122 0.753
23 33 158 0.904
23 34 145 0.905
23 35 182 0.935
23 36 174 0.916
23 37 61 0.992
23 38 152 0.792
23 39 169 0.821
23 40 156 0.862
23 41 47 0.966
23 42 78 0.846
23 43 160 0.925
23 44 167 0.862
23 45 192 0.771
23 46 215 0.882
23 47 230 0.905
23 48 398 0.883
24 1 448 0.836
24 2 275 0.809
24 3 241 0.827
24 4 232 0.868
24 5 186 0.875
24 6 205 0.893
24 7 211 0.884
24 8 190 0.893
24 9 182 0.905
24 10 188 0.864
24 11 187 0.863
24 12 194 0.892
24 13 192 0.764
24 14 176 0.866
24 15 150 0.871
24 16 194 0.912
24 17 194 0.884
24 18 168 0.928
24 19 156 0.829
24 20 148 0.838
24 21 135 0.834
24 22 145 0.882
24 23 156 0.892
24 24 155 0.967
24 25 160 0.862
24 26 147 0.862
24 27 163 0.858
24 28 173 0.942
24 29 171 0.853
24 30 154 0.83
24 31 153 0.897
24 32 123 0.788
24 33 165 0.86
24 34 155 0.919
24 35 136 0.81
24 36 141 0.913
24 37 139 0.901
24 38 173 0.901
24 39 145 0.821
24 40 146 0.946
24 41 145 0.882
24 42 168 0.906
24 43 160 0.925
24 44 174 0.803
24 45 198 0.882
24 46 193 0.937
24 47 257 0.882
24 48 470 0.869
25 1 405 0.866
25 2 295 0.778
25 3 249 0.765
25 4 226 0.896
25 5 230 0.804
25 6 204 0.917
25 7 168 0.906
25 8 204 0.819
25 9 211 0.783
25 10 200 0.708
25 11 162 0.873
25 12 173 0.754
25 13 211 0.799
25 14 202 0.828
25 15 195 0.929
25 16 165 0.911
25 17 190 0.857
25 18 156 0.892
25 19 194 0.884
25 20 165 0.851
25 21 161 0.931
25 22 170 0.886
25 23 162 0.873
25 24 168 0.875
25 25 158 0.951
25 26 169 0.943
25 27 171 0.922
25 28 171 0.823
25 29 171 0.862
25 30 176 0.926
25 31 155 0.856
25 32 160 0.875
25 33 171 0.87
25 34 160 0.875
25 35 146 0.865
25 36 157 0.867
25 37 151 0.851
25 38 160 0.925
25 39 157 0.867
25 40 129 0.849
25 41 138 0.918
25 42 160 0.906
25 43 179 0.911
25 44 181 0.809
25 45 181 0.843
25 46 241 0.798
25 47 307 0.92
25 48 355 0.906
26 1 420 0.909
26 2 303 0.813
26 3 238 0.832
26 4 246 0.837
26 5 221 0.851
26 6 187 0.868
26 7 212 0.877
26 8 167 0.879
26 9 246 0.837
26 10 207 0.922
26 11 170 0.774
26 12 203 0.782
26 13 172 0.705
26 14 183 0.833
26 15 180 0.838
26 16 186 0.895
26 17 164 0.893
26 18 166 0.917
26 19 181 0.9
26 20 157 0.907
26 21 172 0.875
26 22 154 0.872
26 23 154 0.872
26 24 120 0.867
26 25 157 0.921
26 26 168 0.875
26 27 157 0.889
26 28 163 0.9
26 29 14 0.88
26 30 21 0.752
26 31 184 0.906
26 32 176 0.847
26 33 119 0.86
26 34 131 0.906
26 35 152 0.949
26 36 153 0.866
26 37 151 0.826
26 38 160 0.854
26 39 162 0.805
26 40 150 0.828
26 41 167 0.9
26 42 162 0.927
26 43 164 0.884
26 44 150 0.88
26 45 184 0.914
26 46 231 0.847
26 47 124 0.848
26 48 102 0.848
27 1 414 0.816
27 2 326 0.866
27 3 268 0.833
27 4 218 0.91
27 5 227 0.919
27 6 223 0.852
27 7 182 0.829
27 8 197 0.906
27 9 199 0.783
27 10 173 0.901
27 11 162 0.927
27 12 196 0.846
27 13 204 0.812
27 14 183 0.872
27 15 188 0.966
27 16 162 0.873
27 17 166 0.917
27 18 163 0.726
27 19 175 0.89
27 20 188 0.856
27 21 198 0.931
27 22 195 0.877
27 23 181 0.891
27 24 170 0.916
27 25 172 0.96
27 26 173 0.88
27 27 141 0.848
27 28 147 0.918
27 29 190 0.914
27 30 172 0.801
27 31 135 0.888
27 32 151 0.909
27 33 162 0.873
27 34 151 0.673
27 35 134 0.892
27 36 123 0.899
27 37 157 0.826
27 38 147 0.918
27 39 144 0.876
27 40 180 0.827
27 41 151 0.895
27 42 141 0.848
27 43 154 0.851
27 44 184 0.82
27 45 195 0.817
27 46 226 0.935
27 47 316 0.93
27 48 340 0.882
28 1 415 0.874
28 2 327 0.922
28 3 284 0.866
28 4 227 0.81
28 5 239 0.887
28 6 229 0.882
28 7 201 0.924
28 8 220 0.865
28 9 202 0.869
28 10 153 0.931
28 11 219 0.83
28 12 206 0.765
28 13 226 0.822
28 14 193 0.816
28 15 202 0.872
28 16 183 0.918
28 17 170 0.907
28 18 164 0.893
28 19 169 0.868
28 20 198 0.837
28 21 183 0.833
28 22 164 0.823
28 23 195 0.917
28 24 193 0.868
28 25 174 0.907
28 26 164 0.863
28 27 177 0.909
28 28 178 0.885
28 29 163 0.91
28 30 173 0.942
28 31 116 0.898
28 32 183 0.931
28 33 170 0.903
28 34 227 0.826
28 35 170 0.894
28 36 165 0.831
28 37 170 0.826
28 38 146 0.888
28 39 173 0.88
28 40 166 0.926
28 41 176 0.887
28 42 166 0.895
28 43 175 0.912
28 44 197 0.897
28 45 202 0.908
28 46 232 0.901
28 47 306 0.894
28 48 403 0.9
29 1 292 0.781
29 2 289 0.817
29 3 323 0.824
29 4 235 0.838
29 5 246 0.877
29 6 237 0.813
29 7 279 0.904
29 8 242 0.863
29 9 224 0.863
29 10 230 0.886
29 11 218 0.902
29 12 224 0.863
29 13 166 0.873
29 14 168 0.915
29 15 216 0.883
29 16 215 0.846
29 17 189 0.842
29 18 189 0.889
29 19 181 0.93
29 20 200 0.845
29 21 225 0.885
29 22 195 0.858
29 23 185 0.928
29 24 183 0.909
29 25 184 0.945
29 26 184 0.885
29 27 164 0.854
29 28 172 0.863
29 29 214 0.913
29 30 206 0.878
29 31 196 0.828
29 32 178 0.876
29 33 185 0.878
29 34 196 0.881
29 35 200 0.872
29 36 186 0.886
29 37 171 0.842
29 38 179 0.881
29 39 191 0.898
29 40 180 0.777
29 41 193 0.907
29 42 169 0.777
29 43 211 0.83
29 44 213 0.881
29 45 218 0.868
29 46 276 0.864
29 47 72 0.895
29 48 140 0.874
30 1 460 0.806
30 2 351 0.923
30 3 311 0.826
30 4 305 0.875
30 5 280 0.861
30 6 252 0.864
30 7 256 0.838
30 8 240 0.87
30 9 225 0.911
30 10 244 0.903
30 11 264 0.906
30 12 216 0.894
30 13 261 0.913
30 14 260 0.823
30 15 271 0.871
30 16 225 0.904
30 17 234 0.901
30 18 225 0.911
30 19 215 0.897
30 20 242 0.88
30 21 240 0.88
30 22 200 0.919
30 23 180 0.886
30 24 227 0.919
30 25 206 0.947
30 26 215 0.929
30 27 187 0.899
30 28 206 0.898
30 29 215 0.856
30 30 197 0.935
30 31 205 0.893
30 32 225 0.885
30 33 210 0.888
30 34 165 0.898
30 35 232 0.868
30 36 155 0.847
30 37 201 0.912
30 38 184 0.936
30 39 203 0.85
30 40 211 0.855
30 41 227 0.9
30 42 213 0.897
30 43 178 0.906
30 44 189 0.93
30 45 250 0.892
30 46 278 0.894
30 47 272 0.898
30 48 425 0.914
31 1 421 0.86
31 2 375 0.904
31 3 371 0.875
31 4 363 0.753
31 5 351 0.739
31 6 314 0.834
31 7 305 0.881
31 8 311 0.877
31 9 285 0.892
31 10 286 0.829
31 11 260 0.917
31 12 285 0.909
31 13 13 0.53
31 14 0 0.0
31 15 250 0.892
31 16 263 0.878
31 17 301 0.848
31 18 289 0.882
31 19 293 0.862
31 20 246 0.902
31 21 270 0.944
31 22 259 0.896
31 23 268 0.871
31 24 311 0.892
31 25 283 0.903
31 26 246 0.929
31 27 257 0.943
31 28 259 0.896
31 29 274 0.874
31 30 274 0.874
31 31 251 0.955
31 32 283 0.812
31 33 223 0.87
31 34 257 0.835
31 35 211 0.892
31 36 280 0.848
31 37 267 0.909
31 38 269 0.898
31 39 261 0.826
31 40 236 0.936
31 41 260 0.852
31 42 280 0.848
31 43 298 0.893
31 44 220 0.865
31 45 279 0.89
31 46 343 0.855
31 47 369 0.905
31 48 421 0.868
32 1 578 0.798
32 2 569 0.852
32 3 410 0.896
32 4 433 0.826
32 5 413 0.894
32 6 451 0.75
32 7 412 0.898
32 8 390 0.804
32 9 374 0.792
32 10 390 0.865
32 11 406 0.791
32 12 374 0.817
32 13 342 0.827
32 14 245 0.925
32 15 387 0.859
32 16 339 0.865
32 17 381 0.845
32 18 302 0.905
32 19 329 0.911
32 20 362 0.902
32 21 358 0.844
32 22 310 0.853
32 23 329 0.86
32 24 327 0.857
32 25 279 0.914
32 26 336 0.845
32 27 339 0.879
32 28 332 0.841
32 29 316 0.907
32 30 383 0.875
32 31 322 0.898
32 32 393 0.872
32 33 324 0.891
32 34 317 0.872
32 35 298 0.87
32 36 359 0.852
32 37 333 0.824
32 38 359 0.846
32 39 406 0.855
32 40 359 0.916
32 41 312 0.87
32 42 372 0.877
32 43 351 0.866
32 44 397 0.892
32 45 419 0.882
32 46 443 0.797
32 47 371 0.895
32 48 585 0.894
