row  column  size-1  circ-1
1 1 359 0.874
1 2 253 0.885
1 3 121 0.72
1 4 259 0.842
1 5 263 0.749
1 6 246 0.806
1 7 290 0.832
1 8 261 0.757
1 9 249 0.871
1 10 220 0.817
1 11 343 0.869
1 12 359 0.731
1 13 431 0.857
1 14 428 0.846
1 15 252 0.867
1 16 208 0.906
1 17 239 0.829
1 18 286 0.919
1 19 246 0.837
1 20 322 0.784
1 21 315 0.817
1 22 405 0.885
1 23 253 0.885
1 24 330 0.819
1 25 331 0.873
1 26 364 0.839
1 27 280 0.854
1 28 336 0.818
1 29 253 0.861
1 30 302 0.791
1 31 292 0.832
1 32 291 0.872
1 33 281 0.851
1 34 273 0.833
1 35 223 0.923
1 36 320 0.761
1 37 268 0.839
1 38 335 0.855
1 39 300 0.825
1 40 276 0.772
1 41 199 0.886
1 42 200 0.864
1 43 279 0.873
1 44 324 0.882
1 45 250 0.777
1 46 241 0.829
1 47 374 0.862
1 48 415 0.818
2 1 275 0.877
2 2 167 0.788
2 3 229 0.901
2 4 210 0.888
2 5 238 0.909
2 6 196 0.873
2 7 214 0.904
2 8 238 0.873
2 9 189 0.799
2 10 213 0.831
2 11 185 0.817
2 12 341 0.788
2 13 351 0.779
2 14 334 0.821
2 15 264 0.898
2 16 287 0.797
2 17 371 0.849
2 18 328 0.865
2 19 375 0.878
2 20 303 0.794
2 21 283 0.857
2 22 239 0.823
2 23 309 0.865
2 24 338 0.799
2 25 282 0.803
2 26 280 0.841
2 27 291 0.814
2 28 336 0.826
2 29 221 0.887
2 30 269 0.794
2 31 269 0.794
2 32 297 0.817
2 33 306 0.707
2 34 283 0.879
2 35 298 0.786
2 36 289 0.781
2 37 309 0.796
2 38 310 0.838
2 39 293 0.725
2 40 289 0.838
2 41 296 0.849
2 42 345 0.868
2 43 274 0.881
2 44 161 0.808
2 45 294 0.823
2 46 283 0.765
2 47 332 0.765
2 48 306 0.781
3 1 240 0.676
3 2 205 0.639
3 3 202 0.804
3 4 183 0.86
3 5 177 0.799
3 6 206 0.871
3 7 206 0.89
3 8 239 0.829
3 9 323 0.873
3 10 300 0.892
3 11 321 0.847
3 12 352 0.843
3 13 270 0.817
3 14 405 0.732
3 15 112 0.778
3 16 127 0.784
3 17 287 0.86
3 18 338 0.792
3 19 338 0.804
3 20 316 0.907
3 21 279 0.762
3 22 246 0.902
3 23 348 0.724
3 24 310 0.84
3 25 329 0.732
3 26 286 0.905
3 27 304 0.888
3 28 335 0.857
3 29 325 0.837
3 30 303 0.781
3 31 274 0.725
3 32 337 0.765
3 33 291 0.844
3 34 199 0.878
3 35 308 0.847
3 36 300 0.84
3 37 280 0.861
3 38 327 0.817
3 39 287 0.866
3 40 310 0.785
3 41 309 0.856
3 42 285 0.818
3 43 309 0.865
3 44 276 0.871
3 45 236 0.866
3 46 285 0.798
3 47 269 0.858
3 48 221 0.877
4 1 279 0.83
4 2 223 0.733
4 3 198 0.765
4 4 200 0.813
4 5 219 0.698
4 6 197 0.762
4 7 271 0.806
4 8 358 0.652
4 9 311 0.815
4 10 299 0.758
4 11 268 0.871
4 12 309 0.856
4 13 128 0.865
4 14 233 0.872
4 15 304 0.836
4 16 321 0.742
4 17 278 0.778
4 18 229 0.857
4 19 215 0.675
4 20 318 0.833
4 21 322 0.789
4 22 323 0.867
4 23 193 0.791
4 24 301 0.797
4 25 276 0.88
4 26 191 0.8
4 27 301 0.808
4 28 225 0.885
4 29 319 0.886
4 30 163 0.87
4 31 283 0.82
4 32 319 0.766
4 33 299 0.77
4 34 284 0.749
4 35 219 0.887
4 36 280 0.883
4 37 282 0.809
4 38 284 0.92
4 39 301 0.864
4 40 285 0.885
4 41 301 0.775
4 42 273 0.833
4 43 220 0.858
4 44 317 0.747
4 45 255 0.778
4 46 272 0.775
4 47 69 0.857
4 48 223 0.767
5 1 241 0.843
5 2 311 0.723
5 3 278 0.864
5 4 221 0.814
5 5 200 0.803
5 6 162 0.824
5 7 240 0.898
5 8 296 0.858
5 9 282 0.883
5 10 272 0.891
5 11 309 0.652
5 12 325 0.916
5 13 307 0.865
5 14 298 0.87
5 15 176 0.728
5 16 203 0.76
5 17 343 0.824
5 18 289 0.563
5 19 178 0.829
5 20 166 0.917
5 21 285 0.841
5 22 278 0.848
5 23 310 0.84
5 24 223 0.828
5 25 242 0.924
5 26 299 0.816
5 27 265 0.802
5 28 271 0.786
5 29 254 0.804
5 30 266 0.716
5 31 269 0.761
5 32 342 0.738
5 33 242 0.808
5 34 276 0.857
5 35 267 0.845
5 36 276 0.864
5 37 288 0.841
5 38 252 0.825
5 39 263 0.861
5 40 290 0.869
5 41 197 0.781
5 42 196 0.873
5 43 289 0.866
5 44 306 0.745
5 45 249 0.854
5 46 197 0.851
5 47 272 0.868
5 48 317 0.887
6 1 290 0.847
6 2 269 0.7
6 3 215 0.874
6 4 218 0.765
6 5 298 0.846
6 6 323 0.867
6 7 290 0.725
6 8 334 0.819
6 9 251 0.854
6 10 337 0.815
6 11 317 0.708
6 12 320 0.726
6 13 311 0.807
6 14 326 0.826
6 15 312 0.902
6 16 312 0.823
6 17 295 0.868
6 18 235 0.831
6 19 238 0.81
6 20 330 0.734
6 21 298 0.794
6 22 309 0.844
6 23 282 0.781
6 24 330 0.728
6 25 250 0.936
6 26 254 0.813
6 27 260 0.868
6 28 274 0.858
6 29 275 0.848
6 30 277 0.839
6 31 262 0.759
6 32 263 0.817
6 33 240 0.849
6 34 264 0.865
6 35 308 0.868
6 36 270 0.861
6 37 290 0.838
6 38 294 0.829
6 39 354 0.848
6 40 300 0.825
6 41 260 0.735
6 42 277 0.809
6 43 285 0.923
6 44 287 0.689
6 45 345 0.821
6 46 279 0.836
6 47 306 0.807
6 48 301 0.902
7 1 336 0.725
7 2 268 0.861
7 3 238 0.891
7 4 233 0.848
7 5 220 0.865
7 6 338 0.723
7 7 278 0.827
7 8 283 0.729
7 9 316 0.854
7 10 305 0.799
7 11 307 0.859
7 12 241 0.783
7 13 293 0.826
7 14 291 0.823
7 15 228 0.878
7 16 265 0.808
7 17 255 0.807
7 18 228 0.864
7 19 259 0.842
7 20 287 0.765
7 21 276 0.8
7 22 236 0.761
7 23 300 0.748
7 24 287 0.817
7 25 268 0.864
7 26 236 0.571
7 27 229 0.882
7 28 257 0.835
7 29 277 0.877
7 30 234 0.812
7 31 257 0.899
7 32 277 0.775
7 33 279 0.795
7 34 234 0.805
7 35 226 0.836
7 36 243 0.843
7 37 212 0.851
7 38 223 0.774
7 39 165 0.801
7 40 103 0.807
7 41 227 0.843
7 42 258 0.838
7 43 226 0.839
7 44 297 0.803
7 45 216 0.802
7 46 283 0.82
7 47 330 0.811
7 48 302 0.77
8 1 401 0.884
8 2 292 0.844
8 3 236 0.859
8 4 312 0.809
8 5 407 0.809
8 6 297 0.883
8 7 368 0.799
8 8 291 0.872
8 9 269 0.78
8 10 232 0.844
8 11 261 0.839
8 12 241 0.884
8 13 299 0.67
8 14 267 0.794
8 15 277 0.751
8 16 249 0.664
8 17 247 0.812
8 18 273 0.848
8 19 209 0.832
8 20 230 0.851
8 21 246 0.808
8 22 266 0.811
8 23 257 0.882
8 24 298 0.789
8 25 261 0.757
8 26 240 0.801
8 27 225 0.859
8 28 241 0.829
8 29 299 0.77
8 30 238 0.873
8 31 260 0.892
8 32 260 0.838
8 33 262 0.882
8 34 236 0.819
8 35 219 0.72
8 36 317 0.779
8 37 290 0.812
8 38 270 0.901
8 39 286 0.806
8 40 280 0.778
8 41 270 0.852
8 42 296 0.814
8 43 290 0.891
8 44 291 0.865
8 45 337 0.777
8 46 299 0.797
8 47 330 0.761
8 48 279 0.736
9 1 359 0.763
9 2 336 0.851
9 3 296 0.864
9 4 303 0.728
9 5 339 0.867
9 6 297 0.805
9 7 313 0.826
9 8 258 0.823
9 9 307 0.83
9 10 228 0.807
9 11 234 0.869
9 12 229 0.833
9 13 227 0.893
9 14 248 0.844
9 15 158 0.815
9 16 178 0.674
9 17 267 0.934
9 18 232 0.768
9 19 264 0.874
9 20 272 0.809
9 21 262 0.733
9 22 252 0.858
9 23 92 0.862
9 24 66 0.934
9 25 277 0.815
9 26 256 0.848
9 27 24 0.507
9 28 22 0.524
9 29 259 0.842
9 30 252 0.835
9 31 274 0.743
9 32 325 0.872
9 33 246 0.867
9 34 243 0.82
9 35 270 0.824
9 36 265 0.861
9 37 274 0.836
9 38 274 0.8
9 39 256 0.81
9 40 268 0.871
9 41 269 0.786
9 42 273 0.901
9 43 339 0.764
9 44 344 0.77
9 45 275 0.721
9 46 194 0.598
9 47 341 0.799
9 48 295 0.778
10 1 457 0.835
10 2 316 0.875
10 3 305 0.75
10 4 319 0.848
10 5 325 0.837
10 6 279 0.89
10 7 354 0.71
10 8 284 0.823
10 9 284 0.823
10 10 266 0.791
10 11 263 0.871
10 12 235 0.88
10 13 239 0.813
10 14 253 0.838
10 15 246 0.837
10 16 242 0.88
10 17 248 0.837
10 18 206 0.837
10 19 236 0.849
10 20 246 0.87
10 21 240 0.801
10 22 230 0.886
10 23 271 0.881
10 24 275 0.824
10 25 204 0.786
10 26 281 0.794
10 27 271 0.842
10 28 250 0.771
10 29 163 0.72
10 30 238 0.842
10 31 267 0.891
10 32 257 0.899
10 33 242 0.78
10 34 248 0.851
10 35 255 0.792
10 36 212 0.859
10 37 272 0.83
10 38 240 0.795
10 39 247 0.857
10 40 266 0.791
10 41 286 0.665
10 42 307 0.844
10 43 278 0.798
10 44 317 0.836
10 45 309 0.871
10 46 350 0.858
10 47 307 0.791
10 48 289 0.752
11 1 469 0.791
11 2 292 0.797
11 3 340 0.682
11 4 0 0.0
11 5 351 0.809
11 6 311 0.783
11 7 259 0.805
11 8 243 0.811
11 9 247 0.84
11 10 246 0.758
11 11 230 0.82
11 12 276 0.786
11 13 242 0.863
11 14 248 0.885
11 15 239 0.813
11 16 233 0.838
11 17 232 0.814
11 18 237 0.924
11 19 240 0.817
11 20 235 0.784
11 21 255 0.829
11 22 250 0.91
11 23 259 0.751
11 24 279 0.795
11 25 274 0.845
11 26 287 0.683
11 27 261 0.906
11 28 254 0.906
11 29 305 0.824
11 30 249 0.735
11 31 243 0.843
11 32 258 0.885
11 33 210 0.795
11 34 251 0.861
11 35 290 0.765
11 36 276 0.857
11 37 277 0.883
11 38 279 0.83
11 39 287 0.803
11 40 286 0.857
11 41 284 0.757
11 42 274 0.821
11 43 219 0.854
11 44 278 0.842
11 45 328 0.786
11 46 302 0.735
11 47 300 0.854
11 48 288 0.835
12 1 414 0.811
12 2 329 0.828
12 3 359 0.814
12 4 270 0.868
12 5 225 0.904
12 6 290 0.812
12 7 272 0.836
12 8 256 0.848
12 9 239 0.862
12 10 217 0.768
12 11 229 0.779
12 12 246 0.84
12 13 252 0.858
12 14 192 0.699
12 15 267 0.845
12 16 232 0.861
12 17 193 0.834
12 18 168 0.765
12 19 231 0.865
12 20 227 0.867
12 21 242 0.873
12 22 250 0.874
12 23 216 0.811
12 24 264 0.858
12 25 268 0.842
12 26 256 0.832
12 27 258 0.848
12 28 219 0.806
12 29 281 0.8
12 30 278 0.728
12 31 253 0.829
12 32 213 0.863
12 33 235 0.88
12 34 256 0.871
12 35 211 0.84
12 36 300 0.707
12 37 338 0.842
12 38 288 0.856
12 39 279 0.858
12 40 277 0.775
12 41 294 0.852
12 42 254 0.855
12 43 296 0.745
12 44 264 0.752
12 45 314 0.657
12 46 282 0.809
12 47 307 0.719
12 48 306 0.794
13 1 306 0.621
13 2 339 0.814
13 3 289 0.875
13 4 260 0.71
13 5 265 0.845
13 6 287 0.817
13 7 255 0.845
13 8 215 0.838
13 9 194 0.82
13 10 266 0.888
13 11 230 0.83
13 12 231 0.901
13 13 247 0.773
13 14 255 0.838
13 15 222 0.81
13 16 247 0.857
13 17 163 0.726
13 18 197 0.731
13 19 144 0.899
13 20 218 0.787
13 21 193 0.826
13 22 288 0.863
13 23 274 0.761
13 24 251 0.801
13 25 120 0.867
13 26 276 0.836
13 27 262 0.916
13 28 251 0.702
13 29 210 0.802
13 30 269 0.874
13 31 241 0.853
13 32 295 0.778
13 33 258 0.868
13 34 245 0.857
13 35 238 0.891
13 36 224 0.792
13 37 179 0.728
13 38 207 0.849
13 39 318 0.811
13 40 257 0.882
13 41 213 0.863
13 42 237 0.829
13 43 283 0.863
13 44 318 0.825
13 45 246 0.695
13 46 230 0.792
13 47 288 0.697
13 48 265 0.782
14 1 310 0.832
14 2 169 0.687
14 3 337 0.797
14 4 287 0.832
14 5 242 0.83
14 6 256 0.861
14 7 251 0.728
14 8 255 0.892
14 9 232 0.805
14 10 225 0.796
14 11 204 0.702
14 12 255 0.696
14 13 260 0.868
14 14 224 0.825
14 15 254 0.825
14 16 235 0.787
14 17 141 0.858
14 18 172 0.847
14 19 216 0.842
14 20 205 0.777
14 21 253 0.813
14 22 235 0.905
14 23 274 0.842
14 24 265 0.823
14 25 276 0.89
14 26 254 0.857
14 27 279 0.858
14 28 256 0.838
14 29 287 0.86
14 30 264 0.628
14 31 294 0.803
14 32 286 0.895
14 33 227 0.9
14 34 244 0.83
14 35 263 0.839
14 36 280 0.824
14 37 267 0.755
14 38 285 0.826
14 39 266 0.888
14 40 266 0.692
14 41 283 0.712
14 42 270 0.684
14 43 313 0.855
14 44 297 0.718
14 45 279 0.781
14 46 298 0.738
14 47 267 0.712
14 48 289 0.875
15 1 166 0.926
15 2 181 0.871
15 3 347 0.871
15 4 333 0.798
15 5 199 0.792
15 6 165 0.872
15 7 240 0.81
15 8 215 0.846
15 9 240 0.88
15 10 241 0.867
15 11 243 0.91
15 12 240 0.795
15 13 263 0.912
15 14 278 0.716
15 15 270 0.861
15 16 271 0.881
15 17 273 0.848
15 18 272 0.861
15 19 240 0.873
15 20 264 0.842
15 21 253 0.739
15 22 285 0.892
15 23 277 0.907
15 24 279 0.838
15 25 253 0.861
15 26 274 0.815
15 27 282 0.845
15 28 269 0.874
15 29 242 0.846
15 30 261 0.864
15 31 234 0.775
15 32 240 0.933
15 33 262 0.899
15 34 264 0.754
15 35 280 0.734
15 36 272 0.83
15 37 252 0.874
15 38 243 0.668
15 39 271 0.806
15 40 264 0.82
15 41 324 0.771
15 42 305 0.642
15 43 308 0.775
15 44 302 0.735
15 45 289 0.801
15 46 307 0.709
15 47 302 0.816
15 48 173 0.813
16 1 450 0.813
16 2 361 0.814
16 3 325 0.837
16 4 282 0.847
16 5 259 0.881
16 6 267 0.845
16 7 269 0.881
16 8 242 0.84
16 9 207 0.775
16 10 228 0.856
16 11 257 0.805
16 12 270 0.714
16 13 208 0.835
16 14 238 0.788
16 15 252 0.851
16 16 274 0.874
16 17 350 0.748
16 18 284 0.803
16 19 292 0.811
16 20 281 0.783
16 21 273 0.772
16 22 293 0.762
16 23 268 0.791
16 24 300 0.876
16 25 299 0.858
16 26 278 0.642
16 27 256 0.888
16 28 244 0.83
16 29 236 0.782
16 30 255 0.792
16 31 252 0.825
16 32 232 0.638
16 33 319 0.893
16 34 245 0.857
16 35 270 0.877
16 36 246 0.721
16 37 275 0.63
16 38 260 0.838
16 39 299 0.783
16 40 283 0.63
16 41 302 0.773
16 42 299 0.837
16 43 331 0.763
16 44 291 0.865
16 45 287 0.86
16 46 305 0.738
16 47 257 0.835
16 48 269 0.688
17 1 455 0.647
17 2 247 0.831
17 3 402 0.706
17 4 306 0.738
17 5 248 0.885
17 6 270 0.884
17 7 263 0.79
17 8 225 0.819
17 9 233 0.787
17 10 259 0.842
17 11 258 0.832
17 12 232 0.886
17 13 262 0.779
17 14 254 0.736
17 15 205 0.799
17 16 219 0.79
17 17 282 0.797
17 18 286 0.829
17 19 264 0.793
17 20 262 0.814
17 21 16 0.857
17 22 21 0.943
17 23 172 0.896
17 24 235 0.872
17 25 250 0.771
17 26 269 0.858
17 27 237 0.822
17 28 227 0.788
17 29 221 0.869
17 30 241 0.86
17 31 274 0.658
17 32 310 0.861
17 33 270 0.877
17 34 297 0.799
17 35 295 0.76
17 36 304 0.81
17 37 294 0.843
17 38 279 0.83
17 39 304 0.592
17 40 237 0.764
17 41 200 0.728
17 42 222 0.801
17 43 256 0.795
17 44 270 0.83
17 45 292 0.778
17 46 137 0.653
17 47 303 0.781
17 48 309 0.852
18 1 402 0.854
18 2 328 0.812
18 3 378 0.635
18 4 338 0.799
18 5 250 0.899
18 6 250 0.844
18 7 243 0.836
18 8 213 0.814
18 9 229 0.901
18 10 209 0.832
18 11 240 0.839
18 12 213 0.725
18 13 258 0.823
18 14 282 0.803
18 15 257 0.899
18 16 257 0.813
18 17 271 0.858
18 18 296 0.77
18 19 280 0.9
18 20 273 0.812
18 21 235 0.845
18 22 268 0.833
18 23 244 0.888
18 24 262 0.703
18 25 234 0.835
18 26 291 0.85
18 27 233 0.831
18 28 226 0.935
18 29 245 0.881
18 30 193 0.798
18 31 284 0.851
18 32 303 0.807
18 33 279 0.775
18 34 267 0.794
18 35 254 0.871
18 36 285 0.778
18 37 289 0.776
18 38 283 0.798
18 39 260 0.619
18 40 287 0.853
18 41 313 0.867
18 42 352 0.696
18 43 303 0.773
18 44 284 0.636
18 45 307 0.836
18 46 307 0.81
18 47 290 0.684
18 48 305 0.78
19 1 396 0.724
19 2 393 0.781
19 3 373 0.753
19 4 400 0.779
19 5 240 0.732
19 6 282 0.883
19 7 234 0.858
19 8 240 0.863
19 9 226 0.772
19 10 268 0.864
19 11 219 0.797
19 12 221 0.782
19 13 259 0.778
19 14 262 0.875
19 15 108 0.582
19 16 97 0.807
19 17 206 0.871
19 18 225 0.766
19 19 340 0.707
19 20 292 0.907
19 21 296 0.82
19 22 292 0.846
19 23 257 0.835
19 24 274 0.932
19 25 266 0.848
19 26 246 0.787
19 27 233 0.89
19 28 229 0.767
19 29 189 0.897
19 30 206 0.89
19 31 295 0.871
19 32 275 0.738
19 33 275 0.818
19 34 280 0.784
19 35 280 0.832
19 36 278 0.651
19 37 243 0.663
19 38 266 0.697
19 39 292 0.752
19 40 263 0.796
19 41 300 0.813
19 42 294 0.711
19 43 325 0.638
19 44 302 0.588
19 45 308 0.847
19 46 288 0.786
19 47 292 0.803
19 48 296 0.733
20 1 416 0.815
20 2 348 0.867
20 3 369 0.878
20 4 326 0.832
20 5 303 0.842
20 6 285 0.86
20 7 248 0.812
20 8 219 0.813
20 9 251 0.838
20 10 221 0.844
20 11 247 0.914
20 12 289 0.783
20 13 285 0.885
20 14 289 0.838
20 15 282 0.909
20 16 316 0.884
20 17 278 0.792
20 18 294 0.783
20 19 236 0.842
20 20 244 0.707
20 21 296 0.887
20 22 291 0.795
20 23 298 0.909
20 24 263 0.861
20 25 267 0.78
20 26 195 0.835
20 27 238 0.726
20 28 263 0.839
20 29 271 0.666
20 30 295 0.832
20 31 233 0.787
20 32 266 0.82
20 33 283 0.87
20 34 274 0.881
20 35 261 0.826
20 36 269 0.814
20 37 283 0.747
20 38 282 0.721
20 39 285 0.798
20 40 284 0.739
20 41 280 0.716
20 42 269 0.772
20 43 324 0.688
20 44 334 0.542
20 45 277 0.634
20 46 275 0.803
20 47 270 0.884
20 48 300 0.703
21 1 228 0.761
21 2 302 0.831
21 3 398 0.862
21 4 313 0.826
21 5 187 0.797
21 6 290 0.755
21 7 293 0.806
21 8 204 0.809
21 9 255 0.82
21 10 212 0.817
21 11 240 0.81
21 12 264 0.836
21 13 179 0.766
21 14 203 0.724
21 15 237 0.779
21 16 248 0.844
21 17 212 0.844
21 18 223 0.821
21 19 265 0.861
21 20 323 0.629
21 21 302 0.905
21 22 258 0.885
21 23 61 0.898
21 24 246 0.802
21 25 284 0.789
21 26 257 0.807
21 27 209 0.865
21 28 134 0.868
21 29 299 0.843
21 30 303 0.781
21 31 277 0.83
21 32 291 0.783
21 33 265 0.742
21 34 275 0.783
21 35 303 0.876
21 36 312 0.767
21 37 264 0.849
21 38 261 0.832
21 39 276 0.683
21 40 284 0.844
21 41 223 0.78
21 42 234 0.861
21 43 309 0.706
21 44 269 0.806
21 45 120 0.777
21 46 292 0.716
21 47 314 0.74
21 48 285 0.739
22 1 379 0.788
22 2 367 0.689
22 3 394 0.874
22 4 384 0.768
22 5 266 0.739
22 6 192 0.733
22 7 213 0.762
22 8 187 0.852
22 9 260 0.814
22 10 249 0.841
22 11 259 0.865
22 12 231 0.857
22 13 279 0.8
22 14 229 0.744
22 15 229 0.773
22 16 274 0.775
22 17 270 0.855
22 18 279 0.851
22 19 284 0.836
22 20 276 0.754
22 21 281 0.815
22 22 278 0.87
22 23 281 0.864
22 24 293 0.849
22 25 271 0.881
22 26 258 0.748
22 27 301 0.822
22 28 282 0.876
22 29 275 0.87
22 30 294 0.783
22 31 316 0.854
22 32 285 0.722
22 33 290 0.826
22 34 274 0.599
22 35 295 0.702
22 36 260 0.909
22 37 290 0.747
22 38 276 0.792
22 39 272 0.839
22 40 260 0.767
22 41 293 0.671
22 42 267 0.794
22 43 308 0.726
22 44 282 0.803
22 45 310 0.791
22 46 330 0.621
22 47 325 0.615
22 48 317 0.714
23 1 165 0.663
23 2 306 0.745
23 3 347 0.749
23 4 407 0.814
23 5 244 0.69
23 6 303 0.848
23 7 146 0.827
23 8 94 0.532
23 9 228 0.889
23 10 220 0.833
23 11 205 0.893
23 12 274 0.663
23 13 270 0.797
23 14 225 0.842
23 15 198 0.812
23 16 215 0.863
23 17 26 0.743
23 18 27 0.519
23 19 341 0.804
23 20 362 0.827
23 21 261 0.855
23 22 241 0.814
23 23 272 0.823
23 24 288 0.725
23 25 282 0.817
23 26 293 0.757
23 27 263 0.895
23 28 285 0.82
23 29 241 0.892
23 30 247 0.834
23 31 282 0.824
23 32 308 0.862
23 33 253 0.741
23 34 276 0.8
23 35 269 0.722
23 36 302 0.845
23 37 278 0.911
23 38 278 0.675
23 39 189 0.731
23 40 289 0.797
23 41 285 0.648
23 42 295 0.702
23 43 285 0.742
23 44 281 0.712
23 45 343 0.682
23 46 306 0.786
23 47 267 0.676
23 48 298 0.794
24 1 453 0.801
24 2 355 0.691
24 3 389 0.804
24 4 400 0.8
24 5 325 0.69
24 6 335 0.846
24 7 257 0.673
24 8 291 0.85
24 9 216 0.786
24 10 212 0.888
24 11 242 0.924
24 12 266 0.82
24 13 237 0.822
24 14 198 0.822
24 15 169 0.832
24 16 263 0.845
24 17 224 0.825
24 18 265 0.839
24 19 251 0.871
24 20 282 0.824
24 21 275 0.746
24 22 284 0.789
24 23 251 0.838
24 24 242 0.786
24 25 330 0.756
24 26 260 0.802
24 27 272 0.877
24 28 284 0.781
24 29 285 0.812
24 30 291 0.795
24 31 236 0.782
24 32 292 0.789
24 33 277 0.743
24 34 317 0.634
24 35 289 0.699
24 36 231 0.687
24 37 223 0.795
24 38 303 0.757
24 39 285 0.883
24 40 293 0.665
24 41 284 0.762
24 42 281 0.786
24 43 252 0.881
24 44 309 0.641
24 45 350 0.619
24 46 332 0.699
24 47 346 0.664
24 48 317 0.588
25 1 302 0.822
25 2 450 0.78
25 3 359 0.745
25 4 417 0.824
25 5 357 0.805
25 6 310 0.755
25 7 264 0.733
25 8 242 0.786
25 9 210 0.858
25 10 209 0.798
25 11 226 0.878
25 12 271 0.842
25 13 92 0.89
25 14 156 0.862
25 15 236 0.689
25 16 306 0.894
25 17 55 0.873
25 18 83 0.926
25 19 248 0.86
25 20 274 0.881
25 21 260 0.823
25 22 287 0.789
25 23 292 0.778
25 24 0 0.0
25 25 250 0.791
25 26 260 0.746
25 27 243 0.857
25 28 223 0.767
25 29 289 0.739
25 30 287 0.734
25 31 274 0.815
25 32 280 0.744
25 33 261 0.776
25 34 278 0.784
25 35 297 0.669
25 36 283 0.818
25 37 286 0.792
25 38 279 0.744
25 39 271 0.735
25 40 305 0.642
25 41 253 0.686
25 42 259 0.751
25 43 289 0.739
25 44 301 0.757
25 45 382 0.55
25 46 324 0.613
25 47 305 0.743
25 48 337 0.63
26 1 26 0.876
26 2 14 0.911
26 3 361 0.739
26 4 350 0.64
26 5 407 0.705
26 6 391 0.615
26 7 279 0.781
26 8 267 0.808
26 9 264 0.842
26 10 248 0.604
26 11 259 0.848
26 12 245 0.899
26 13 0 0.0
26 14 0 0.0
26 15 223 0.835
26 16 262 0.644
26 17 253 0.851
26 18 253 0.752
26 19 250 0.751
26 20 285 0.678
26 21 260 0.868
26 22 238 0.873
26 23 211 0.686
26 24 296 0.789
26 25 307 0.687
26 26 301 0.757
26 27 225 0.79
26 28 268 0.75
26 29 275 0.848
26 30 287 0.678
26 31 265 0.875
26 32 263 0.802
26 33 287 0.86
26 34 287 0.683
26 35 276 0.759
26 36 282 0.845
26 37 276 0.836
26 38 303 0.621
26 39 286 0.8
26 40 341 0.764
26 41 290 0.603
26 42 283 0.658
26 43 292 0.584
26 44 381 0.66
26 45 389 0.471
26 46 352 0.354
26 47 385 0.349
26 48 360 0.681
27 1 315 0.762
27 2 260 0.754
27 3 249 0.854
27 4 348 0.867
27 5 416 0.735
27 6 372 0.871
27 7 212 0.81
27 8 253 0.801
27 9 253 0.892
27 10 276 0.792
27 11 242 0.76
27 12 262 0.698
27 13 180 0.732
27 14 185 0.89
27 15 221 0.797
27 16 205 0.902
27 17 196 0.804
27 18 199 0.823
27 19 312 0.699
27 20 303 0.745
27 21 256 0.871
27 22 265 0.788
27 23 252 0.851
27 24 280 0.705
27 25 281 0.695
27 26 290 0.812
27 27 305 0.757
27 28 301 0.77
27 29 250 0.791
27 30 242 0.577
27 31 302 0.687
27 32 317 0.822
27 33 0 0.0
27 34 293 0.671
27 35 293 0.686
27 36 359 0.64
27 37 293 0.742
27 38 286 0.737
27 39 247 0.654
27 40 206 0.817
27 41 290 0.735
27 42 375 0.663
27 43 271 0.583
27 44 360 0.467
27 45 145 0.503
27 46 408 0.439
27 47 365 0.498
27 48 322 0.789
28 1 368 0.527
28 2 353 0.545
28 3 376 0.824
28 4 323 0.81
28 5 395 0.763
28 6 327 0.737
28 7 357 0.855
28 8 319 0.752
28 9 333 0.811
28 10 254 0.832
28 11 268 0.818
28 12 236 0.866
28 13 218 0.75
28 14 269 0.766
28 15 240 0.833
28 16 278 0.723
28 17 258 0.854
28 18 263 0.802
28 19 224 0.856
28 20 297 0.773
28 21 256 0.755
28 22 270 0.919
28 23 318 0.74
28 24 256 0.832
28 25 309 0.76
28 26 254 0.665
28 27 260 0.799
28 28 284 0.762
28 29 284 0.815
28 30 293 0.768
28 31 256 0.855
28 32 230 0.684
28 33 296 0.693
28 34 292 0.865
28 35 306 0.757
28 36 391 0.607
28 37 311 0.606
28 38 307 0.605
28 39 304 0.656
28 40 291 0.725
28 41 322 0.688
28 42 289 0.467
28 43 327 0.721
28 44 511 0.338
28 45 400 0.431
28 46 349 0.549
28 47 360 0.486
28 48 361 0.55
29 1 387 0.479
29 2 282 0.452
29 3 250 0.546
29 4 33 0.486
29 5 379 0.666
29 6 415 0.7
29 7 329 0.758
29 8 289 0.704
29 9 326 0.742
29 10 315 0.762
29 11 264 0.805
29 12 237 0.822
29 13 248 0.834
29 14 252 0.813
29 15 230 0.847
29 16 266 0.811
29 17 277 0.789
29 18 262 0.787
29 19 291 0.737
29 20 308 0.675
29 21 268 0.648
29 22 279 0.66
29 23 275 0.654
29 24 262 0.814
29 25 256 0.855
29 26 269 0.734
29 27 301 0.583
29 28 308 0.743
29 29 309 0.719
29 30 290 0.73
29 31 311 0.628
29 32 262 0.799
29 33 317 0.655
29 34 314 0.752
29 35 346 0.694
29 36 326 0.622
29 37 319 0.752
29 38 347 0.715
29 39 264 0.582
29 40 292 0.584
29 41 347 0.43
29 42 316 0.545
29 43 314 0.555
29 44 375 0.461
29 45 418 0.472
29 46 378 0.465
29 47 361 0.52
29 48 360 0.782
30 1 387 0.676
30 2 318 0.487
30 3 355 0.552
30 4 352 0.464
30 5 411 0.653
30 6 446 0.553
30 7 403 0.689
30 8 397 0.692
30 9 400 0.742
30 10 293 0.73
30 11 387 0.827
30 12 348 0.755
30 13 298 0.633
30 14 317 0.714
30 15 260 0.746
30 16 251 0.831
30 17 274 0.775
30 18 327 0.766
30 19 394 0.716
30 20 353 0.814
30 21 224 0.756
30 22 284 0.727
30 23 291 0.632
30 24 301 0.755
30 25 283 0.784
30 26 253 0.795
30 27 302 0.811
30 28 338 0.81
30 29 305 0.76
30 30 270 0.72
30 31 320 0.559
30 32 337 0.442
30 33 332 0.482
30 34 290 0.645
30 35 375 0.641
30 36 381 0.692
30 37 330 0.728
30 38 293 0.617
30 39 359 0.438
30 40 322 0.594
30 41 348 0.565
30 42 350 0.571
30 43 378 0.55
30 44 383 0.457
30 45 417 0.274
30 46 456 0.529
30 47 383 0.614
30 48 391 0.444
31 1 431 0.565
31 2 404 0.608
31 3 372 0.601
31 4 456 0.329
31 5 392 0.542
31 6 452 0.711
31 7 389 0.717
31 8 387 0.707
31 9 366 0.764
31 10 333 0.798
31 11 359 0.841
31 12 424 0.698
31 13 276 0.815
31 14 297 0.659
31 15 272 0.845
31 16 328 0.865
31 17 273 0.627
31 18 296 0.828
31 19 243 0.891
31 20 290 0.798
31 21 312 0.733
31 22 256 0.68
31 23 351 0.581
31 24 350 0.784
31 25 337 0.782
31 26 291 0.567
31 27 306 0.894
31 28 342 0.613
31 29 328 0.712
31 30 404 0.76
31 31 370 0.676
31 32 342 0.633
31 33 330 0.828
31 34 278 0.839
31 35 361 0.387
31 36 360 0.62
31 37 357 0.67
31 38 378 0.546
31 39 716 0.875
31 40 681 0.671
31 41 362 0.456
31 42 392 0.576
31 43 401 0.491
31 44 384 0.473
31 45 475 0.323
31 46 422 0.408
31 47 390 0.442
31 48 323 0.355
32 1 447 0.504
32 2 451 0.585
32 3 463 0.567
32 4 511 0.498
32 5 440 0.612
32 6 487 0.461
32 7 466 0.567
32 8 478 0.598
32 9 498 0.552
32 10 555 0.606
32 11 389 0.773
32 12 488 0.42
32 13 281 0.821
32 14 429 0.608
32 15 480 0.598
32 16 375 0.701
32 17 523 0.673
32 18 379 0.675
32 19 312 0.804
32 20 316 0.671
32 21 341 0.799
32 22 370 0.631
32 23 465 0.755
32 24 376 0.634
32 25 454 0.666
32 26 515 0.474
32 27 457 0.489
32 28 465 0.769
32 29 495 0.696
32 30 517 0.469
32 31 540 0.474
32 32 386 0.485
32 33 440 0.486
32 34 282 0.595
32 35 532 0.549
32 36 468 0.595
32 37 489 0.649
32 38 491 0.382
32 39 518 0.539
32 40 445 0.366
32 41 468 0.459
32 42 471 0.392
32 43 402 0.468
32 44 504 0.241
32 45 437 0.435
32 46 557 0.439
32 47 462 0.413
32 48 369 0.362
