row  column  size-1  circ-1
1 1 420 0.79
1 2 416 0.837
1 3 468 0.827
1 4 506 0.882
1 5 487 0.876
1 6 471 0.794
1 7 428 0.771
1 8 451 0.767
1 9 428 0.882
1 10 483 0.842
1 11 356 0.815
1 12 381 0.742
1 13 423 0.743
1 14 474 0.884
1 15 366 0.812
1 16 358 0.749
1 17 401 0.826
1 18 345 0.761
1 19 422 0.815
1 20 430 0.775
1 21 437 0.837
1 22 430 0.814
1 23 309 0.835
1 24 385 0.887
1 25 410 0.745
1 26 415 0.83
1 27 332 0.882
1 28 433 0.726
1 29 399 0.833
1 30 340 0.842
1 31 0 0.0
1 32 156 0.862
1 33 466 0.812
1 34 430 0.905
1 35 435 0.729
1 36 412 0.738
1 37 336 0.782
1 38 433 0.861
1 39 427 0.875
1 40 375 0.741
1 41 431 0.85
1 42 415 0.83
1 43 433 0.787
1 44 454 0.787
1 45 450 0.856
1 46 474 0.849
1 47 479 0.835
1 48 498 0.84
2 1 446 0.866
2 2 358 0.708
2 3 458 0.794
2 4 466 0.887
2 5 382 0.829
2 6 363 0.87
2 7 363 0.8
2 8 328 0.763
2 9 293 0.841
2 10 344 0.824
2 11 368 0.717
2 12 353 0.874
2 13 327 0.796
2 14 310 0.853
2 15 383 0.75
2 16 454 0.61
2 17 300 0.883
2 18 314 0.719
2 19 445 0.742
2 20 309 0.772
2 21 290 0.826
2 22 283 0.784
2 23 316 0.79
2 24 342 0.819
2 25 306 0.884
2 26 334 0.79
2 27 276 0.887
2 28 368 0.794
2 29 459 0.591
2 30 336 0.893
2 31 351 0.889
2 32 345 0.717
2 33 347 0.818
2 34 344 0.793
2 35 326 0.84
2 36 308 0.853
2 37 245 0.747
2 38 241 0.836
2 39 346 0.848
2 40 333 0.805
2 41 330 0.822
2 42 340 0.842
2 43 347 0.885
2 44 356 0.847
2 45 354 0.798
2 46 379 0.879
2 47 447 0.853
2 48 468 0.873
3 1 433 0.843
3 2 395 0.785
3 3 444 0.87
3 4 339 0.901
3 5 350 0.748
3 6 301 0.783
3 7 408 0.823
3 8 272 0.815
3 9 255 0.813
3 10 293 0.814
3 11 329 0.788
3 12 296 0.704
3 13 296 0.776
3 14 288 0.773
3 15 283 0.812
3 16 266 0.842
3 17 207 0.849
3 18 193 0.785
3 19 267 0.858
3 20 272 0.763
3 21 296 0.716
3 22 49 0.885
3 23 318 0.735
3 24 293 0.849
3 25 314 0.857
3 26 286 0.687
3 27 0 0.0
3 28 0 0.0
3 29 334 0.827
3 30 350 0.807
3 31 284 0.775
3 32 291 0.795
3 33 283 0.792
3 34 295 0.702
3 35 328 0.719
3 36 287 0.803
3 37 275 0.87
3 38 242 0.733
3 39 260 0.802
3 40 278 0.827
3 41 308 0.841
3 42 300 0.799
3 43 303 0.714
3 44 299 0.873
3 45 337 0.821
3 46 343 0.89
3 47 336 0.845
3 48 408 0.731
4 1 542 0.824
4 2 467 0.837
4 3 390 0.799
4 4 348 0.834
4 5 0 0.0
4 6 218 0.787
4 7 285 0.933
4 8 272 0.926
4 9 265 0.808
4 10 299 0.718
4 11 273 0.806
4 12 272 0.823
4 13 268 0.833
4 14 275 0.918
4 15 271 0.758
4 16 270 0.75
4 17 381 0.892
4 18 273 0.864
4 19 246 0.785
4 20 257 0.732
4 21 283 0.848
4 22 250 0.874
4 23 276 0.848
4 24 311 0.849
4 25 202 0.846
4 26 300 0.899
4 27 241 0.86
4 28 246 0.83
4 29 272 0.756
4 30 306 0.842
4 31 0 0.0
4 32 0 0.0
4 33 285 0.869
4 34 262 0.829
4 35 267 0.788
4 36 267 0.774
4 37 0 0.0
4 38 0 0.0
4 39 284 0.744
4 40 270 0.791
4 41 305 0.839
4 42 295 0.861
4 43 285 0.717
4 44 284 0.795
4 45 300 0.876
4 46 306 0.807
4 47 368 0.829
4 48 486 0.789
5 1 345 0.84
5 2 377 0.796
5 3 344 0.819
5 4 386 0.772
5 5 317 0.845
5 6 289 0.745
5 7 298 0.855
5 8 331 0.801
5 9 278 0.887
5 10 245 0.742
5 11 220 0.93
5 12 247 0.834
5 13 250 0.751
5 14 234 0.799
5 15 247 0.825
5 16 258 0.692
5 17 243 0.86
5 18 233 0.808
5 19 314 0.742
5 20 293 0.682
5 21 259 0.79
5 22 255 0.845
5 23 238 0.866
5 24 248 0.765
5 25 237 0.699
5 26 268 0.888
5 27 233 0.737
5 28 226 0.793
5 29 258 0.854
5 30 238 0.873
5 31 278 0.827
5 32 263 0.839
5 33 205 0.848
5 34 258 0.817
5 35 275 0.845
5 36 247 0.679
5 37 271 0.772
5 38 258 0.823
5 39 181 0.859
5 40 160 0.884
5 41 239 0.829
5 42 241 0.853
5 43 320 0.805
5 44 270 0.769
5 45 295 0.84
5 46 331 0.839
5 47 413 0.777
5 48 521 0.784
6 1 490 0.77
6 2 438 0.836
6 3 362 0.791
6 4 384 0.796
6 5 334 0.684
6 6 258 0.717
6 7 281 0.88
6 8 269 0.8
6 9 232 0.734
6 10 262 0.808
6 11 262 0.82
6 12 225 0.842
6 13 254 0.783
6 14 225 0.904
6 15 245 0.821
6 16 238 0.734
6 17 229 0.833
6 18 235 0.822
6 19 220 0.873
6 20 300 0.827
6 21 242 0.746
6 22 237 0.77
6 23 49 0.642
6 24 83 0.743
6 25 223 0.835
6 26 246 0.779
6 27 217 0.806
6 28 229 0.794
6 29 177 0.806
6 30 235 0.815
6 31 241 0.777
6 32 247 0.74
6 33 289 0.803
6 34 249 0.788
6 35 285 0.678
6 36 249 0.733
6 37 251 0.895
6 38 264 0.814
6 39 237 0.829
6 40 259 0.858
6 41 242 0.801
6 42 252 0.835
6 43 272 0.756
6 44 253 0.801
6 45 102 0.799
6 46 124 0.795
6 47 412 0.829
6 48 144 0.787
7 1 458 0.783
7 2 451 0.75
7 3 353 0.846
7 4 302 0.905
7 5 273 0.833
7 6 212 0.834
7 7 281 0.707
7 8 280 0.893
7 9 266 0.629
7 10 250 0.835
7 11 241 0.867
7 12 273 0.827
7 13 252 0.851
7 14 291 0.762
7 15 238 0.891
7 16 244 0.668
7 17 242 0.786
7 18 245 0.715
7 19 223 0.795
7 20 220 0.891
7 21 243 0.874
7 22 277 0.883
7 23 253 0.78
7 24 242 0.895
7 25 217 0.89
7 26 218 0.69
7 27 253 0.696
7 28 224 0.709
7 29 216 0.818
7 30 237 0.845
7 31 221 0.782
7 32 213 0.76
7 33 251 0.728
7 34 234 0.803
7 35 247 0.84
7 36 255 0.838
7 37 248 0.874
7 38 273 0.687
7 39 240 0.898
7 40 234 0.894
7 41 262 0.875
7 42 252 0.906
7 43 250 0.828
7 44 277 0.845
7 45 284 0.836
7 46 362 0.881
7 47 372 0.857
7 48 370 0.839
8 1 379 0.727
8 2 360 0.701
8 3 0 0.0
8 4 361 0.772
8 5 326 0.807
8 6 284 0.823
8 7 304 0.863
8 8 294 0.745
8 9 295 0.884
8 10 266 0.747
8 11 0 0.0
8 12 0 0.0
8 13 262 0.829
8 14 250 0.867
8 15 280 0.778
8 16 0 0.0
8 17 261 0.826
8 18 234 0.901
8 19 266 0.814
8 20 246 0.679
8 21 281 0.857
8 22 250 0.899
8 23 251 0.847
8 24 241 0.884
8 25 0 0.0
8 26 313 0.82
8 27 241 0.836
8 28 228 0.83
8 29 203 0.877
8 30 266 0.842
8 31 238 0.767
8 32 234 0.901
8 33 238 0.883
8 34 213 0.733
8 35 236 0.852
8 36 256 0.832
8 37 0 0.0
8 38 0 0.0
8 39 257 0.813
8 40 220 0.848
8 41 242 0.863
8 42 230 0.776
8 43 0 0.0
8 44 0 0.0
8 45 286 0.872
8 46 325 0.843
8 47 374 0.848
8 48 458 0.794
9 1 407 0.809
9 2 366 0.877
9 3 387 0.719
9 4 320 0.803
9 5 263 0.885
9 6 258 0.868
9 7 264 0.881
9 8 500 0.789
9 9 250 0.835
9 10 255 0.851
9 11 233 0.757
9 12 261 0.796
9 13 267 0.78
9 14 285 0.747
9 15 257 0.882
9 16 288 0.77
9 17 301 0.879
9 18 299 0.765
9 19 251 0.831
9 20 231 0.808
9 21 258 0.878
9 22 224 0.771
9 23 331 0.746
9 24 218 0.771
9 25 178 0.786
9 26 212 0.744
9 27 246 0.821
9 28 205 0.848
9 29 229 0.817
9 30 217 0.796
9 31 227 0.826
9 32 214 0.859
9 33 240 0.817
9 34 272 0.684
9 35 262 0.829
9 36 238 0.891
9 37 254 0.711
9 38 215 0.805
9 39 248 0.837
9 40 245 0.84
9 41 208 0.772
9 42 236 0.812
9 43 274 0.864
9 44 267 0.788
9 45 328 0.825
9 46 315 0.839
9 47 368 0.787
9 48 425 0.833
10 1 427 0.878
10 2 405 0.842
10 3 307 0.874
10 4 344 0.878
10 5 286 0.835
10 6 238 0.859
10 7 264 0.805
10 8 245 0.857
10 9 239 0.867
10 10 236 0.842
10 11 170 0.829
10 12 199 0.895
10 13 227 0.766
10 14 255 0.798
10 15 253 0.868
10 16 293 0.806
10 17 0 0.0
10 18 0 0.0
10 19 279 0.726
10 20 253 0.845
10 21 250 0.771
10 22 260 0.728
10 23 261 0.79
10 24 214 0.801
10 25 215 0.734
10 26 214 0.779
10 27 220 0.778
10 28 211 0.892
10 29 221 0.862
10 30 230 0.82
10 31 230 0.709
10 32 228 0.889
10 33 219 0.879
10 34 213 0.791
10 35 224 0.742
10 36 215 0.909
10 37 234 0.861
10 38 280 0.812
10 39 215 0.761
10 40 239 0.87
10 41 238 0.842
10 42 237 0.791
10 43 222 0.824
10 44 260 0.829
10 45 306 0.763
10 46 342 0.858
10 47 337 0.826
10 48 0 0.0
11 1 526 0.767
11 2 497 0.854
11 3 351 0.774
11 4 336 0.792
11 5 282 0.838
11 6 310 0.71
11 7 265 0.855
11 8 236 0.852
11 9 205 0.922
11 10 221 0.767
11 11 205 0.841
11 12 178 0.915
11 13 27 0.943
11 14 28 0.92
11 15 250 0.835
11 16 290 0.812
11 17 0 0.0
11 18 0 0.0
11 19 286 0.815
11 20 266 0.826
11 21 235 0.88
11 22 239 0.823
11 23 233 0.705
11 24 218 0.809
11 25 235 0.699
11 26 244 0.808
11 27 221 0.681
11 28 247 0.734
11 29 192 0.874
11 30 170 0.865
11 31 222 0.801
11 32 236 0.788
11 33 218 0.78
11 34 229 0.833
11 35 239 0.823
11 36 220 0.865
11 37 216 0.894
11 38 239 0.792
11 39 221 0.895
11 40 228 0.878
11 41 247 0.812
11 42 258 0.895
11 43 230 0.905
11 44 244 0.707
11 45 295 0.877
11 46 283 0.879
11 47 410 0.801
11 48 432 0.834
12 1 0 0.0
12 2 0 0.0
12 3 364 0.828
12 4 323 0.852
12 5 0 0.0
12 6 0 0.0
12 7 284 0.713
12 8 279 0.762
12 9 199 0.799
12 10 236 0.842
12 11 238 0.856
12 12 254 0.848
12 13 219 0.83
12 14 287 0.838
12 15 243 0.867
12 16 292 0.778
12 17 0 0.0
12 18 0 0.0
12 19 339 0.873
12 20 303 0.75
12 21 271 0.727
12 22 263 0.871
12 23 255 0.875
12 24 241 0.843
12 25 236 0.828
12 26 222 0.841
12 27 219 0.813
12 28 240 0.795
12 29 221 0.869
12 30 231 0.827
12 31 205 0.823
12 32 237 0.764
12 33 225 0.796
12 34 238 0.849
12 35 267 0.729
12 36 293 0.849
12 37 265 0.755
12 38 233 0.751
12 39 241 0.895
12 40 229 0.85
12 41 233 0.772
12 42 235 0.855
12 43 250 0.867
12 44 254 0.81
12 45 284 0.836
12 46 311 0.796
12 47 366 0.825
12 48 423 0.841
13 1 441 0.823
13 2 390 0.816
13 3 347 0.845
13 4 323 0.873
13 5 242 0.856
13 6 201 0.807
13 7 285 0.841
13 8 275 0.708
13 9 263 0.823
13 10 281 0.806
13 11 276 0.874
13 12 244 0.815
13 13 245 0.827
13 14 240 0.866
13 15 332 0.808
13 16 271 0.858
13 17 228 0.853
13 18 196 0.893
13 19 260 0.808
13 20 287 0.86
13 21 281 0.827
13 22 262 0.759
13 23 260 0.823
13 24 239 0.836
13 25 257 0.835
13 26 270 0.817
13 27 230 0.756
13 28 236 0.684
13 29 245 0.834
13 30 232 0.886
13 31 240 0.817
13 32 214 0.801
13 33 227 0.875
13 34 225 0.849
13 35 256 0.628
13 36 227 0.875
13 37 245 0.85
13 38 259 0.835
13 39 226 0.846
13 40 259 0.784
13 41 234 0.803
13 42 240 0.88
13 43 298 0.726
13 44 249 0.895
13 45 279 0.845
13 46 291 0.829
13 47 346 0.709
13 48 426 0.818
14 1 454 0.787
14 2 349 0.782
14 3 360 0.854
14 4 336 0.813
14 5 296 0.864
14 6 295 0.792
14 7 257 0.858
14 8 278 0.728
14 9 267 0.8
14 10 304 0.796
14 11 305 0.791
14 12 258 0.823
14 13 275 0.824
14 14 293 0.868
14 15 0 0.0
14 16 0 0.0
14 17 253 0.91
14 18 254 0.81
14 19 222 0.814
14 20 232 0.837
14 21 266 0.833
14 22 249 0.754
14 23 267 0.891
14 24 257 0.784
14 25 232 0.798
14 26 229 0.872
14 27 225 0.842
14 28 222 0.792
14 29 227 0.893
14 30 244 0.903
14 31 235 0.838
14 32 250 0.874
14 33 224 0.863
14 34 239 0.932
14 35 226 0.816
14 36 243 0.853
14 37 227 0.893
14 38 234 0.678
14 39 0 0.0
14 40 239 0.751
14 41 241 0.771
14 42 242 0.863
14 43 232 0.805
14 44 277 0.803
14 45 257 0.835
14 46 289 0.745
14 47 0 0.0
14 48 0 0.0
15 1 424 0.831
15 2 403 0.747
15 3 376 0.722
15 4 326 0.881
15 5 339 0.789
15 6 307 0.772
15 7 258 0.802
15 8 311 0.849
15 9 308 0.775
15 10 292 0.811
15 11 281 0.767
15 12 290 0.82
15 13 249 0.809
15 14 303 0.694
15 15 309 0.796
15 16 277 0.854
15 17 328 0.825
15 18 279 0.836
15 19 262 0.808
15 20 228 0.871
15 21 266 0.826
15 22 210 0.685
15 23 234 0.869
15 24 282 0.797
15 25 244 0.793
15 26 231 0.817
15 27 239 0.785
15 28 213 0.733
15 29 246 0.837
15 30 237 0.832
15 31 223 0.842
15 32 244 0.903
15 33 224 0.822
15 34 175 0.564
15 35 304 0.765
15 36 248 0.851
15 37 256 0.871
15 38 243 0.843
15 39 228 0.797
15 40 256 0.795
15 41 253 0.868
15 42 223 0.811
15 43 251 0.903
15 44 246 0.764
15 45 387 0.82
15 46 287 0.86
15 47 383 0.819
15 48 430 0.807
16 1 473 0.776
16 2 382 0.738
16 3 0 0.0
16 4 0 0.0
16 5 324 0.813
16 6 325 0.804
16 7 302 0.888
16 8 293 0.82
16 9 282 0.824
16 10 312 0.742
16 11 0 0.0
16 12 98 0.737
16 13 302 0.851
16 14 324 0.841
16 15 0 0.0
16 16 220 0.84
16 17 298 0.82
16 18 278 0.864
16 19 272 0.745
16 20 257 0.917
16 21 243 0.73
16 22 249 0.762
16 23 259 0.848
16 24 264 0.849
16 25 220 0.865
16 26 226 0.784
16 27 226 0.822
16 28 221 0.647
16 29 220 0.778
16 30 245 0.805
16 31 229 0.85
16 32 238 0.773
16 33 351 0.762
16 34 352 0.877
16 35 0 0.0
16 36 258 0.671
16 37 0 0.0
16 38 293 0.834
16 39 0 0.0
16 40 0 0.0
16 41 266 0.826
16 42 276 0.88
16 43 0 0.0
16 44 304 0.802
16 45 278 0.87
16 46 221 0.767
16 47 362 0.687
16 48 428 0.834
17 1 349 0.812
17 2 237 0.791
17 3 342 0.781
17 4 338 0.774
17 5 291 0.844
17 6 321 0.844
17 7 308 0.694
17 8 317 0.688
17 9 317 0.519
17 10 278 0.911
17 11 293 0.834
17 12 326 0.82
17 13 265 0.861
17 14 269 0.786
17 15 281 0.664
17 16 288 0.8
17 17 274 0.874
17 18 256 0.832
17 19 260 0.799
17 20 255 0.807
17 21 252 0.835
17 22 279 0.809
17 23 228 0.871
17 24 243 0.891
17 25 224 0.808
17 26 236 0.883
17 27 232 0.837
17 28 249 0.74
17 29 263 0.802
17 30 254 0.804
17 31 287 0.823
17 32 253 0.807
17 33 256 0.729
17 34 271 0.833
17 35 218 0.84
17 36 281 0.821
17 37 237 0.869
17 38 226 0.822
17 39 258 0.767
17 40 234 0.828
17 41 268 0.797
17 42 220 0.778
17 43 250 0.874
17 44 309 0.74
17 45 281 0.887
17 46 267 0.845
17 47 360 0.782
17 48 412 0.749
18 1 437 0.783
18 2 322 0.83
18 3 342 0.814
18 4 326 0.682
18 5 328 0.825
18 6 262 0.82
18 7 266 0.771
18 8 310 0.543
18 9 0 0.0
18 10 0 0.0
18 11 314 0.73
18 12 280 0.861
18 13 236 0.709
18 14 284 0.809
18 15 256 0.878
18 16 198 0.863
18 17 249 0.871
18 18 239 0.829
18 19 244 0.913
18 20 259 0.732
18 21 289 0.823
18 22 263 0.811
18 23 240 0.768
18 24 260 0.7
18 25 265 0.885
18 26 238 0.767
18 27 241 0.895
18 28 256 0.871
18 29 269 0.874
18 30 238 0.78
18 31 256 0.841
18 32 253 0.861
18 33 226 0.822
18 34 204 0.829
18 35 245 0.818
18 36 215 0.773
18 37 182 0.856
18 38 224 0.822
18 39 261 0.855
18 40 274 0.8
18 41 263 0.776
18 42 236 0.775
18 43 255 0.758
18 44 273 0.855
18 45 287 0.847
18 46 339 0.738
18 47 352 0.781
18 48 466 0.85
19 1 433 0.848
19 2 361 0.851
19 3 358 0.777
19 4 343 0.841
19 5 341 0.752
19 6 251 0.822
19 7 322 0.774
19 8 286 0.872
19 9 338 0.707
19 10 281 0.857
19 11 276 0.792
19 12 270 0.788
19 13 280 0.854
19 14 274 0.845
19 15 260 0.868
19 16 275 0.918
19 17 149 0.741
19 18 254 0.871
19 19 258 0.699
19 20 280 0.826
19 21 245 0.874
19 22 263 0.462
19 23 261 0.878
19 24 273 0.887
19 25 253 0.878
19 26 234 0.894
19 27 255 0.892
19 28 253 0.845
19 29 244 0.863
19 30 261 0.848
19 31 258 0.656
19 32 234 0.876
19 33 267 0.891
19 34 272 0.858
19 35 227 0.724
19 36 247 0.888
19 37 256 0.871
19 38 227 0.826
19 39 269 0.891
19 40 258 0.808
19 41 265 0.782
19 42 252 0.841
19 43 274 0.8
19 44 294 0.77
19 45 267 0.858
19 46 346 0.856
19 47 317 0.749
19 48 418 0.849
20 1 473 0.678
20 2 410 0.833
20 3 0 0.0
20 4 451 0.808
20 5 351 0.73
20 6 334 0.66
20 7 343 0.798
20 8 303 0.768
20 9 381 0.692
20 10 286 0.835
20 11 0 0.0
20 12 0 0.0
20 13 303 0.792
20 14 298 0.733
20 15 275 0.764
20 16 0 0.0
20 17 237 0.838
20 18 216 0.875
20 19 288 0.792
20 20 294 0.776
20 21 254 0.874
20 22 218 0.826
20 23 251 0.809
20 24 266 0.905
20 25 236 0.883
20 26 213 0.775
20 27 235 0.872
20 28 252 0.798
20 29 252 0.813
20 30 237 0.8
20 31 237 0.822
20 32 231 0.847
20 33 235 0.838
20 34 240 0.78
20 35 255 0.829
20 36 252 0.828
20 37 232 0.94
20 38 240 0.856
20 39 224 0.899
20 40 230 0.837
20 41 256 0.855
20 42 239 0.798
20 43 222 0.708
20 44 241 0.853
20 45 245 0.728
20 46 301 0.794
20 47 313 0.728
20 48 426 0.811
21 1 451 0.824
21 2 399 0.772
21 3 342 0.776
21 4 371 0.795
21 5 301 0.842
21 6 305 0.743
21 7 288 0.792
21 8 297 0.797
21 9 279 0.86
21 10 278 0.765
21 11 308 0.847
21 12 313 0.804
21 13 290 0.59
21 14 327 0.828
21 15 261 0.776
21 16 302 0.703
21 17 221 0.82
21 18 229 0.857
21 19 209 0.847
21 20 247 0.776
21 21 248 0.745
21 22 298 0.77
21 23 252 0.881
21 24 256 0.895
21 25 217 0.861
21 26 223 0.783
21 27 252 0.645
21 28 245 0.874
21 29 227 0.766
21 30 237 0.838
21 31 196 0.873
21 32 213 0.725
21 33 269 0.794
21 34 223 0.78
21 35 264 0.865
21 36 232 0.828
21 37 231 0.882
21 38 241 0.843
21 39 244 0.877
21 40 227 0.76
21 41 236 0.835
21 42 236 0.883
21 43 204 0.862
21 44 213 0.733
21 45 273 0.887
21 46 301 0.836
21 47 337 0.68
21 48 460 0.692
22 1 459 0.727
22 2 405 0.762
22 3 355 0.734
22 4 317 0.798
22 5 334 0.795
22 6 322 0.789
22 7 309 0.62
22 8 273 0.745
22 9 226 0.784
22 10 305 0.853
22 11 319 0.766
22 12 334 0.827
22 13 299 0.886
22 14 231 0.831
22 15 265 0.729
22 16 297 0.76
22 17 270 0.845
22 18 269 0.786
22 19 94 0.719
22 20 51 0.624
22 21 281 0.835
22 22 315 0.837
22 23 243 0.884
22 24 220 0.865
22 25 213 0.739
22 26 223 0.895
22 27 210 0.69
22 28 225 0.842
22 29 231 0.786
22 30 253 0.878
22 31 282 0.752
22 32 237 0.806
22 33 267 0.845
22 34 266 0.811
22 35 246 0.69
22 36 247 0.864
22 37 249 0.895
22 38 230 0.854
22 39 201 0.824
22 40 222 0.881
22 41 234 0.842
22 42 250 0.812
22 43 247 0.812
22 44 264 0.779
22 45 275 0.826
22 46 330 0.817
22 47 324 0.891
22 48 440 0.845
23 1 490 0.546
23 2 394 0.795
23 3 378 0.546
23 4 361 0.859
23 5 324 0.784
23 6 306 0.794
23 7 224 0.815
23 8 283 0.644
23 9 224 0.873
23 10 248 0.785
23 11 271 0.687
23 12 269 0.829
23 13 0 0.0
23 14 49 0.831
23 15 251 0.73
23 16 252 0.791
23 17 265 0.782
23 18 251 0.831
23 19 243 0.843
23 20 270 0.908
23 21 245 0.85
23 22 232 0.805
23 23 267 0.766
23 24 206 0.878
23 25 246 0.86
23 26 259 0.77
23 27 275 0.877
23 28 216 0.735
23 29 220 0.8
23 30 251 0.895
23 31 205 0.874
23 32 248 0.785
23 33 283 0.712
23 34 246 0.793
23 35 261 0.77
23 36 233 0.865
23 37 232 0.844
23 38 201 0.79
23 39 200 0.796
23 40 268 0.861
23 41 234 0.812
23 42 253 0.878
23 43 258 0.902
23 44 238 0.794
23 45 284 0.809
23 46 323 0.838
23 47 358 0.892
23 48 418 0.798
24 1 749 0.931
24 2 511 0.508
24 3 384 0.635
24 4 372 0.838
24 5 144 0.776
24 6 132 0.846
24 7 309 0.85
24 8 306 0.788
24 9 313 0.876
24 10 331 0.795
24 11 282 0.845
24 12 139 0.901
24 13 270 0.613
24 14 292 0.859
24 15 291 0.865
24 16 265 0.729
24 17 316 0.787
24 18 288 0.781
24 19 282 0.77
24 20 288 0.885
24 21 291 0.803
24 22 290 0.869
24 23 295 0.76
24 24 252 0.828
24 25 270 0.817
24 26 256 0.795
24 27 285 0.826
24 28 277 0.809
24 29 304 0.66
24 30 252 0.874
24 31 262 0.735
24 32 246 0.877
24 33 284 0.815
24 34 304 0.747
24 35 274 0.78
24 36 265 0.808
24 37 260 0.808
24 38 258 0.712
24 39 219 0.854
24 40 250 0.867
24 41 272 0.845
24 42 285 0.76
24 43 292 0.792
24 44 300 0.813
24 45 296 0.781
24 46 323 0.774
24 47 310 0.649
24 48 443 0.71
25 1 509 0.717
25 2 412 0.7
25 3 449 0.629
25 4 365 0.701
25 5 347 0.787
25 6 355 0.831
25 7 307 0.724
25 8 382 0.567
25 9 334 0.684
25 10 298 0.855
25 11 285 0.747
25 12 270 0.817
25 13 276 0.622
25 14 289 0.811
25 15 298 0.786
25 16 289 0.823
25 17 280 0.734
25 18 269 0.761
25 19 253 0.728
25 20 259 0.805
25 21 192 0.787
25 22 122 0.761
25 23 345 0.797
25 24 275 0.839
25 25 268 0.797
25 26 250 0.851
25 27 199 0.677
25 28 243 0.867
25 29 271 0.82
25 30 265 0.902
25 31 262 0.861
25 32 270 0.824
25 33 208 0.853
25 34 306 0.701
25 35 265 0.845
25 36 208 0.835
25 37 235 0.848
25 38 317 0.601
25 39 232 0.844
25 40 260 0.861
25 41 257 0.732
25 42 302 0.811
25 43 221 0.773
25 44 249 0.816
25 45 283 0.741
25 46 334 0.793
25 47 373 0.726
25 48 470 0.824
26 1 519 0.673
26 2 410 0.756
26 3 407 0.595
26 4 353 0.894
26 5 401 0.568
26 6 290 0.832
26 7 319 0.777
26 8 338 0.478
26 9 326 0.758
26 10 338 0.823
26 11 301 0.842
26 12 314 0.864
26 13 279 0.756
26 14 265 0.788
26 15 293 0.856
26 16 280 0.839
26 17 241 0.798
26 18 162 0.895
26 19 76 0.76
26 20 97 0.842
26 21 256 0.729
26 22 262 0.814
26 23 103 0.867
26 24 118 0.807
26 25 274 0.73
26 26 261 0.895
26 27 287 0.784
26 28 265 0.802
26 29 279 0.83
26 30 229 0.864
26 31 279 0.845
26 32 232 0.811
26 33 277 0.9
26 34 251 0.794
26 35 273 0.803
26 36 260 0.858
26 37 265 0.776
26 38 241 0.843
26 39 240 0.81
26 40 268 0.797
26 41 277 0.795
26 42 251 0.801
26 43 266 0.871
26 44 279 0.756
26 45 251 0.816
26 46 334 0.84
26 47 379 0.754
26 48 491 0.833
27 1 534 0.745
27 2 468 0.8
27 3 391 0.665
27 4 560 0.714
27 5 360 0.737
27 6 326 0.735
27 7 363 0.748
27 8 309 0.778
27 9 322 0.802
27 10 335 0.772
27 11 336 0.647
27 12 301 0.824
27 13 0 0.0
27 14 0 0.0
27 15 273 0.818
27 16 295 0.623
27 17 274 0.836
27 18 277 0.809
27 19 282 0.789
27 20 287 0.606
27 21 275 0.861
27 22 257 0.842
27 23 224 0.762
27 24 254 0.731
27 25 278 0.806
27 26 279 0.836
27 27 247 0.818
27 28 289 0.781
27 29 281 0.781
27 30 273 0.671
27 31 246 0.745
27 32 267 0.794
27 33 277 0.83
27 34 278 0.857
27 35 250 0.797
27 36 235 0.793
27 37 170 0.818
27 38 179 0.805
27 39 265 0.832
27 40 251 0.838
27 41 274 0.806
27 42 252 0.749
27 43 316 0.621
27 44 313 0.757
27 45 320 0.83
27 46 358 0.878
27 47 231 0.865
27 48 295 0.57
28 1 614 0.633
28 2 482 0.631
28 3 0 0.0
28 4 416 0.799
28 5 376 0.78
28 6 364 0.719
28 7 341 0.836
28 8 329 0.848
28 9 0 0.0
28 10 0 0.0
28 11 350 0.807
28 12 301 0.822
28 13 336 0.857
28 14 308 0.793
28 15 319 0.836
28 16 314 0.79
28 17 340 0.766
28 18 361 0.621
28 19 309 0.708
28 20 295 0.786
28 21 306 0.788
28 22 251 0.838
28 23 260 0.823
28 24 277 0.824
28 25 285 0.812
28 26 252 0.777
28 27 311 0.877
28 28 305 0.819
28 29 272 0.794
28 30 247 0.796
28 31 278 0.778
28 32 270 0.839
28 33 306 0.775
28 34 258 0.761
28 35 269 0.8
28 36 261 0.888
28 37 243 0.891
28 38 267 0.884
28 39 297 0.811
28 40 272 0.836
28 41 311 0.87
28 42 309 0.835
28 43 325 0.761
28 44 341 0.724
28 45 348 0.867
28 46 367 0.846
28 47 419 0.826
28 48 485 0.841
29 1 554 0.522
29 2 546 0.533
29 3 443 0.718
29 4 444 0.689
29 5 379 0.833
29 6 366 0.694
29 7 375 0.601
29 8 374 0.8
29 9 365 0.769
29 10 343 0.791
29 11 382 0.817
29 12 351 0.622
29 13 362 0.709
29 14 296 0.814
29 15 336 0.824
29 16 360 0.772
29 17 358 0.683
29 18 329 0.725
29 19 314 0.823
29 20 295 0.682
29 21 303 0.775
29 22 303 0.827
29 23 309 0.76
29 24 343 0.849
29 25 304 0.76
29 26 313 0.82
29 27 351 0.822
29 28 335 0.697
29 29 300 0.743
29 30 320 0.71
29 31 303 0.848
29 32 321 0.752
29 33 283 0.833
29 34 290 0.778
29 35 179 0.815
29 36 324 0.664
29 37 324 0.719
29 38 298 0.704
29 39 284 0.715
29 40 280 0.87
29 41 302 0.86
29 42 287 0.853
29 43 285 0.818
29 44 324 0.754
29 45 424 0.797
29 46 397 0.831
29 47 397 0.808
29 48 524 0.778
30 1 248 0.477
30 2 249 0.507
30 3 478 0.697
30 4 464 0.538
30 5 441 0.69
30 6 410 0.754
30 7 379 0.77
30 8 408 0.692
30 9 395 0.653
30 10 342 0.844
30 11 360 0.72
30 12 375 0.72
30 13 346 0.78
30 14 377 0.719
30 15 386 0.686
30 16 352 0.759
30 17 377 0.818
30 18 349 0.836
30 19 406 0.779
30 20 345 0.826
30 21 428 0.678
30 22 338 0.779
30 23 142 0.765
30 24 145 0.774
30 25 351 0.784
30 26 362 0.701
30 27 355 0.752
30 28 354 0.741
30 29 348 0.834
30 30 354 0.681
30 31 345 0.826
30 32 345 0.846
30 33 363 0.837
30 34 350 0.717
30 35 298 0.786
30 36 262 0.799
30 37 328 0.751
30 38 306 0.74
30 39 340 0.828
30 40 354 0.829
30 41 373 0.748
30 42 353 0.624
30 43 355 0.749
30 44 344 0.857
30 45 379 0.8
30 46 395 0.814
30 47 432 0.846
30 48 489 0.807
31 1 564 0.622
31 2 506 0.596
31 3 535 0.579
31 4 564 0.533
31 5 540 0.315
31 6 529 0.554
31 7 459 0.755
31 8 472 0.652
31 9 457 0.835
31 10 454 0.729
31 11 375 0.856
31 12 445 0.859
31 13 503 0.674
31 14 455 0.798
31 15 433 0.814
31 16 426 0.857
31 17 428 0.839
31 18 479 0.73
31 19 332 0.835
31 20 324 0.724
31 21 412 0.814
31 22 395 0.869
31 23 503 0.716
31 24 418 0.73
31 25 381 0.878
31 26 420 0.795
31 27 437 0.844
31 28 411 0.782
31 29 426 0.865
31 30 411 0.658
31 31 409 0.79
31 32 428 0.856
31 33 427 0.796
31 34 433 0.761
31 35 408 0.854
31 36 428 0.782
31 37 393 0.786
31 38 467 0.787
31 39 385 0.811
31 40 417 0.758
31 41 404 0.838
31 42 385 0.806
31 43 382 0.744
31 44 409 0.752
31 45 392 0.742
31 46 443 0.719
31 47 427 0.849
31 48 466 0.797
32 1 582 0.467
32 2 473 0.407
32 3 547 0.366
32 4 675 0.718
32 5 533 0.52
32 6 450 0.665
32 7 516 0.799
32 8 520 0.748
32 9 505 0.813
32 10 353 0.706
32 11 443 0.783
32 12 476 0.814
32 13 380 0.558
32 14 275 0.861
32 15 346 0.698
32 16 387 0.781
32 17 521 0.697
32 18 434 0.771
32 19 578 0.802
32 20 583 0.87
32 21 216 0.729
32 22 230 0.776
32 23 521 0.69
32 24 364 0.826
32 25 331 0.888
32 26 353 0.827
32 27 283 0.812
32 28 289 0.745
32 29 150 0.858
32 30 400 0.8
32 31 460 0.692
32 32 435 0.823
32 33 0 0.0
32 34 0 0.0
32 35 519 0.841
32 36 527 0.807
32 37 502 0.892
32 38 556 0.811
32 39 551 0.735
32 40 577 0.702
32 41 605 0.811
32 42 619 0.806
32 43 490 0.842
32 44 545 0.715
32 45 553 0.783
32 46 660 0.705
32 47 558 0.788
32 48 482 0.682
