row  column  size-1  circ-1
1 1 510 0.889
1 2 493 0.814
1 3 433 0.848
1 4 448 0.699
1 5 410 0.799
1 6 347 0.834
1 7 303 0.863
1 8 416 0.82
1 9 334 0.758
1 10 329 0.848
1 11 371 0.793
1 12 393 0.892
1 13 351 0.822
1 14 357 0.823
1 15 418 0.798
1 16 399 0.866
1 17 442 0.864
1 18 426 0.823
1 19 324 0.827
1 20 430 0.83
1 21 361 0.827
1 22 373 0.9
1 23 399 0.905
1 24 432 0.91
1 25 374 0.862
1 26 386 0.876
1 27 404 0.803
1 28 409 0.913
1 29 379 0.893
1 30 408 0.828
1 31 411 0.847
1 32 425 0.868
1 33 431 0.881
1 34 417 0.897
1 35 431 0.875
1 36 461 0.86
1 37 442 0.854
1 38 434 0.85
1 39 528 0.85
1 40 512 0.836
1 41 454 0.864
1 42 508 0.921
1 43 615 0.897
1 44 669 0.906
1 45 547 0.863
1 46 575 0.804
1 47 648 0.788
1 48 611 0.813
2 1 409 0.758
2 2 410 0.72
2 3 0 0.0
2 4 10 0.982
2 5 288 0.847
2 6 290 0.812
2 7 263 0.751
2 8 256 0.816
2 9 294 0.904
2 10 296 0.858
2 11 0 0.0
2 12 172 0.839
2 13 302 0.789
2 14 278 0.778
2 15 0 0.0
2 16 289 0.77
2 17 34 0.853
2 18 36 0.996
2 19 0 0.0
2 20 18 0.895
2 21 295 0.9
2 22 334 0.84
2 23 0 0.0
2 24 324 0.897
2 25 315 0.904
2 26 331 0.77
2 27 133 0.946
2 28 163 0.849
2 29 334 0.838
2 30 326 0.866
2 31 280 0.765
2 32 290 0.832
2 33 355 0.732
2 34 378 0.826
2 35 304 0.872
2 36 275 0.877
2 37 335 0.849
2 38 329 0.848
2 39 308 0.877
2 40 362 0.853
2 41 329 0.874
2 42 369 0.89
2 43 356 0.853
2 44 389 0.85
2 45 42 0.846
2 46 47 0.778
2 47 472 0.898
2 48 538 0.883
3 1 377 0.756
3 2 354 0.888
3 3 256 0.913
3 4 269 0.858
3 5 204 0.909
3 6 201 0.839
3 7 204 0.722
3 8 210 0.861
3 9 198 0.772
3 10 219 0.725
3 11 245 0.834
3 12 228 0.813
3 13 229 0.788
3 14 227 0.931
3 15 300 0.854
3 16 250 0.899
3 17 209 0.805
3 18 267 0.821
3 19 278 0.827
3 20 262 0.754
3 21 271 0.836
3 22 264 0.765
3 23 224 0.777
3 24 252 0.757
3 25 262 0.779
3 26 236 0.866
3 27 228 0.871
3 28 252 0.874
3 29 308 0.813
3 30 259 0.826
3 31 305 0.799
3 32 252 0.813
3 33 277 0.867
3 34 268 0.783
3 35 271 0.905
3 36 238 0.891
3 37 317 0.851
3 38 292 0.891
3 39 249 0.871
3 40 280 0.893
3 41 302 0.866
3 42 294 0.837
3 43 329 0.854
3 44 306 0.836
3 45 369 0.85
3 46 371 0.875
3 47 401 0.868
3 48 453 0.833
4 1 383 0.766
4 2 305 0.75
4 3 241 0.843
4 4 176 0.847
4 5 251 0.854
4 6 194 0.779
4 7 201 0.895
4 8 185 0.843
4 9 189 0.645
4 10 347 0.64
4 11 172 0.727
4 12 180 0.916
4 13 203 0.85
4 14 204 0.779
4 15 214 0.87
4 16 224 0.899
4 17 154 0.643
4 18 212 0.859
4 19 228 0.853
4 20 250 0.797
4 21 235 0.822
4 22 228 0.871
4 23 208 0.751
4 24 274 0.694
4 25 208 0.879
4 26 273 0.871
4 27 218 0.793
4 28 269 0.923
4 29 250 0.825
4 30 296 0.864
4 31 42 -1.0
4 32 38 0.905
4 33 255 0.829
4 34 237 0.887
4 35 211 0.813
4 36 255 0.75
4 37 241 0.763
4 38 211 0.928
4 39 267 0.916
4 40 261 0.906
4 41 282 0.86
4 42 267 0.909
4 43 254 0.913
4 44 244 0.87
4 45 310 0.867
4 46 337 0.765
4 47 374 0.835
4 48 465 0.885
5 1 362 0.72
5 2 293 0.887
5 3 202 0.836
5 4 208 0.772
5 5 220 0.81
5 6 174 0.837
5 7 197 0.678
5 8 224 0.771
5 9 182 0.875
5 10 186 0.866
5 11 191 0.843
5 12 169 0.77
5 13 184 0.906
5 14 205 0.823
5 15 196 0.873
5 16 202 0.846
5 17 189 0.842
5 18 199 0.895
5 19 231 0.865
5 20 223 0.877
5 21 229 0.833
5 22 190 0.828
5 23 167 0.85
5 24 152 0.811
5 25 211 0.92
5 26 233 0.808
5 27 219 0.934
5 28 223 0.845
5 29 200 0.919
5 30 235 0.815
5 31 233 0.89
5 32 263 0.878
5 33 264 0.858
5 34 226 0.743
5 35 272 0.845
5 36 258 0.871
5 37 236 0.866
5 38 237 0.905
5 39 248 0.86
5 40 242 0.84
5 41 224 0.856
5 42 262 0.892
5 43 295 0.846
5 44 247 0.881
5 45 283 0.879
5 46 303 0.813
5 47 383 0.869
5 48 442 0.848
6 1 372 0.844
6 2 284 0.775
6 3 230 0.854
6 4 206 0.78
6 5 49 0.811
6 6 54 0.857
6 7 189 0.816
6 8 198 0.863
6 9 16 0.857
6 10 14 0.993
6 11 195 0.617
6 12 176 0.895
6 13 163 0.707
6 14 186 0.803
6 15 175 0.899
6 16 168 0.863
6 17 213 0.831
6 18 178 0.829
6 19 196 0.881
6 20 193 0.809
6 21 208 0.898
6 22 194 0.864
6 23 252 0.924
6 24 156 0.892
6 25 200 0.919
6 26 214 0.842
6 27 184 0.877
6 28 216 0.894
6 29 220 0.883
6 30 248 0.91
6 31 218 0.875
6 32 235 0.872
6 33 69 0.976
6 34 45 0.97
6 35 190 0.821
6 36 213 0.928
6 37 35 0.968
6 38 39 0.949
6 39 229 0.901
6 40 284 0.866
6 41 238 0.849
6 42 212 0.896
6 43 234 0.894
6 44 260 0.852
6 45 31 0.858
6 46 35 -1.0
6 47 369 0.801
6 48 458 0.72
7 1 336 0.872
7 2 269 0.898
7 3 221 0.782
7 4 189 0.909
7 5 206 0.845
7 6 173 0.832
7 7 150 0.781
7 8 219 0.898
7 9 148 0.868
7 10 151 0.814
7 11 191 0.76
7 12 194 0.864
7 13 200 0.749
7 14 193 0.816
7 15 205 0.866
7 16 191 0.851
7 17 191 0.783
7 18 203 0.885
7 19 137 0.764
7 20 213 0.908
7 21 230 0.924
7 22 147 0.904
7 23 185 0.902
7 24 214 0.904
7 25 180 0.886
7 26 250 0.844
7 27 242 0.863
7 28 189 0.861
7 29 203 0.858
7 30 202 0.735
7 31 176 0.847
7 32 153 0.833
7 33 236 0.859
7 34 262 0.916
7 35 121 0.91
7 36 176 0.904
7 37 259 0.906
7 38 258 0.878
7 39 243 0.884
7 40 229 0.875
7 41 260 0.909
7 42 251 0.885
7 43 225 0.842
7 44 250 0.851
7 45 259 0.842
7 46 287 0.86
7 47 354 0.854
7 48 469 0.719
8 1 377 0.842
8 2 289 0.85
8 3 251 0.78
8 4 204 0.795
8 5 242 0.87
8 6 224 0.863
8 7 184 0.677
8 8 178 0.848
8 9 174 0.877
8 10 173 0.788
8 11 185 0.792
8 12 179 0.834
8 13 175 0.861
8 14 194 0.942
8 15 139 0.742
8 16 183 0.889
8 17 192 0.829
8 18 190 0.902
8 19 159 0.75
8 20 202 0.836
8 21 131 0.639
8 22 133 0.809
8 23 184 0.812
8 24 206 0.871
8 25 182 0.803
8 26 192 0.894
8 27 198 0.855
8 28 233 0.905
8 29 232 0.868
8 30 247 0.888
8 31 206 0.898
8 32 227 0.794
8 33 244 0.856
8 34 199 0.859
8 35 225 0.904
8 36 256 0.895
8 37 238 0.801
8 38 214 0.834
8 39 271 0.842
8 40 220 0.807
8 41 204 0.909
8 42 247 0.906
8 43 241 0.827
8 44 256 0.816
8 45 300 0.922
8 46 306 0.884
8 47 358 0.825
8 48 475 0.759
9 1 365 0.841
9 2 278 0.894
9 3 277 0.836
9 4 224 0.892
9 5 211 0.823
9 6 210 0.764
9 7 223 0.835
9 8 189 0.853
9 9 231 0.865
9 10 213 0.874
9 11 174 0.916
9 12 201 0.868
9 13 189 0.799
9 14 175 0.831
9 15 216 0.894
9 16 202 0.821
9 17 190 0.923
9 18 239 0.86
9 19 190 0.846
9 20 184 0.761
9 21 208 0.853
9 22 191 0.886
9 23 205 0.833
9 24 206 0.878
9 25 189 0.853
9 26 180 0.838
9 27 205 0.877
9 28 233 0.89
9 29 237 0.845
9 30 249 0.864
9 31 165 0.804
9 32 183 0.918
9 33 253 0.885
9 34 226 0.908
9 35 244 0.877
9 36 213 0.889
9 37 248 0.724
9 38 186 0.829
9 39 266 0.909
9 40 227 0.893
9 41 270 0.845
9 42 245 0.899
9 43 232 0.894
9 44 260 0.917
9 45 254 0.913
9 46 274 0.888
9 47 351 0.895
9 48 502 0.783
10 1 348 0.744
10 2 292 0.891
10 3 88 0.799
10 4 93 0.871
10 5 37 0.838
10 6 26 -1.0
10 7 195 0.8
10 8 202 0.781
10 9 37 0.948
10 10 26 0.993
10 11 175 0.861
10 12 207 0.831
10 13 0 0.0
10 14 0 0.0
10 15 172 0.875
10 16 178 0.73
10 17 200 0.796
10 18 198 0.634
10 19 213 0.754
10 20 179 0.853
10 21 200 0.845
10 22 175 0.89
10 23 211 0.892
10 24 204 0.862
10 25 208 0.828
10 26 225 0.828
10 27 223 0.821
10 28 238 0.873
10 29 221 0.914
10 30 205 0.823
10 31 203 0.825
10 32 250 0.851
10 33 231 0.908
10 34 210 0.69
10 35 177 0.931
10 36 187 0.908
10 37 135 0.923
10 38 121 0.85
10 39 243 0.891
10 40 230 0.886
10 41 236 0.819
10 42 240 0.873
10 43 245 0.891
10 44 263 0.817
10 45 35 0.968
10 46 41 0.976
10 47 341 0.856
10 48 515 0.845
11 1 383 0.773
11 2 323 0.852
11 3 214 0.885
11 4 204 0.696
11 5 193 0.816
11 6 210 0.861
11 7 182 0.926
11 8 175 0.89
11 9 202 0.804
11 10 175 0.861
11 11 178 0.848
11 12 208 0.898
11 13 181 0.891
11 14 205 0.874
11 15 213 0.863
11 16 200 0.891
11 17 185 0.87
11 18 208 0.853
11 19 166 0.877
11 20 207 0.886
11 21 182 0.829
11 22 190 0.885
11 23 178 0.868
11 24 150 0.692
11 25 225 0.867
11 26 216 0.832
11 27 159 0.79
11 28 205 0.816
11 29 234 0.844
11 30 250 0.899
11 31 144 0.899
11 32 130 0.824
11 33 247 0.834
11 34 241 0.877
11 35 278 0.88
11 36 221 0.82
11 37 230 0.861
11 38 263 0.902
11 39 204 0.929
11 40 0 0.0
11 41 193 0.887
11 42 235 0.905
11 43 239 0.902
11 44 275 0.852
11 45 275 0.901
11 46 331 0.888
11 47 380 0.756
11 48 507 0.855
12 1 327 0.684
12 2 265 0.65
12 3 252 0.835
12 4 275 0.789
12 5 229 0.801
12 6 217 0.687
12 7 217 0.783
12 8 213 0.762
12 9 203 0.858
12 10 171 0.804
12 11 219 0.72
12 12 183 0.833
12 13 175 0.89
12 14 189 0.834
12 15 206 0.787
12 16 203 0.877
12 17 272 0.684
12 18 157 0.858
12 19 204 0.862
12 20 184 0.812
12 21 140 0.842
12 22 122 0.844
12 23 194 0.912
12 24 237 0.8
12 25 215 0.871
12 26 212 0.896
12 27 201 0.66
12 28 240 0.863
12 29 221 0.782
12 30 215 0.767
12 31 229 0.857
12 32 197 0.878
12 33 236 0.883
12 34 232 0.886
12 35 248 0.877
12 36 241 0.853
12 37 245 0.827
12 38 264 0.923
12 39 247 0.864
12 40 267 0.868
12 41 245 0.84
12 42 293 0.856
12 43 41 0.928
12 44 39 0.771
12 45 289 0.888
12 46 322 0.908
12 47 364 0.907
12 48 490 0.741
13 1 371 0.765
13 2 326 0.84
13 3 275 0.764
13 4 254 0.841
13 5 238 0.832
13 6 198 0.855
13 7 224 0.831
13 8 229 0.758
13 9 179 0.834
13 10 211 0.884
13 11 203 0.904
13 12 216 0.875
13 13 187 0.908
13 14 182 0.796
13 15 184 0.914
13 16 112 0.867
13 17 192 0.781
13 18 204 0.889
13 19 193 0.759
13 20 197 0.878
13 21 194 0.838
13 22 196 0.839
13 23 218 0.875
13 24 227 0.912
13 25 218 0.85
13 26 205 0.856
13 27 246 0.902
13 28 231 0.84
13 29 224 0.907
13 30 243 0.891
13 31 211 0.873
13 32 241 0.86
13 33 276 0.929
13 34 238 0.819
13 35 264 0.757
13 36 264 0.898
13 37 246 0.921
13 38 268 0.861
13 39 237 0.913
13 40 243 0.827
13 41 199 0.915
13 42 275 0.877
13 43 298 0.834
13 44 265 0.909
13 45 280 0.91
13 46 311 0.892
13 47 348 0.847
13 48 443 0.868
14 1 353 0.88
14 2 314 0.87
14 3 109 0.918
14 4 137 0.746
14 5 228 0.868
14 6 229 0.882
14 7 246 0.793
14 8 205 0.833
14 9 218 0.883
14 10 86 0.86
14 11 181 0.799
14 12 184 0.849
14 13 36 0.903
14 14 19 0.944
14 15 176 0.887
14 16 187 0.871
14 17 189 0.869
14 18 185 0.919
14 19 219 0.83
14 20 208 0.853
14 21 195 0.908
14 22 0 0.0
14 23 229 0.867
14 24 233 0.89
14 25 43 0.867
14 26 46 0.992
14 27 235 0.887
14 28 212 0.859
14 29 221 0.844
14 30 219 0.887
14 31 0 0.0
14 32 11 0.715
14 33 52 0.861
14 34 50 0.962
14 35 180 0.895
14 36 210 0.802
14 37 224 0.799
14 38 248 0.867
14 39 223 0.911
14 40 282 0.906
14 41 228 0.836
14 42 250 0.892
14 43 271 0.864
14 44 303 0.827
14 45 49 0.943
14 46 45 0.97
14 47 366 0.844
14 48 425 0.863
15 1 468 0.772
15 2 281 0.781
15 3 275 0.854
15 4 250 0.719
15 5 214 0.824
15 6 187 0.818
15 7 181 0.799
15 8 196 0.881
15 9 180 0.895
15 10 200 0.827
15 11 167 0.891
15 12 211 0.847
15 13 202 0.828
15 14 197 0.897
15 15 184 0.857
15 16 203 0.877
15 17 194 0.912
15 18 193 0.791
15 19 182 0.875
15 20 211 0.806
15 21 222 0.792
15 22 220 0.785
15 23 223 0.842
15 24 204 0.881
15 25 221 0.906
15 26 250 0.925
15 27 212 0.869
15 28 222 0.848
15 29 255 0.91
15 30 229 0.882
15 31 188 0.83
15 32 184 0.936
15 33 252 0.864
15 34 218 0.883
15 35 219 0.861
15 36 221 0.851
15 37 234 0.858
15 38 234 0.851
15 39 222 0.866
15 40 172 0.936
15 41 240 0.898
15 42 243 0.843
15 43 255 0.899
15 44 281 0.854
15 45 292 0.832
15 46 293 0.884
15 47 333 0.85
15 48 444 0.821
16 1 364 0.82
16 2 278 0.848
16 3 286 0.863
16 4 220 0.84
16 5 239 0.718
16 6 275 0.884
16 7 197 0.642
16 8 216 0.809
16 9 212 0.869
16 10 199 0.792
16 11 173 0.86
16 12 132 0.846
16 13 204 0.819
16 14 203 0.885
16 15 195 0.869
16 16 201 0.79
16 17 187 0.694
16 18 162 0.503
16 19 202 0.846
16 20 211 0.806
16 21 228 0.83
16 22 237 0.742
16 23 186 0.875
16 24 201 0.879
16 25 215 0.909
16 26 199 0.886
16 27 41 -1.0
16 28 60 0.883
16 29 247 0.762
16 30 296 0.794
16 31 230 0.886
16 32 234 0.901
16 33 254 0.864
16 34 239 0.87
16 35 242 0.833
16 36 265 0.885
16 37 251 0.733
16 38 235 0.764
16 39 252 0.906
16 40 242 0.863
16 41 231 0.817
16 42 274 0.821
16 43 217 0.898
16 44 231 0.857
16 45 264 0.836
16 46 300 0.861
16 47 366 0.83
16 48 457 0.84
17 1 367 0.79
17 2 286 0.872
17 3 292 0.718
17 4 237 0.852
17 5 228 0.904
17 6 254 0.881
17 7 223 0.818
17 8 242 0.801
17 9 118 0.853
17 10 174 0.885
17 11 208 0.835
17 12 198 0.874
17 13 218 0.85
17 14 202 0.843
17 15 183 0.869
17 16 174 0.938
17 17 179 0.842
17 18 217 0.768
17 19 211 0.884
17 20 212 0.88
17 21 227 0.875
17 22 228 0.864
17 23 227 0.857
17 24 243 0.928
17 25 226 0.881
17 26 207 0.838
17 27 233 0.89
17 28 239 0.87
17 29 240 0.839
17 30 265 0.839
17 31 189 0.809
17 32 252 0.841
17 33 251 0.903
17 34 247 0.812
17 35 233 0.88
17 36 223 0.87
17 37 202 0.92
17 38 258 0.861
17 39 239 0.877
17 40 260 0.845
17 41 274 0.881
17 42 223 0.885
17 43 243 0.85
17 44 281 0.903
17 45 290 0.882
17 46 308 0.875
17 47 343 0.875
17 48 500 0.882
18 1 362 0.779
18 2 320 0.934
18 3 0 0.0
18 4 326 0.812
18 5 43 0.927
18 6 36 0.832
18 7 88 0.84
18 8 89 0.834
18 9 227 0.86
18 10 224 0.889
18 11 0 0.0
18 12 215 0.846
18 13 213 0.855
18 14 185 0.89
18 15 0 0.0
18 16 192 0.932
18 17 215 0.882
18 18 189 0.918
18 19 208 0.811
18 20 216 0.894
18 21 22 0.988
18 22 48 0.924
18 23 192 0.812
18 24 130 0.842
18 25 25 0.954
18 26 34 0.81
18 27 242 0.88
18 28 233 0.848
18 29 35 0.777
18 30 38 0.905
18 31 237 0.742
18 32 210 0.88
18 33 45 0.812
18 34 43 -1.0
18 35 220 0.823
18 36 255 0.772
18 37 28 -1.0
18 38 36 0.923
18 39 290 0.771
18 40 271 0.858
18 41 44 0.93
18 42 43 0.974
18 43 254 0.888
18 44 278 0.833
18 45 244 0.921
18 46 283 0.903
18 47 347 0.885
18 48 437 0.867
19 1 404 0.896
19 2 303 0.885
19 3 269 0.858
19 4 252 0.874
19 5 225 0.819
19 6 268 0.861
19 7 264 0.76
19 8 271 0.881
19 9 228 0.889
19 10 233 0.838
19 11 185 0.919
19 12 230 0.861
19 13 210 0.861
19 14 183 0.909
19 15 234 0.812
19 16 221 0.887
19 17 183 0.798
19 18 188 0.913
19 19 200 0.845
19 20 241 0.798
19 21 216 0.792
19 22 248 0.815
19 23 244 0.877
19 24 235 0.88
19 25 223 0.877
19 26 226 0.908
19 27 214 0.87
19 28 238 0.891
19 29 243 0.891
19 30 250 0.874
19 31 230 0.83
19 32 201 0.74
19 33 273 0.887
19 34 252 0.848
19 35 199 0.859
19 36 263 0.839
19 37 253 0.885
19 38 233 0.824
19 39 188 0.868
19 40 177 0.863
19 41 264 0.791
19 42 262 0.746
19 43 266 0.905
19 44 263 0.83
19 45 287 0.882
19 46 280 0.917
19 47 336 0.887
19 48 533 0.776
20 1 410 0.896
20 2 321 0.898
20 3 245 0.891
20 4 248 0.86
20 5 289 0.888
20 6 254 0.921
20 7 201 0.876
20 8 211 0.9
20 9 237 0.862
20 10 207 0.902
20 11 213 0.874
20 12 220 0.778
20 13 201 0.904
20 14 207 0.849
20 15 211 0.881
20 16 235 0.862
20 17 226 0.846
20 18 213 0.754
20 19 222 0.824
20 20 227 0.843
20 21 56 0.738
20 22 0 0.0
20 23 227 0.867
20 24 242 0.801
20 25 163 0.91
20 26 156 0.794
20 27 44 0.904
20 28 50 0.962
20 29 129 0.907
20 30 241 0.743
20 31 310 0.844
20 32 315 0.888
20 33 203 0.833
20 34 220 0.891
20 35 256 0.861
20 36 250 0.732
20 37 236 0.876
20 38 264 0.906
20 39 213 0.9
20 40 253 0.895
20 41 247 0.888
20 42 270 0.756
20 43 238 0.88
20 44 260 0.823
20 45 248 0.874
20 46 267 0.884
20 47 411 0.726
20 48 749 0.931
21 1 396 0.821
21 2 336 0.837
21 3 299 0.889
21 4 271 0.833
21 5 281 0.873
21 6 210 0.915
21 7 265 0.875
21 8 209 0.865
21 9 244 0.888
21 10 209 0.911
21 11 229 0.786
21 12 204 0.862
21 13 203 0.877
21 14 215 0.831
21 15 167 0.882
21 16 160 0.915
21 17 182 0.884
21 18 210 0.88
21 19 192 0.844
21 20 216 0.902
21 21 210 0.88
21 22 192 0.911
21 23 217 0.879
21 24 232 0.879
21 25 252 0.858
21 26 236 0.883
21 27 237 0.806
21 28 232 0.868
21 29 215 0.882
21 30 228 0.813
21 31 222 0.792
21 32 280 0.854
21 33 239 0.887
21 34 235 0.898
21 35 225 0.885
21 36 251 0.921
21 37 223 0.877
21 38 263 0.861
21 39 250 0.858
21 40 258 0.902
21 41 246 0.806
21 42 252 0.881
21 43 248 0.91
21 44 248 0.867
21 45 268 0.878
21 46 278 0.854
21 47 349 0.746
21 48 470 0.747
22 1 415 0.874
22 2 328 0.902
22 3 279 0.83
22 4 298 0.877
22 5 49 0.885
22 6 40 -1.0
22 7 236 0.902
22 8 268 0.895
22 9 40 0.906
22 10 25 -1.0
22 11 223 0.895
22 12 207 0.807
22 13 256 0.913
22 14 171 0.85
22 15 192 0.883
22 16 198 0.89
22 17 191 0.898
22 18 212 0.834
22 19 218 0.8
22 20 206 0.878
22 21 218 0.902
22 22 241 0.91
22 23 113 0.875
22 24 92 0.902
22 25 37 -1.0
22 26 36 0.974
22 27 266 0.93
22 28 226 0.889
22 29 183 0.909
22 30 175 0.878
22 31 221 0.851
22 32 219 0.879
22 33 234 0.876
22 34 201 0.884
22 35 227 0.843
22 36 246 0.929
22 37 250 0.858
22 38 246 0.808
22 39 217 0.806
22 40 226 0.904
22 41 50 0.903
22 42 51 0.981
22 43 278 0.848
22 44 217 0.829
22 45 252 0.899
22 46 287 0.853
22 47 355 0.788
22 48 441 0.795
23 1 462 0.862
23 2 350 0.908
23 3 272 0.836
23 4 262 0.924
23 5 278 0.833
23 6 247 0.906
23 7 196 0.821
23 8 187 0.879
23 9 194 0.845
23 10 194 0.921
23 11 200 0.845
23 12 236 0.909
23 13 216 0.933
23 14 235 0.862
23 15 211 0.823
23 16 225 0.842
23 17 211 0.847
23 18 219 0.879
23 19 205 0.905
23 20 234 0.894
23 21 267 0.916
23 22 225 0.911
23 23 261 0.913
23 24 245 0.917
23 25 235 0.872
23 26 225 0.885
23 27 266 0.938
23 28 247 0.696
23 29 262 0.845
23 30 239 0.829
23 31 245 0.867
23 32 236 0.883
23 33 262 0.909
23 34 228 0.897
23 35 199 0.895
23 36 250 0.892
23 37 267 0.891
23 38 211 0.9
23 39 252 0.851
23 40 225 0.812
23 41 247 0.899
23 42 270 0.894
23 43 242 0.84
23 44 276 0.864
23 45 262 0.875
23 46 328 0.872
23 47 399 0.885
23 48 465 0.838
24 1 413 0.875
24 2 346 0.919
24 3 310 0.867
24 4 282 0.83
24 5 264 0.898
24 6 250 0.763
24 7 239 0.82
24 8 221 0.869
24 9 260 0.861
24 10 232 0.768
24 11 275 0.777
24 12 207 0.922
24 13 194 0.803
24 14 162 0.808
24 15 198 0.874
24 16 222 0.866
24 17 192 0.855
24 18 211 0.873
24 19 221 0.88
24 20 243 0.85
24 21 74 0.802
24 22 54 0.894
24 23 230 0.879
24 24 247 0.899
24 25 274 0.89
24 26 272 0.852
24 27 70 0.826
24 28 78 0.731
24 29 231 0.908
24 30 217 0.829
24 31 297 0.846
24 32 292 0.838
24 33 246 0.877
24 34 241 0.902
24 35 200 0.919
24 36 172 0.847
24 37 275 0.918
24 38 275 0.901
24 39 212 0.834
24 40 226 0.829
24 41 281 0.76
24 42 321 0.841
24 43 223 0.87
24 44 217 0.898
24 45 261 0.839
24 46 288 0.847
24 47 344 0.899
24 48 449 0.776
25 1 457 0.926
25 2 305 0.853
25 3 324 0.835
25 4 312 0.873
25 5 293 0.887
25 6 284 0.889
25 7 263 0.885
25 8 285 0.863
25 9 216 0.849
25 10 209 0.911
25 11 222 0.918
25 12 226 0.863
25 13 247 0.776
25 14 231 0.882
25 15 188 0.845
25 16 182 0.905
25 17 220 0.858
25 18 230 0.879
25 19 237 0.88
25 20 243 0.917
25 21 233 0.887
25 22 236 0.909
25 23 252 0.858
25 24 270 0.845
25 25 273 0.812
25 26 278 0.848
25 27 257 0.851
25 28 257 0.835
25 29 275 0.901
25 30 236 0.876
25 31 267 0.891
25 32 234 0.894
25 33 250 0.874
25 34 262 0.875
25 35 216 0.894
25 36 251 0.809
25 37 268 0.833
25 38 245 0.891
25 39 204 0.844
25 40 251 0.895
25 41 274 0.897
25 42 339 0.839
25 43 252 0.881
25 44 262 0.858
25 45 258 0.878
25 46 272 0.845
25 47 341 0.85
25 48 398 0.813
26 1 472 0.796
26 2 352 0.838
26 3 251 0.801
26 4 202 0.908
26 5 41 0.997
26 6 56 0.838
26 7 134 0.892
26 8 123 0.874
26 9 220 0.868
26 10 265 0.794
26 11 251 0.822
26 12 231 0.875
26 13 219 0.917
26 14 288 0.879
26 15 241 0.928
26 16 219 0.854
26 17 231 0.847
26 18 228 0.813
26 19 242 0.84
26 20 242 0.88
26 21 271 0.888
26 22 262 0.836
26 23 262 0.899
26 24 276 0.897
26 25 49 0.925
26 26 42 0.863
26 27 257 0.882
26 28 252 0.851
26 29 245 0.79
26 30 245 0.917
26 31 260 0.892
26 32 282 0.867
26 33 50 0.827
26 34 28 -1.0
26 35 237 0.829
26 36 247 0.84
26 37 249 0.881
26 38 265 0.909
26 39 254 0.921
26 40 220 0.865
26 41 47 0.848
26 42 50 0.749
26 43 266 0.799
26 44 223 0.866
26 45 266 0.864
26 46 296 0.787
26 47 281 0.864
26 48 362 0.832
27 1 513 0.837
27 2 381 0.827
27 3 347 0.851
27 4 298 0.855
27 5 309 0.893
27 6 242 0.817
27 7 228 0.897
27 8 242 0.895
27 9 244 0.877
27 10 247 0.888
27 11 221 0.877
27 12 230 0.82
27 13 252 0.851
27 14 239 0.887
27 15 251 0.854
27 16 206 0.898
27 17 234 0.858
27 18 226 0.935
27 19 230 0.871
27 20 238 0.826
27 21 234 0.876
27 22 300 0.743
27 23 239 0.87
27 24 251 0.895
27 25 281 0.913
27 26 266 0.809
27 27 251 0.861
27 28 262 0.916
27 29 253 0.878
27 30 258 0.885
27 31 281 0.896
27 32 278 0.894
27 33 212 0.834
27 34 261 0.871
27 35 206 0.863
27 36 226 0.881
27 37 282 0.851
27 38 262 0.892
27 39 263 0.861
27 40 255 0.885
27 41 318 0.881
27 42 267 0.901
27 43 272 0.908
27 44 238 0.863
27 45 227 0.85
27 46 295 0.907
27 47 327 0.834
27 48 341 0.804
28 1 526 0.852
28 2 409 0.874
28 3 414 0.864
28 4 313 0.882
28 5 235 0.831
28 6 307 0.881
28 7 275 0.901
28 8 260 0.935
28 9 282 0.924
28 10 281 0.873
28 11 216 0.743
28 12 238 0.819
28 13 230 0.897
28 14 218 0.84
28 15 272 0.884
28 16 219 0.861
28 17 252 0.899
28 18 221 0.862
28 19 264 0.898
28 20 248 0.867
28 21 334 0.887
28 22 346 0.883
28 23 276 0.743
28 24 303 0.869
28 25 226 0.889
28 26 257 0.844
28 27 30 0.952
28 28 28 0.889
28 29 261 0.839
28 30 302 0.851
28 31 359 0.742
28 32 346 0.851
28 33 264 0.858
28 34 247 0.874
28 35 284 0.607
28 36 238 0.747
28 37 269 0.915
28 38 270 0.826
28 39 291 0.865
28 40 264 0.888
28 41 259 0.913
28 42 270 0.877
28 43 287 0.809
28 44 283 0.854
28 45 279 0.88
28 46 290 0.875
28 47 304 0.77
28 48 327 0.815
29 1 616 0.82
29 2 277 0.845
29 3 377 0.861
29 4 335 0.849
29 5 341 0.817
29 6 347 0.845
29 7 322 0.797
29 8 285 0.826
29 9 261 0.855
29 10 284 0.882
29 11 243 0.811
29 12 291 0.856
29 13 299 0.808
29 14 262 0.892
29 15 259 0.82
29 16 253 0.885
29 17 277 0.817
29 18 255 0.745
29 19 229 0.908
29 20 347 0.68
29 21 246 0.821
29 22 271 0.871
29 23 311 0.835
29 24 304 0.872
29 25 325 0.858
29 26 343 0.875
29 27 328 0.865
29 28 325 0.837
29 29 300 0.805
29 30 303 0.811
29 31 274 0.881
29 32 246 0.793
29 33 276 0.887
29 34 326 0.875
29 35 299 0.852
29 36 307 0.836
29 37 311 0.861
29 38 285 0.845
29 39 308 0.827
29 40 327 0.893
29 41 291 0.779
29 42 297 0.702
29 43 294 0.881
29 44 253 0.892
29 45 215 0.889
29 46 218 0.872
29 47 306 0.856
29 48 362 0.848
30 1 93 0.975
30 2 115 0.969
30 3 454 0.842
30 4 348 0.873
30 5 58 0.821
30 6 56 0.927
30 7 332 0.891
30 8 263 0.895
30 9 326 0.826
30 10 0 0.0
30 11 298 0.834
30 12 293 0.924
30 13 127 0.584
30 14 102 0.926
30 15 306 0.917
30 16 313 0.87
30 17 325 0.771
30 18 310 0.919
30 19 320 0.85
30 20 283 0.927
30 21 279 0.823
30 22 0 0.0
30 23 102 0.848
30 24 125 0.823
30 25 34 0.853
30 26 42 0.863
30 27 353 0.785
30 28 376 0.853
30 29 212 0.888
30 30 206 0.845
30 31 322 0.784
30 32 311 0.855
30 33 34 0.871
30 34 18 0.868
30 35 337 0.784
30 36 284 0.838
30 37 30 0.73
30 38 21 0.752
30 39 351 0.779
30 40 350 0.899
30 41 21 0.824
30 42 0 0.0
30 43 331 0.88
30 44 528 0.874
30 45 255 0.778
30 46 324 0.821
30 47 311 0.71
30 48 349 0.836
31 1 570 0.836
31 2 510 0.894
31 3 436 0.854
31 4 401 0.857
31 5 415 0.866
31 6 371 0.875
31 7 361 0.921
31 8 360 0.824
31 9 394 0.812
31 10 392 0.796
31 11 355 0.824
31 12 366 0.844
31 13 412 0.86
31 14 430 0.786
31 15 370 0.858
31 16 365 0.836
31 17 389 0.863
31 18 314 0.864
31 19 353 0.88
31 20 364 0.872
31 21 366 0.83
31 22 374 0.868
31 23 367 0.846
31 24 451 0.871
31 25 399 0.74
31 26 395 0.882
31 27 385 0.801
31 28 400 0.893
31 29 384 0.858
31 30 390 0.797
31 31 385 0.821
31 32 405 0.827
31 33 400 0.855
31 34 398 0.82
31 35 369 0.87
31 36 388 0.663
31 37 413 0.864
31 38 413 0.908
31 39 383 0.869
31 40 370 0.872
31 41 371 0.829
31 42 393 0.84
31 43 428 0.81
31 44 427 0.854
31 45 366 0.869
31 46 355 0.831
31 47 398 0.764
31 48 432 0.669
32 1 639 0.842
32 2 662 0.862
32 3 474 0.889
32 4 492 0.846
32 5 527 0.889
32 6 542 0.89
32 7 466 0.828
32 8 508 0.834
32 9 475 0.849
32 10 487 0.866
32 11 419 0.888
32 12 491 0.837
32 13 513 0.875
32 14 464 0.836
32 15 469 0.855
32 16 411 0.847
32 17 535 0.779
32 18 526 0.847
32 19 400 0.88
32 20 482 0.862
32 21 429 0.851
32 22 387 0.851
32 23 500 0.827
32 24 471 0.849
32 25 475 0.844
32 26 581 0.872
32 27 64 0.559
32 28 96 0.642
32 29 551 0.804
32 30 545 0.871
32 31 453 0.838
32 32 548 0.833
32 33 565 0.87
32 34 573 0.725
32 35 513 0.87
32 36 549 0.781
32 37 538 0.773
32 38 565 0.818
32 39 537 0.802
32 40 547 0.847
32 41 551 0.812
32 42 591 0.779
32 43 544 0.669
32 44 573 0.824
32 45 577 0.746
32 46 482 0.84
32 47 433 0.866
32 48 425 0.623
