row  column  size-1  circ-1
1 1 543 0.858
1 2 488 0.772
1 3 529 0.841
1 4 696 0.833
1 5 478 0.826
1 6 481 0.872
1 7 546 0.832
1 8 500 0.894
1 9 370 0.731
1 10 435 0.865
1 11 436 0.83
1 12 452 0.805
1 13 414 0.835
1 14 325 0.818
1 15 478 0.828
1 16 457 0.882
1 17 297 0.778
1 18 351 0.822
1 19 409 0.785
1 20 406 0.77
1 21 430 0.905
1 22 431 0.704
1 23 425 0.85
1 24 424 0.848
1 25 422 0.857
1 26 406 0.807
1 27 434 0.752
1 28 412 0.819
1 29 334 0.808
1 30 413 0.786
1 31 428 0.839
1 32 402 0.762
1 33 415 0.825
1 34 468 0.789
1 35 78 0.935
1 36 468 0.764
1 37 401 0.863
1 38 447 0.841
1 39 411 0.835
1 40 426 0.763
1 41 452 0.758
1 42 439 0.707
1 43 569 0.772
1 44 557 0.858
1 45 594 0.81
1 46 711 0.92
1 47 671 0.708
1 48 749 0.931
2 1 461 0.803
2 2 379 0.815
2 3 454 0.818
2 4 471 0.828
2 5 401 0.814
2 6 495 0.737
2 7 344 0.758
2 8 370 0.796
2 9 387 0.774
2 10 344 0.857
2 11 351 0.822
2 12 385 0.761
2 13 404 0.792
2 14 348 0.807
2 15 357 0.855
2 16 388 0.88
2 17 318 0.839
2 18 352 0.811
2 19 447 0.754
2 20 300 0.75
2 21 350 0.772
2 22 368 0.867
2 23 361 0.808
2 24 344 0.846
2 25 335 0.849
2 26 346 0.775
2 27 366 0.844
2 28 323 0.746
2 29 322 0.85
2 30 276 0.836
2 31 311 0.877
2 32 385 0.777
2 33 212 0.794
2 34 201 0.85
2 35 383 0.819
2 36 359 0.791
2 37 354 0.73
2 38 463 0.776
2 39 371 0.88
2 40 452 0.826
2 41 448 0.819
2 42 452 0.826
2 43 512 0.847
2 44 574 0.831
2 45 512 0.873
2 46 579 0.8
2 47 636 0.843
2 48 749 0.931
3 1 472 0.839
3 2 449 0.778
3 3 424 0.843
3 4 481 0.796
3 5 387 0.912
3 6 370 0.791
3 7 304 0.783
3 8 323 0.776
3 9 258 0.802
3 10 402 0.716
3 11 286 0.732
3 12 319 0.79
3 13 0 0.0
3 14 26 0.805
3 15 286 0.857
3 16 302 0.825
3 17 301 0.87
3 18 273 0.703
3 19 412 0.662
3 20 259 0.743
3 21 271 0.786
3 22 281 0.754
3 23 292 0.679
3 24 391 0.811
3 25 303 0.768
3 26 289 0.844
3 27 269 0.858
3 28 346 0.834
3 29 312 0.817
3 30 307 0.726
3 31 292 0.853
3 32 307 0.731
3 33 315 0.831
3 34 333 0.767
3 35 195 0.739
3 36 175 0.65
3 37 334 0.821
3 38 345 0.834
3 39 315 0.798
3 40 414 0.806
3 41 409 0.785
3 42 347 0.826
3 43 401 0.863
3 44 348 0.834
3 45 456 0.775
3 46 424 0.797
3 47 469 0.813
3 48 669 0.63
4 1 550 0.73
4 2 549 0.815
4 3 467 0.832
4 4 441 0.779
4 5 341 0.811
4 6 303 0.863
4 7 288 0.692
4 8 339 0.825
4 9 329 0.905
4 10 290 0.841
4 11 296 0.814
4 12 369 0.864
4 13 303 0.898
4 14 316 0.834
4 15 291 0.829
4 16 293 0.725
4 17 271 0.836
4 18 278 0.88
4 19 243 0.811
4 20 285 0.792
4 21 273 0.839
4 22 258 0.767
4 23 276 0.821
4 24 283 0.841
4 25 221 0.676
4 26 273 0.764
4 27 253 0.674
4 28 318 0.769
4 29 256 0.742
4 30 250 0.821
4 31 248 0.737
4 32 256 0.769
4 33 294 0.897
4 34 301 0.816
4 35 296 0.864
4 36 276 0.8
4 37 303 0.755
4 38 358 0.884
4 39 356 0.859
4 40 347 0.807
4 41 363 0.818
4 42 322 0.721
4 43 365 0.869
4 44 293 0.755
4 45 322 0.728
4 46 380 0.705
4 47 463 0.752
4 48 673 0.815
5 1 503 0.753
5 2 466 0.812
5 3 467 0.854
5 4 411 0.773
5 5 328 0.865
5 6 266 0.864
5 7 321 0.827
5 8 325 0.866
5 9 341 0.769
5 10 249 0.788
5 11 259 0.826
5 12 274 0.874
5 13 267 0.8
5 14 273 0.758
5 15 260 0.836
5 16 309 0.735
5 17 225 0.885
5 18 263 0.782
5 19 241 0.73
5 20 246 0.739
5 21 261 0.881
5 22 257 0.851
5 23 235 0.838
5 24 262 0.779
5 25 240 0.888
5 26 271 0.777
5 27 272 0.845
5 28 237 0.67
5 29 229 0.801
5 30 253 0.801
5 31 280 0.848
5 32 337 0.658
5 33 271 0.8
5 34 246 0.793
5 35 278 0.903
5 36 281 0.873
5 37 258 0.861
5 38 245 0.769
5 39 267 0.755
5 40 336 0.826
5 41 299 0.77
5 42 355 0.687
5 43 516 0.762
5 44 341 0.793
5 45 268 0.818
5 46 334 0.703
5 47 477 0.789
5 48 696 0.879
6 1 420 0.871
6 2 330 0.877
6 3 409 0.79
6 4 400 0.848
6 5 396 0.789
6 6 322 0.766
6 7 285 0.699
6 8 312 0.767
6 9 275 0.762
6 10 254 0.783
6 11 249 0.831
6 12 247 0.857
6 13 242 0.863
6 14 280 0.883
6 15 246 0.83
6 16 259 0.832
6 17 248 0.867
6 18 250 0.867
6 19 215 0.68
6 20 244 0.725
6 21 185 0.89
6 22 247 0.847
6 23 237 0.829
6 24 251 0.794
6 25 245 0.834
6 26 228 0.708
6 27 270 0.803
6 28 253 0.739
6 29 240 0.849
6 30 267 0.766
6 31 258 0.895
6 32 239 0.724
6 33 251 0.816
6 34 251 0.78
6 35 259 0.784
6 36 248 0.854
6 37 247 0.825
6 38 257 0.792
6 39 293 0.713
6 40 235 0.855
6 41 314 0.737
6 42 315 0.817
6 43 376 0.775
6 44 330 0.856
6 45 286 0.795
6 46 337 0.874
6 47 493 0.775
6 48 712 0.852
7 1 442 0.762
7 2 376 0.829
7 3 402 0.799
7 4 409 0.723
7 5 372 0.82
7 6 351 0.791
7 7 288 0.856
7 8 324 0.784
7 9 245 0.811
7 10 267 0.786
7 11 251 0.878
7 12 235 0.831
7 13 283 0.76
7 14 336 0.878
7 15 208 0.861
7 16 227 0.843
7 17 232 0.811
7 18 307 0.719
7 19 244 0.707
7 20 236 0.859
7 21 274 0.748
7 22 219 0.813
7 23 238 0.81
7 24 260 0.722
7 25 231 0.801
7 26 257 0.875
7 27 244 0.733
7 28 246 0.808
7 29 240 0.866
7 30 245 0.769
7 31 249 0.652
7 32 244 0.847
7 33 249 0.854
7 34 230 0.879
7 35 262 0.799
7 36 223 0.835
7 37 309 0.765
7 38 300 0.633
7 39 258 0.878
7 40 278 0.818
7 41 319 0.777
7 42 282 0.789
7 43 317 0.817
7 44 322 0.726
7 45 288 0.773
7 46 425 0.656
7 47 489 0.755
7 48 688 0.776
8 1 472 0.701
8 2 358 0.807
8 3 427 0.844
8 4 309 0.835
8 5 249 0.847
8 6 351 0.786
8 7 236 0.894
8 8 225 0.867
8 9 298 0.82
8 10 289 0.829
8 11 244 0.888
8 12 240 0.817
8 13 304 0.81
8 14 255 0.675
8 15 197 0.725
8 16 181 0.765
8 17 250 0.806
8 18 257 0.784
8 19 268 0.855
8 20 266 0.826
8 21 258 0.878
8 22 236 0.883
8 23 197 0.691
8 24 208 0.772
8 25 263 0.861
8 26 259 0.842
8 27 261 0.73
8 28 263 0.871
8 29 257 0.835
8 30 240 0.849
8 31 230 0.762
8 32 230 0.879
8 33 269 0.858
8 34 221 0.827
8 35 241 0.853
8 36 247 0.871
8 37 254 0.888
8 38 255 0.829
8 39 103 0.821
8 40 142 0.91
8 41 298 0.757
8 42 285 0.892
8 43 363 0.703
8 44 328 0.851
8 45 329 0.77
8 46 434 0.681
8 47 450 0.686
8 48 659 0.842
9 1 387 0.77
9 2 368 0.787
9 3 435 0.876
9 4 353 0.803
9 5 329 0.77
9 6 284 0.815
9 7 239 0.902
9 8 268 0.861
9 9 214 0.878
9 10 237 0.887
9 11 311 0.735
9 12 266 0.864
9 13 281 0.724
9 14 273 0.745
9 15 245 0.834
9 16 262 0.875
9 17 253 0.838
9 18 257 0.858
9 19 237 0.869
9 20 234 0.835
9 21 260 0.909
9 22 192 0.911
9 23 248 0.67
9 24 244 0.853
9 25 237 0.822
9 26 267 0.788
9 27 116 0.848
9 28 101 0.805
9 29 248 0.743
9 30 250 0.812
9 31 239 0.771
9 32 286 0.872
9 33 257 0.875
9 34 222 0.77
9 35 247 0.748
9 36 248 0.91
9 37 243 0.843
9 38 259 0.931
9 39 256 0.878
9 40 287 0.832
9 41 285 0.812
9 42 285 0.899
9 43 330 0.739
9 44 324 0.802
9 45 397 0.808
9 46 380 0.82
9 47 545 0.74
9 48 636 0.761
10 1 431 0.822
10 2 415 0.83
10 3 432 0.834
10 4 373 0.879
10 5 265 0.788
10 6 279 0.789
10 7 306 0.701
10 8 258 0.787
10 9 271 0.842
10 10 262 0.889
10 11 90 0.943
10 12 107 0.805
10 13 282 0.721
10 14 238 0.782
10 15 277 0.877
10 16 260 0.861
10 17 216 0.867
10 18 244 0.83
10 19 241 0.843
10 20 205 0.755
10 21 192 0.829
10 22 248 0.719
10 23 290 0.853
10 24 237 0.845
10 25 259 0.82
10 26 280 0.832
10 27 285 0.854
10 28 256 0.769
10 29 350 0.686
10 30 261 0.895
10 31 261 0.79
10 32 262 0.909
10 33 233 0.865
10 34 234 0.733
10 35 247 0.84
10 36 243 0.867
10 37 249 0.803
10 38 267 0.788
10 39 280 0.839
10 40 264 0.858
10 41 272 0.852
10 42 286 0.773
10 43 322 0.85
10 44 334 0.813
10 45 352 0.838
10 46 411 0.796
10 47 479 0.633
10 48 640 0.737
11 1 495 0.664
11 2 467 0.645
11 3 414 0.752
11 4 397 0.873
11 5 309 0.829
11 6 323 0.781
11 7 225 0.739
11 8 263 0.839
11 9 289 0.67
11 10 329 0.73
11 11 260 0.861
11 12 265 0.861
11 13 183 0.852
11 14 263 0.788
11 15 252 0.755
11 16 222 0.729
11 17 264 0.721
11 18 280 0.839
11 19 289 0.857
11 20 229 0.893
11 21 268 0.839
11 22 241 0.836
11 23 258 0.878
11 24 251 0.878
11 25 262 0.851
11 26 261 0.832
11 27 229 0.767
11 28 292 0.875
11 29 266 0.871
11 30 224 0.831
11 31 309 0.844
11 32 240 0.833
11 33 227 0.833
11 34 241 0.777
11 35 234 0.901
11 36 223 0.767
11 37 249 0.871
11 38 247 0.881
11 39 255 0.91
11 40 229 0.758
11 41 256 0.804
11 42 308 0.745
11 43 292 0.891
11 44 298 0.8
11 45 359 0.614
11 46 389 0.888
11 47 517 0.774
11 48 667 0.838
12 1 406 0.7
12 2 358 0.727
12 3 417 0.753
12 4 362 0.798
12 5 307 0.675
12 6 307 0.881
12 7 230 0.722
12 8 297 0.831
12 9 286 0.835
12 10 282 0.845
12 11 246 0.837
12 12 291 0.894
12 13 261 0.776
12 14 260 0.829
12 15 252 0.789
12 16 255 0.861
12 17 270 0.861
12 18 244 0.903
12 19 245 0.874
12 20 259 0.805
12 21 275 0.848
12 22 299 0.831
12 23 266 0.797
12 24 247 0.857
12 25 259 0.881
12 26 228 0.853
12 27 287 0.811
12 28 295 0.826
12 29 243 0.811
12 30 238 0.759
12 31 236 0.866
12 32 249 0.871
12 33 247 0.809
12 34 208 0.853
12 35 225 0.781
12 36 217 0.836
12 37 303 0.788
12 38 227 0.797
12 39 241 0.877
12 40 275 0.833
12 41 271 0.791
12 42 310 0.83
12 43 302 0.696
12 44 314 0.742
12 45 380 0.836
12 46 388 0.725
12 47 463 0.781
12 48 689 0.788
13 1 520 0.822
13 2 387 0.912
13 3 403 0.867
13 4 394 0.83
13 5 0 0.0
13 6 0 0.0
13 7 290 0.812
13 8 321 0.827
13 9 280 0.751
13 10 313 0.84
13 11 233 0.898
13 12 278 0.746
13 13 276 0.806
13 14 258 0.761
13 15 271 0.888
13 16 270 0.794
13 17 275 0.877
13 18 291 0.85
13 19 254 0.795
13 20 315 0.873
13 21 75 0.932
13 22 252 0.804
13 23 272 0.884
13 24 210 0.836
13 25 296 0.91
13 26 274 0.851
13 27 278 0.833
13 28 255 0.807
13 29 224 0.831
13 30 245 0.818
13 31 287 0.875
13 32 262 0.814
13 33 258 0.767
13 34 233 0.824
13 35 234 0.835
13 36 253 0.861
13 37 231 0.78
13 38 220 0.91
13 39 266 0.82
13 40 237 0.785
13 41 272 0.8
13 42 268 0.763
13 43 274 0.8
13 44 305 0.698
13 45 372 0.871
13 46 416 0.679
13 47 443 0.861
13 48 607 0.777
14 1 437 0.861
14 2 404 0.843
14 3 423 0.769
14 4 291 0.737
14 5 348 0.815
14 6 293 0.786
14 7 249 0.774
14 8 251 0.825
14 9 230 0.854
14 10 274 0.815
14 11 266 0.765
14 12 244 0.713
14 13 259 0.832
14 14 276 0.821
14 15 276 0.821
14 16 278 0.848
14 17 270 0.788
14 18 267 0.926
14 19 284 0.72
14 20 280 0.716
14 21 268 0.763
14 22 264 0.881
14 23 277 0.839
14 24 317 0.803
14 25 266 0.771
14 26 267 0.712
14 27 256 0.804
14 28 281 0.913
14 29 274 0.858
14 30 276 0.806
14 31 230 0.691
14 32 247 0.782
14 33 254 0.888
14 34 232 0.821
14 35 282 0.86
14 36 251 0.878
14 37 251 0.816
14 38 282 0.803
14 39 259 0.888
14 40 274 0.874
14 41 292 0.853
14 42 284 0.71
14 43 301 0.822
14 44 332 0.76
14 45 356 0.797
14 46 377 0.789
14 47 429 0.742
14 48 585 0.775
15 1 403 0.716
15 2 397 0.688
15 3 431 0.815
15 4 386 0.747
15 5 358 0.802
15 6 362 0.737
15 7 210 0.88
15 8 182 0.875
15 9 296 0.75
15 10 275 0.894
15 11 264 0.865
15 12 254 0.864
15 13 274 0.858
15 14 254 0.789
15 15 244 0.778
15 16 279 0.89
15 17 252 0.804
15 18 254 0.841
15 19 252 0.899
15 20 239 0.792
15 21 259 0.906
15 22 245 0.802
15 23 253 0.816
15 24 254 0.825
15 25 262 0.759
15 26 283 0.857
15 27 256 0.81
15 28 379 0.765
15 29 276 0.857
15 30 275 0.833
15 31 256 0.913
15 32 290 0.862
15 33 256 0.855
15 34 279 0.762
15 35 233 0.824
15 36 228 0.782
15 37 326 0.812
15 38 263 0.657
15 39 255 0.745
15 40 279 0.815
15 41 188 0.805
15 42 194 0.892
15 43 326 0.735
15 44 327 0.834
15 45 380 0.762
15 46 382 0.744
15 47 465 0.735
15 48 670 0.777
16 1 418 0.719
16 2 397 0.849
16 3 409 0.774
16 4 381 0.769
16 5 331 0.801
16 6 446 0.777
16 7 295 0.792
16 8 280 0.826
16 9 231 0.84
16 10 202 0.828
16 11 270 0.763
16 12 294 0.763
16 13 317 0.798
16 14 281 0.754
16 15 224 0.777
16 16 244 0.7
16 17 286 0.715
16 18 282 0.86
16 19 252 0.683
16 20 264 0.865
16 21 265 0.852
16 22 282 0.662
16 23 284 0.762
16 24 283 0.886
16 25 303 0.819
16 26 258 0.665
16 27 322 0.705
16 28 280 0.734
16 29 170 0.886
16 30 255 0.935
16 31 284 0.803
16 32 292 0.811
16 33 273 0.783
16 34 270 0.78
16 35 253 0.792
16 36 245 0.857
16 37 266 0.783
16 38 247 0.776
16 39 245 0.85
16 40 274 0.83
16 41 282 0.847
16 42 270 0.769
16 43 405 0.777
16 44 347 0.845
16 45 339 0.839
16 46 388 0.867
16 47 421 0.776
16 48 620 0.871
17 1 588 0.822
17 2 434 0.63
17 3 421 0.797
17 4 403 0.728
17 5 348 0.777
17 6 378 0.726
17 7 256 0.825
17 8 272 0.761
17 9 232 0.762
17 10 306 0.869
17 11 241 0.814
17 12 216 0.809
17 13 259 0.848
17 14 269 0.734
17 15 30 0.857
17 16 32 0.74
17 17 277 0.824
17 18 288 0.76
17 19 255 0.772
17 20 291 0.856
17 21 254 0.81
17 22 232 0.768
17 23 256 0.716
17 24 251 0.78
17 25 258 0.885
17 26 298 0.714
17 27 305 0.827
17 28 282 0.83
17 29 313 0.806
17 30 285 0.752
17 31 312 0.817
17 32 316 0.759
17 33 255 0.807
17 34 341 0.781
17 35 247 0.925
17 36 277 0.721
17 37 262 0.849
17 38 261 0.757
17 39 254 0.798
17 40 247 0.857
17 41 281 0.835
17 42 266 0.777
17 43 291 0.775
17 44 309 0.823
17 45 351 0.617
17 46 415 0.683
17 47 406 0.807
17 48 659 0.775
18 1 421 0.781
18 2 388 0.709
18 3 328 0.825
18 4 441 0.738
18 5 410 0.792
18 6 408 0.717
18 7 318 0.787
18 8 272 0.767
18 9 304 0.851
18 10 227 0.788
18 11 266 0.842
18 12 275 0.738
18 13 244 0.808
18 14 298 0.762
18 15 285 0.826
18 16 283 0.792
18 17 275 0.824
18 18 272 0.809
18 19 255 0.861
18 20 253 0.755
18 21 262 0.728
18 22 270 0.824
18 23 291 0.8
18 24 263 0.762
18 25 283 0.91
18 26 264 0.827
18 27 243 0.843
18 28 281 0.815
18 29 255 0.703
18 30 258 0.854
18 31 273 0.806
18 32 280 0.792
18 33 263 0.823
18 34 277 0.775
18 35 324 0.841
18 36 279 0.781
18 37 245 0.891
18 38 290 0.826
18 39 260 0.802
18 40 236 0.866
18 41 256 0.871
18 42 284 0.757
18 43 302 0.719
18 44 318 0.78
18 45 356 0.714
18 46 360 0.882
18 47 498 0.749
18 48 593 0.614
19 1 507 0.797
19 2 411 0.732
19 3 408 0.809
19 4 439 0.755
19 5 0 0.0
19 6 0 0.0
19 7 36 0.857
19 8 56 0.75
19 9 213 0.874
19 10 294 0.797
19 11 267 0.891
19 12 294 0.803
19 13 275 0.861
19 14 288 0.732
19 15 252 0.867
19 16 284 0.781
19 17 262 0.698
19 18 278 0.827
19 19 262 0.723
19 20 256 0.888
19 21 275 0.824
19 22 335 0.531
19 23 274 0.772
19 24 289 0.823
19 25 278 0.887
19 26 294 0.868
19 27 283 0.886
19 28 261 0.855
19 29 265 0.927
19 30 238 0.747
19 31 271 0.791
19 32 262 0.845
19 33 271 0.864
19 34 266 0.842
19 35 269 0.858
19 36 261 0.776
19 37 302 0.656
19 38 324 0.821
19 39 273 0.827
19 40 263 0.871
19 41 290 0.812
19 42 284 0.757
19 43 265 0.808
19 44 304 0.737
19 45 360 0.699
19 46 407 0.826
19 47 508 0.715
19 48 629 0.712
20 1 580 0.743
20 2 435 0.664
20 3 402 0.785
20 4 397 0.747
20 5 414 0.823
20 6 417 0.824
20 7 344 0.783
20 8 343 0.816
20 9 312 0.804
20 10 322 0.838
20 11 210 0.836
20 12 245 0.715
20 13 259 0.888
20 14 270 0.891
20 15 246 0.837
20 16 252 0.67
20 17 279 0.858
20 18 295 0.805
20 19 280 0.765
20 20 289 0.872
20 21 267 0.83
20 22 302 0.791
20 23 266 0.871
20 24 285 0.826
20 25 267 0.742
20 26 272 0.908
20 27 280 0.714
20 28 271 0.82
20 29 282 0.789
20 30 264 0.624
20 31 252 0.789
20 32 276 0.836
20 33 274 0.858
20 34 287 0.838
20 35 294 0.745
20 36 275 0.824
20 37 251 0.816
20 38 238 0.866
20 39 242 0.873
20 40 250 0.791
20 41 294 0.837
20 42 293 0.646
20 43 326 0.771
20 44 326 0.63
20 45 365 0.797
20 46 471 0.703
20 47 412 0.689
20 48 502 0.74
21 1 476 0.794
21 2 515 0.781
21 3 468 0.811
21 4 416 0.771
21 5 406 0.819
21 6 357 0.823
21 7 383 0.801
21 8 351 0.734
21 9 303 0.781
21 10 309 0.919
21 11 283 0.786
21 12 241 0.829
21 13 266 0.791
21 14 287 0.739
21 15 282 0.86
21 16 291 0.844
21 17 288 0.8
21 18 257 0.813
21 19 275 0.833
21 20 269 0.827
21 21 277 0.77
21 22 253 0.845
21 23 256 0.848
21 24 237 0.822
21 25 239 0.852
21 26 240 0.873
21 27 293 0.856
21 28 254 0.888
21 29 288 0.59
21 30 278 0.848
21 31 286 0.781
21 32 246 0.815
21 33 281 0.821
21 34 285 0.752
21 35 285 0.712
21 36 246 0.921
21 37 13 0.753
21 38 14 0.993
21 39 277 0.743
21 40 297 0.803
21 41 653 0.694
21 42 635 0.851
21 43 283 0.806
21 44 335 0.835
21 45 356 0.773
21 46 388 0.842
21 47 307 0.796
21 48 391 0.836
22 1 529 0.786
22 2 468 0.643
22 3 444 0.668
22 4 403 0.801
22 5 416 0.561
22 6 424 0.764
22 7 356 0.761
22 8 318 0.764
22 9 351 0.723
22 10 276 0.772
22 11 220 0.814
22 12 275 0.845
22 13 264 0.888
22 14 264 0.82
22 15 273 0.791
22 16 291 0.768
22 17 274 0.845
22 18 274 0.786
22 19 305 0.819
22 20 284 0.803
22 21 288 0.841
22 22 262 0.845
22 23 303 0.848
22 24 263 0.802
22 25 251 0.921
22 26 261 0.817
22 27 233 0.883
22 28 288 0.737
22 29 275 0.818
22 30 264 0.865
22 31 287 0.61
22 32 329 0.71
22 33 271 0.777
22 34 224 0.831
22 35 312 0.815
22 36 263 0.796
22 37 236 0.747
22 38 284 0.691
22 39 270 0.832
22 40 267 0.736
22 41 308 0.786
22 42 324 0.784
22 43 361 0.73
22 44 343 0.729
22 45 359 0.735
22 46 413 0.8
22 47 518 0.834
22 48 559 0.781
23 1 546 0.767
23 2 500 0.724
23 3 380 0.691
23 4 376 0.816
23 5 413 0.811
23 6 387 0.752
23 7 360 0.874
23 8 343 0.785
23 9 359 0.86
23 10 334 0.866
23 11 291 0.865
23 12 246 0.815
23 13 246 0.837
23 14 268 0.824
23 15 286 0.806
23 16 235 0.887
23 17 278 0.887
23 18 245 0.811
23 19 308 0.827
23 20 315 0.806
23 21 249 0.809
23 22 264 0.765
23 23 349 0.715
23 24 245 0.867
23 25 264 0.827
23 26 262 0.793
23 27 324 0.759
23 28 277 0.789
23 29 270 0.817
23 30 319 0.848
23 31 301 0.834
23 32 259 0.616
23 33 266 0.833
23 34 260 0.814
23 35 268 0.697
23 36 270 0.855
23 37 295 0.805
23 38 251 0.816
23 39 276 0.874
23 40 263 0.861
23 41 10 -1.0
23 42 14 0.75
23 43 338 0.762
23 44 363 0.818
23 45 378 0.791
23 46 431 0.66
23 47 476 0.753
23 48 575 0.754
24 1 557 0.685
24 2 490 0.632
24 3 485 0.679
24 4 427 0.82
24 5 501 0.713
24 6 355 0.837
24 7 382 0.848
24 8 319 0.747
24 9 287 0.803
24 10 259 0.851
24 11 287 0.765
24 12 269 0.814
24 13 292 0.76
24 14 234 0.716
24 15 249 0.825
24 16 274 0.689
24 17 332 0.76
24 18 247 0.881
24 19 289 0.765
24 20 269 0.891
24 21 271 0.864
24 22 307 0.81
24 23 283 0.806
24 24 281 0.714
24 25 245 0.718
24 26 231 0.753
24 27 270 0.884
24 28 288 0.82
24 29 265 0.868
24 30 262 0.773
24 31 283 0.657
24 32 338 0.829
24 33 299 0.752
24 34 297 0.735
24 35 129 0.858
24 36 260 0.74
24 37 269 0.78
24 38 275 0.803
24 39 389 0.785
24 40 341 0.87
24 41 397 0.747
24 42 380 0.679
24 43 363 0.669
24 44 377 0.811
24 45 395 0.769
24 46 381 0.864
24 47 522 0.794
24 48 675 0.859
25 1 525 0.741
25 2 548 0.762
25 3 515 0.733
25 4 455 0.688
25 5 449 0.706
25 6 396 0.771
25 7 359 0.756
25 8 416 0.735
25 9 144 0.933
25 10 121 0.788
25 11 295 0.792
25 12 273 0.806
25 13 312 0.918
25 14 242 0.833
25 15 293 0.781
25 16 256 0.848
25 17 282 0.795
25 18 285 0.752
25 19 272 0.836
25 20 312 0.714
25 21 233 0.766
25 22 295 0.805
25 23 274 0.73
25 24 288 0.781
25 25 270 0.684
25 26 277 0.832
25 27 274 0.759
25 28 302 0.747
25 29 275 0.824
25 30 251 0.78
25 31 707 0.814
25 32 494 0.386
25 33 376 0.689
25 34 268 0.679
25 35 296 0.698
25 36 281 0.88
25 37 293 0.814
25 38 327 0.863
25 39 356 0.74
25 40 288 0.773
25 41 318 0.795
25 42 334 0.772
25 43 335 0.767
25 44 303 0.775
25 45 331 0.782
25 46 369 0.725
25 47 531 0.693
25 48 666 0.716
26 1 501 0.786
26 2 533 0.783
26 3 525 0.726
26 4 435 0.734
26 5 408 0.878
26 6 364 0.826
26 7 333 0.757
26 8 340 0.801
26 9 308 0.78
26 10 374 0.759
26 11 307 0.818
26 12 287 0.829
26 13 289 0.795
26 14 286 0.781
26 15 304 0.791
26 16 317 0.798
26 17 423 0.762
26 18 316 0.795
26 19 250 0.806
26 20 285 0.812
26 21 300 0.786
26 22 291 0.808
26 23 238 0.797
26 24 276 0.741
26 25 285 0.778
26 26 281 0.794
26 27 256 0.816
26 28 274 0.713
26 29 256 0.825
26 30 250 0.874
26 31 373 0.625
26 32 276 0.827
26 33 290 0.817
26 34 243 0.749
26 35 257 0.792
26 36 273 0.758
26 37 314 0.759
26 38 323 0.738
26 39 307 0.783
26 40 315 0.845
26 41 319 0.836
26 42 309 0.871
26 43 321 0.735
26 44 359 0.679
26 45 353 0.75
26 46 377 0.806
26 47 545 0.722
26 48 666 0.827
27 1 516 0.7
27 2 629 0.718
27 3 519 0.821
27 4 369 0.631
27 5 369 0.761
27 6 371 0.714
27 7 404 0.764
27 8 411 0.726
27 9 382 0.733
27 10 393 0.77
27 11 377 0.88
27 12 274 0.83
27 13 310 0.703
27 14 315 0.715
27 15 305 0.799
27 16 261 0.913
27 17 298 0.786
27 18 279 0.815
27 19 274 0.775
27 20 296 0.82
27 21 311 0.841
27 22 317 0.659
27 23 268 0.783
27 24 304 0.789
27 25 339 0.801
27 26 277 0.809
27 27 280 0.666
27 28 288 0.792
27 29 275 0.738
27 30 267 0.868
27 31 316 0.752
27 32 295 0.861
27 33 355 0.783
27 34 312 0.663
27 35 319 0.828
27 36 325 0.652
27 37 277 0.809
27 38 395 0.819
27 39 307 0.714
27 40 316 0.782
27 41 325 0.773
27 42 327 0.828
27 43 325 0.733
27 44 382 0.681
27 45 302 0.723
27 46 362 0.549
27 47 488 0.707
27 48 607 0.666
28 1 568 0.642
28 2 560 0.568
28 3 510 0.629
28 4 488 0.664
28 5 436 0.606
28 6 441 0.773
28 7 372 0.772
28 8 400 0.784
28 9 394 0.581
28 10 373 0.792
28 11 304 0.796
28 12 341 0.724
28 13 342 0.776
28 14 317 0.772
28 15 247 0.767
28 16 328 0.516
28 17 318 0.697
28 18 274 0.836
28 19 296 0.871
28 20 338 0.831
28 21 325 0.695
28 22 272 0.861
28 23 296 0.704
28 24 286 0.732
28 25 316 0.86
28 26 296 0.794
28 27 339 0.781
28 28 288 0.768
28 29 326 0.684
28 30 287 0.838
28 31 331 0.758
28 32 317 0.724
28 33 305 0.773
28 34 284 0.757
28 35 304 0.73
28 36 320 0.811
28 37 383 0.763
28 38 387 0.803
28 39 351 0.725
28 40 310 0.832
28 41 334 0.84
28 42 341 0.804
28 43 627 0.539
28 44 700 0.625
28 45 364 0.788
28 46 389 0.64
28 47 584 0.68
28 48 746 0.927
29 1 660 0.785
29 2 588 0.788
29 3 507 0.728
29 4 424 0.667
29 5 407 0.74
29 6 387 0.738
29 7 424 0.633
29 8 448 0.772
29 9 371 0.76
29 10 380 0.7
29 11 371 0.855
29 12 389 0.814
29 13 323 0.728
29 14 268 0.755
29 15 363 0.85
29 16 332 0.79
29 17 330 0.639
29 18 400 0.768
29 19 357 0.719
29 20 333 0.751
29 21 335 0.821
29 22 305 0.743
29 23 291 0.72
29 24 347 0.726
29 25 353 0.651
29 26 332 0.777
29 27 313 0.818
29 28 283 0.747
29 29 326 0.723
29 30 328 0.652
29 31 398 0.738
29 32 348 0.735
29 33 328 0.761
29 34 353 0.801
29 35 296 0.814
29 36 413 0.589
29 37 353 0.783
29 38 431 0.762
29 39 379 0.723
29 40 363 0.805
29 41 380 0.74
29 42 390 0.723
29 43 364 0.69
29 44 328 0.831
29 45 470 0.693
29 46 393 0.765
29 47 497 0.838
29 48 718 0.85
30 1 656 0.776
30 2 588 0.495
30 3 619 0.639
30 4 481 0.818
30 5 464 0.722
30 6 498 0.701
30 7 473 0.685
30 8 459 0.587
30 9 442 0.799
30 10 444 0.785
30 11 462 0.67
30 12 380 0.812
30 13 396 0.739
30 14 398 0.833
30 15 397 0.862
30 16 353 0.674
30 17 375 0.73
30 18 358 0.858
30 19 331 0.833
30 20 367 0.741
30 21 338 0.797
30 22 345 0.846
30 23 352 0.764
30 24 387 0.738
30 25 353 0.827
30 26 378 0.577
30 27 305 0.86
30 28 344 0.731
30 29 359 0.699
30 30 338 0.75
30 31 377 0.531
30 32 309 0.778
30 33 315 0.632
30 34 344 0.674
30 35 345 0.707
30 36 438 0.749
30 37 422 0.698
30 38 447 0.784
30 39 458 0.693
30 40 332 0.772
30 41 446 0.734
30 42 453 0.817
30 43 487 0.799
30 44 385 0.794
30 45 467 0.493
30 46 518 0.855
30 47 605 0.724
30 48 700 0.81
31 1 723 0.818
31 2 703 0.813
31 3 711 0.788
31 4 579 0.595
31 5 647 0.725
31 6 600 0.828
31 7 565 0.759
31 8 652 0.777
31 9 554 0.657
31 10 440 0.688
31 11 458 0.698
31 12 357 0.71
31 13 433 0.803
31 14 467 0.744
31 15 438 0.796
31 16 464 0.789
31 17 399 0.822
31 18 367 0.736
31 19 488 0.828
31 20 569 0.801
31 21 465 0.696
31 22 444 0.852
31 23 482 0.729
31 24 481 0.838
31 25 398 0.791
31 26 453 0.817
31 27 514 0.779
31 28 511 0.812
31 29 448 0.761
31 30 434 0.771
31 31 507 0.7
31 32 523 0.767
31 33 450 0.75
31 34 437 0.799
31 35 413 0.683
31 36 443 0.691
31 37 389 0.802
31 38 392 0.748
31 39 562 0.782
31 40 463 0.625
31 41 553 0.815
31 42 567 0.827
31 43 529 0.718
31 44 634 0.793
31 45 523 0.661
31 46 605 0.744
31 47 659 0.798
31 48 684 0.823
32 1 726 0.818
32 2 728 0.842
32 3 606 0.491
32 4 626 0.573
32 5 721 0.778
32 6 572 0.631
32 7 479 0.564
32 8 587 0.535
32 9 551 0.804
32 10 566 0.805
32 11 431 0.719
32 12 494 0.811
32 13 470 0.819
32 14 36 0.815
32 15 501 0.803
32 16 448 0.824
32 17 426 0.686
32 18 444 0.735
32 19 496 0.799
32 20 472 0.742
32 21 471 0.755
32 22 410 0.869
32 23 416 0.666
32 24 331 0.801
32 25 384 0.78
32 26 437 0.717
32 27 336 0.769
32 28 405 0.787
32 29 535 0.735
32 30 557 0.885
32 31 555 0.669
32 32 487 0.766
32 33 402 0.573
32 34 507 0.685
32 35 443 0.706
32 36 508 0.803
32 37 437 0.682
32 38 541 0.855
32 39 505 0.809
32 40 498 0.759
32 41 625 0.828
32 42 527 0.741
32 43 619 0.694
32 44 676 0.61
32 45 684 0.885
32 46 659 0.739
32 47 538 0.543
32 48 624 0.738
