row  column  size-1  circ-1
1 1 523 0.899
1 2 445 0.852
1 3 457 0.914
1 4 428 0.901
1 5 388 0.842
1 6 378 0.885
1 7 357 0.911
1 8 360 0.903
1 9 386 0.857
1 10 376 0.901
1 11 347 0.845
1 12 305 0.907
1 13 324 0.913
1 14 334 0.881
1 15 334 0.866
1 16 354 0.842
1 17 344 0.892
1 18 328 0.865
1 19 346 0.883
1 20 316 0.907
1 21 305 0.869
1 22 326 0.881
1 23 302 0.875
1 24 332 0.772
1 25 348 0.82
1 26 333 0.85
1 27 338 0.898
1 28 381 0.872
1 29 315 0.774
1 30 357 0.875
1 31 336 0.893
1 32 395 0.852
1 33 355 0.87
1 34 330 0.836
1 35 497 0.848
1 36 475 0.896
1 37 348 0.861
1 38 390 0.821
1 39 358 0.833
1 40 415 0.887
1 41 414 0.891
1 42 394 0.894
1 43 492 0.867
1 44 539 0.835
1 45 521 0.855
1 46 530 0.892
1 47 0 0.0
1 48 0 0.0
2 1 530 0.833
2 2 372 0.906
2 3 329 0.911
2 4 311 0.932
2 5 344 0.914
2 6 294 0.871
2 7 292 0.881
2 8 307 0.859
2 9 248 0.837
2 10 270 0.877
2 11 253 0.885
2 12 245 0.834
2 13 309 0.893
2 14 292 0.859
2 15 284 0.882
2 16 267 0.891
2 17 286 0.857
2 18 271 0.881
2 19 326 0.86
2 20 278 0.864
2 21 305 0.881
2 22 284 0.896
2 23 265 0.808
2 24 301 0.864
2 25 251 0.871
2 26 319 0.884
2 27 295 0.805
2 28 257 0.858
2 29 279 0.836
2 30 278 0.894
2 31 322 0.85
2 32 280 0.877
2 33 282 0.893
2 34 250 0.851
2 35 251 0.895
2 36 263 0.902
2 37 294 0.852
2 38 280 0.854
2 39 322 0.886
2 40 271 0.842
2 41 230 0.886
2 42 320 0.902
2 43 348 0.873
2 44 362 0.879
2 45 286 0.82
2 46 413 0.87
2 47 565 0.812
2 48 686 0.902
3 1 435 0.75
3 2 312 0.895
3 3 280 0.893
3 4 249 0.847
3 5 215 0.846
3 6 261 0.931
3 7 239 0.895
3 8 205 0.874
3 9 213 0.807
3 10 214 0.904
3 11 232 0.894
3 12 246 0.86
3 13 205 0.934
3 14 211 0.911
3 15 262 0.916
3 16 204 0.889
3 17 234 0.869
3 18 146 0.946
3 19 233 0.898
3 20 196 0.873
3 21 245 0.917
3 22 258 0.946
3 23 148 0.914
3 24 272 0.861
3 25 227 0.885
3 26 142 0.864
3 27 233 0.865
3 28 152 0.892
3 29 249 0.913
3 30 214 0.736
3 31 187 0.908
3 32 149 0.776
3 33 274 0.851
3 34 254 0.871
3 35 198 0.882
3 36 232 0.886
3 37 251 0.829
3 38 268 0.902
3 39 260 0.909
3 40 273 0.901
3 41 254 0.913
3 42 267 0.909
3 43 282 0.883
3 44 297 0.89
3 45 339 0.859
3 46 361 0.832
3 47 402 0.878
3 48 467 0.889
4 1 425 0.868
4 2 283 0.886
4 3 277 0.877
4 4 256 0.878
4 5 213 0.908
4 6 272 0.852
4 7 214 0.842
4 8 226 0.908
4 9 169 0.92
4 10 222 0.785
4 11 206 0.827
4 12 213 0.855
4 13 203 0.85
4 14 233 0.898
4 15 211 0.911
4 16 222 0.848
4 17 220 0.848
4 18 214 0.933
4 19 226 0.806
4 20 212 0.877
4 21 179 0.861
4 22 220 0.902
4 23 211 0.892
4 24 201 0.924
4 25 214 0.893
4 26 210 0.935
4 27 260 0.909
4 28 254 0.888
4 29 204 0.889
4 30 199 0.936
4 31 236 0.909
4 32 220 0.902
4 33 233 0.89
4 34 188 0.848
4 35 234 0.688
4 36 272 0.891
4 37 214 0.924
4 38 233 0.89
4 39 264 0.898
4 40 226 0.915
4 41 243 0.884
4 42 267 0.868
4 43 264 0.898
4 44 257 0.899
4 45 284 0.857
4 46 327 0.884
4 47 461 0.877
4 48 538 0.893
5 1 411 0.84
5 2 283 0.818
5 3 236 0.825
5 4 245 0.867
5 5 202 0.892
5 6 242 0.863
5 7 208 0.89
5 8 190 0.803
5 9 185 0.824
5 10 185 0.878
5 11 216 0.867
5 12 207 0.807
5 13 210 0.836
5 14 205 0.874
5 15 178 0.906
5 16 205 0.866
5 17 176 0.847
5 18 178 0.897
5 19 226 0.829
5 20 191 0.843
5 21 199 0.906
5 22 180 0.916
5 23 198 0.837
5 24 238 0.891
5 25 200 0.94
5 26 200 0.838
5 27 171 0.804
5 28 184 0.838
5 29 223 0.789
5 30 208 0.918
5 31 202 0.88
5 32 190 0.846
5 33 219 0.797
5 34 208 0.879
5 35 205 0.893
5 36 19 0.624
5 37 227 0.959
5 38 213 0.855
5 39 235 0.905
5 40 203 0.904
5 41 239 0.895
5 42 236 0.909
5 43 265 0.817
5 44 209 0.911
5 45 237 0.887
5 46 299 0.837
5 47 376 0.792
5 48 505 0.798
6 1 404 0.864
6 2 282 0.883
6 3 264 0.858
6 4 233 0.89
6 5 201 0.887
6 6 220 0.84
6 7 242 0.906
6 8 177 0.954
6 9 189 0.853
6 10 199 0.957
6 11 192 0.863
6 12 172 0.918
6 13 198 0.902
6 14 179 0.842
6 15 197 0.87
6 16 205 0.934
6 17 195 0.908
6 18 187 0.888
6 19 228 0.83
6 20 179 0.911
6 21 200 0.787
6 22 187 0.899
6 23 147 0.908
6 24 136 0.895
6 25 156 0.87
6 26 185 0.898
6 27 142 0.824
6 28 183 0.783
6 29 216 0.811
6 30 178 0.868
6 31 191 0.859
6 32 199 0.906
6 33 184 0.923
6 34 226 0.889
6 35 214 0.904
6 36 218 0.857
6 37 184 0.885
6 38 230 0.886
6 39 205 0.893
6 40 225 0.885
6 41 214 0.904
6 42 165 0.898
6 43 260 0.861
6 44 271 0.777
6 45 53 0.975
6 46 279 0.795
6 47 339 0.62
6 48 480 0.773
7 1 366 0.849
7 2 301 0.902
7 3 268 0.848
7 4 202 0.721
7 5 212 0.877
7 6 189 0.909
7 7 166 0.895
7 8 193 0.916
7 9 195 0.888
7 10 186 0.895
7 11 191 0.919
7 12 183 0.931
7 13 206 0.845
7 14 212 0.869
7 15 193 0.899
7 16 184 0.877
7 17 185 0.89
7 18 186 0.875
7 19 172 0.791
7 20 216 0.913
7 21 187 0.86
7 22 208 0.906
7 23 159 0.9
7 24 168 0.875
7 25 195 0.888
7 26 192 0.874
7 27 171 0.922
7 28 200 0.899
7 29 192 0.804
7 30 201 0.895
7 31 208 0.853
7 32 169 0.805
7 33 198 0.902
7 34 211 0.92
7 35 190 0.914
7 36 216 0.933
7 37 163 0.956
7 38 210 0.896
7 39 171 0.954
7 40 249 0.895
7 41 220 0.883
7 42 235 0.905
7 43 229 0.875
7 44 256 0.903
7 45 276 0.857
7 46 325 0.858
7 47 336 0.829
7 48 433 0.885
8 1 346 0.848
8 2 236 0.812
8 3 257 0.924
8 4 232 0.894
8 5 200 0.864
8 6 196 0.865
8 7 70 0.87
8 8 102 0.955
8 9 173 0.889
8 10 214 0.904
8 11 197 0.808
8 12 175 0.921
8 13 190 0.885
8 14 213 0.908
8 15 187 0.899
8 16 149 0.93
8 17 219 0.887
8 18 174 0.885
8 19 183 0.909
8 20 194 0.803
8 21 196 0.873
8 22 198 0.866
8 23 195 0.888
8 24 150 0.912
8 25 194 0.856
8 26 177 0.851
8 27 213 0.9
8 28 170 0.829
8 29 205 0.905
8 30 154 0.842
8 31 242 0.863
8 32 200 0.94
8 33 178 0.885
8 34 160 0.884
8 35 209 0.876
8 36 205 0.934
8 37 177 0.88
8 38 215 0.846
8 39 209 0.883
8 40 0 0.0
8 41 240 0.898
8 42 240 0.866
8 43 289 0.929
8 44 252 0.899
8 45 308 0.906
8 46 326 0.897
8 47 352 0.898
8 48 435 0.889
9 1 358 0.898
9 2 264 0.858
9 3 271 0.867
9 4 256 0.888
9 5 203 0.904
9 6 206 0.89
9 7 198 0.855
9 8 194 0.933
9 9 205 0.841
9 10 194 0.864
9 11 206 0.918
9 12 171 0.922
9 13 181 0.871
9 14 201 0.86
9 15 162 0.904
9 16 174 0.856
9 17 193 0.879
9 18 182 0.896
9 19 167 0.9
9 20 181 0.9
9 21 184 0.846
9 22 174 0.907
9 23 181 0.871
9 24 151 0.886
9 25 184 0.885
9 26 188 0.884
9 27 189 0.889
9 28 214 0.904
9 29 199 0.936
9 30 206 0.918
9 31 209 0.883
9 32 193 0.937
9 33 196 0.865
9 34 188 0.876
9 35 187 0.852
9 36 188 0.934
9 37 194 0.912
9 38 212 0.851
9 39 221 0.82
9 40 217 0.871
9 41 217 0.882
9 42 195 0.869
9 43 222 0.866
9 44 266 0.864
9 45 255 0.892
9 46 306 0.85
9 47 395 0.812
9 48 455 0.798
10 1 358 0.858
10 2 287 0.882
10 3 225 0.923
10 4 213 0.9
10 5 192 0.911
10 6 199 0.841
10 7 189 0.869
10 8 195 0.908
10 9 193 0.887
10 10 218 0.826
10 11 170 0.916
10 12 155 0.887
10 13 181 0.891
10 14 147 0.862
10 15 203 0.925
10 16 145 0.842
10 17 202 0.929
10 18 190 0.893
10 19 177 0.851
10 20 166 0.895
10 21 185 0.919
10 22 143 0.87
10 23 194 0.864
10 24 187 0.908
10 25 181 0.891
10 26 186 0.829
10 27 162 0.895
10 28 187 0.86
10 29 154 0.822
10 30 173 0.91
10 31 182 0.896
10 32 180 0.925
10 33 193 0.879
10 34 199 0.875
10 35 195 0.917
10 36 204 0.909
10 37 170 0.886
10 38 221 0.804
10 39 210 0.888
10 40 210 0.907
10 41 272 0.908
10 42 243 0.82
10 43 258 0.885
10 44 260 0.899
10 45 280 0.917
10 46 318 0.868
10 47 364 0.892
10 48 405 0.845
11 1 365 0.874
11 2 301 0.857
11 3 265 0.861
11 4 230 0.861
11 5 198 0.902
11 6 190 0.893
11 7 201 0.85
11 8 201 0.904
11 9 175 0.912
11 10 198 0.922
11 11 200 0.919
11 12 158 0.796
11 13 182 0.867
11 14 155 0.9
11 15 182 0.875
11 16 158 0.852
11 17 185 0.862
11 18 168 0.846
11 19 196 0.913
11 20 149 0.874
11 21 186 0.832
11 22 193 0.809
11 23 217 0.89
11 24 189 0.88
11 25 157 0.921
11 26 170 0.865
11 27 146 0.901
11 28 159 0.828
11 29 162 0.805
11 30 170 0.907
11 31 188 0.848
11 32 199 0.915
11 33 194 0.872
11 34 200 0.94
11 35 195 0.888
11 36 198 0.874
11 37 177 0.851
11 38 200 0.919
11 39 216 0.913
11 40 154 0.89
11 41 214 0.859
11 42 248 0.821
11 43 226 0.908
11 44 255 0.845
11 45 256 0.855
11 46 264 0.829
11 47 345 0.874
11 48 413 0.821
12 1 368 0.873
12 2 285 0.854
12 3 246 0.877
12 4 223 0.888
12 5 227 0.826
12 6 192 0.874
12 7 119 0.827
12 8 121 0.86
12 9 213 0.855
12 10 157 0.921
12 11 186 0.895
12 12 184 0.877
12 13 199 0.841
12 14 204 0.909
12 15 180 0.895
12 16 170 0.916
12 17 170 0.939
12 18 186 0.875
12 19 182 0.905
12 20 174 0.938
12 21 183 0.909
12 22 185 0.817
12 23 250 0.874
12 24 179 0.842
12 25 165 0.868
12 26 178 0.906
12 27 200 0.845
12 28 147 0.862
12 29 222 0.891
12 30 191 0.851
12 31 182 0.864
12 32 185 0.87
12 33 192 0.894
12 34 160 0.788
12 35 184 0.894
12 36 192 0.848
12 37 208 0.915
12 38 196 0.893
12 39 185 0.898
12 40 211 0.94
12 41 217 0.925
12 42 239 0.913
12 43 225 0.911
12 44 264 0.888
12 45 202 0.9
12 46 99 0.86
12 47 337 0.862
12 48 411 0.852
13 1 357 0.896
13 2 266 0.826
13 3 217 0.917
13 4 167 0.932
13 5 218 0.921
13 6 210 0.915
13 7 207 0.902
13 8 207 0.894
13 9 195 0.896
13 10 162 0.927
13 11 188 0.884
13 12 195 0.85
13 13 183 0.86
13 14 175 0.882
13 15 209 0.857
13 16 130 0.889
13 17 176 0.875
13 18 158 0.927
13 19 176 0.875
13 20 176 0.887
13 21 179 0.815
13 22 186 0.924
13 23 167 0.87
13 24 225 0.849
13 25 189 0.889
13 26 178 0.937
13 27 174 0.856
13 28 179 0.815
13 29 171 0.922
13 30 184 0.838
13 31 216 0.743
13 32 197 0.87
13 33 218 0.875
13 34 218 0.883
13 35 213 0.855
13 36 202 0.854
13 37 226 0.935
13 38 205 0.866
13 39 219 0.906
13 40 210 0.843
13 41 216 0.894
13 42 223 0.895
13 43 170 0.886
13 44 241 0.86
13 45 245 0.881
13 46 279 0.89
13 47 338 0.877
13 48 419 0.846
14 1 310 0.832
14 2 261 0.842
14 3 247 0.925
14 4 221 0.862
14 5 240 0.891
14 6 183 0.852
14 7 211 0.858
14 8 201 0.868
14 9 232 0.905
14 10 190 0.902
14 11 175 0.853
14 12 147 0.862
14 13 217 0.898
14 14 175 0.921
14 15 192 0.874
14 16 164 0.826
14 17 172 0.875
14 18 194 0.884
14 19 180 0.858
14 20 183 0.815
14 21 0 0.0
14 22 166 0.886
14 23 186 0.829
14 24 184 0.923
14 25 269 0.753
14 26 74 0.874
14 27 168 0.884
14 28 207 0.902
14 29 194 0.892
14 30 148 0.934
14 31 201 0.768
14 32 108 0.861
14 33 185 0.911
14 34 158 0.835
14 35 199 0.859
14 36 185 0.843
14 37 195 0.869
14 38 212 0.896
14 39 207 0.922
14 40 214 0.885
14 41 229 0.875
14 42 198 0.952
14 43 244 0.913
14 44 239 0.895
14 45 265 0.892
14 46 290 0.918
14 47 312 0.855
14 48 408 0.859
15 1 358 0.907
15 2 266 0.871
15 3 286 0.912
15 4 229 0.882
15 5 217 0.917
15 6 190 0.923
15 7 203 0.885
15 8 194 0.912
15 9 202 0.9
15 10 107 0.853
15 11 187 0.899
15 12 195 0.817
15 13 186 0.903
15 14 172 0.905
15 15 195 0.869
15 16 199 0.878
15 17 187 0.871
15 18 179 0.911
15 19 154 0.903
15 20 240 0.906
15 21 192 0.903
15 22 132 0.846
15 23 157 0.889
15 24 194 0.884
15 25 195 0.835
15 26 167 0.796
15 27 229 0.864
15 28 224 0.777
15 29 179 0.911
15 30 206 0.898
15 31 161 0.912
15 32 213 0.908
15 33 234 0.92
15 34 161 0.889
15 35 208 0.868
15 36 182 0.821
15 37 168 0.906
15 38 201 0.924
15 39 192 0.855
15 40 208 0.846
15 41 219 0.797
15 42 195 0.861
15 43 230 0.905
15 44 180 0.866
15 45 259 0.896
15 46 295 0.89
15 47 333 0.879
15 48 389 0.902
16 1 353 0.846
16 2 233 0.898
16 3 19 -1.0
16 4 26 0.932
16 5 243 0.936
16 6 255 0.845
16 7 205 0.922
16 8 185 0.89
16 9 196 0.846
16 10 205 0.893
16 11 180 0.874
16 12 169 0.851
16 13 179 0.911
16 14 200 0.872
16 15 160 0.862
16 16 176 0.895
16 17 183 0.852
16 18 199 0.809
16 19 181 0.9
16 20 205 0.866
16 21 151 0.834
16 22 207 0.875
16 23 137 0.878
16 24 187 0.908
16 25 184 0.914
16 26 187 0.767
16 27 188 0.856
16 28 217 0.836
16 29 197 0.815
16 30 189 0.842
16 31 195 0.947
16 32 190 0.779
16 33 264 0.858
16 34 209 0.883
16 35 210 0.896
16 36 198 0.902
16 37 194 0.864
16 38 225 0.904
16 39 248 0.86
16 40 176 0.917
16 41 225 0.885
16 42 224 0.848
16 43 210 0.915
16 44 239 0.913
16 45 270 0.788
16 46 278 0.894
16 47 326 0.866
16 48 391 0.735
17 1 348 0.89
17 2 291 0.856
17 3 241 0.877
17 4 251 0.895
17 5 213 0.874
17 6 204 0.889
17 7 193 0.879
17 8 227 0.85
17 9 209 0.832
17 10 174 0.929
17 11 186 0.924
17 12 217 0.89
17 13 192 0.903
17 14 194 0.864
17 15 194 0.875
17 16 213 0.928
17 17 209 0.883
17 18 138 0.884
17 19 175 0.804
17 20 185 0.835
17 21 195 0.896
17 22 212 0.71
17 23 172 0.827
17 24 182 0.896
17 25 188 0.739
17 26 176 0.883
17 27 184 0.894
17 28 210 0.888
17 29 183 0.909
17 30 256 0.888
17 31 185 0.89
17 32 186 0.839
17 33 186 0.866
17 34 192 0.903
17 35 204 0.844
17 36 220 0.858
17 37 190 0.893
17 38 189 0.909
17 39 197 0.906
17 40 298 0.8
17 41 215 0.846
17 42 217 0.917
17 43 258 0.902
17 44 248 0.867
17 45 190 0.893
17 46 286 0.872
17 47 291 0.894
17 48 407 0.857
18 1 321 0.782
18 2 324 0.92
18 3 228 0.846
18 4 189 0.909
18 5 205 0.806
18 6 208 0.818
18 7 216 0.894
18 8 180 0.916
18 9 207 0.902
18 10 171 0.834
18 11 173 0.932
18 12 160 0.915
18 13 176 0.904
18 14 204 0.862
18 15 187 0.891
18 16 180 0.895
18 17 186 0.811
18 18 184 0.812
18 19 199 0.936
18 20 182 0.926
18 21 179 0.684
18 22 182 0.875
18 23 202 0.92
18 24 148 0.9
18 25 194 0.912
18 26 173 0.88
18 27 175 0.89
18 28 165 0.911
18 29 203 0.885
18 30 189 0.88
18 31 189 0.842
18 32 175 0.797
18 33 208 0.887
18 34 209 0.883
18 35 187 0.879
18 36 204 0.909
18 37 202 0.872
18 38 194 0.912
18 39 219 0.879
18 40 235 0.887
18 41 218 0.891
18 42 191 0.898
18 43 226 0.863
18 44 255 0.882
18 45 270 0.891
18 46 192 0.883
18 47 305 0.914
18 48 371 0.88
19 1 324 0.815
19 2 312 0.804
19 3 269 0.851
19 4 211 0.865
19 5 240 0.906
19 6 213 0.797
19 7 205 0.885
19 8 212 0.765
19 9 157 0.921
19 10 191 0.898
19 11 164 0.854
19 12 196 0.865
19 13 176 0.904
19 14 176 0.875
19 15 133 0.852
19 16 168 0.937
19 17 220 0.891
19 18 184 0.914
19 19 166 0.886
19 20 190 0.923
19 21 180 0.912
19 22 169 0.889
19 23 159 0.828
19 24 193 0.879
19 25 210 0.896
19 26 195 0.896
19 27 162 0.844
19 28 268 0.833
19 29 165 0.889
19 30 178 0.906
19 31 200 0.82
19 32 209 0.857
19 33 209 0.931
19 34 199 0.867
19 35 206 0.871
19 36 211 0.813
19 37 183 0.889
19 38 207 0.875
19 39 272 0.908
19 40 263 0.839
19 41 229 0.824
19 42 221 0.934
19 43 223 0.885
19 44 208 0.887
19 45 240 0.888
19 46 273 0.833
19 47 305 0.819
19 48 372 0.838
20 1 349 0.912
20 2 231 0.865
20 3 262 0.916
20 4 259 0.906
20 5 209 0.911
20 6 191 0.843
20 7 196 0.93
20 8 189 0.897
20 9 160 0.906
20 10 184 0.885
20 11 167 0.932
20 12 185 0.878
20 13 203 0.904
20 14 187 0.899
20 15 201 0.85
20 16 203 0.84
20 17 203 0.904
20 18 169 0.889
20 19 169 0.943
20 20 169 0.832
20 21 200 0.899
20 22 186 0.734
20 23 183 0.909
20 24 169 0.88
20 25 197 0.878
20 26 181 0.871
20 27 194 0.921
20 28 205 0.767
20 29 185 0.89
20 30 218 0.875
20 31 168 0.875
20 32 165 0.889
20 33 235 0.898
20 34 201 0.904
20 35 192 0.874
20 36 171 0.922
20 37 209 0.865
20 38 203 0.913
20 39 227 0.893
20 40 191 0.878
20 41 96 0.899
20 42 125 0.801
20 43 250 0.882
20 44 265 0.823
20 45 285 0.892
20 46 303 0.775
20 47 331 0.819
20 48 435 0.876
21 1 331 0.853
21 2 262 0.793
21 3 266 0.818
21 4 237 0.887
21 5 201 0.876
21 6 236 0.902
21 7 214 0.885
21 8 203 0.913
21 9 186 0.836
21 10 196 0.846
21 11 155 0.887
21 12 192 0.874
21 13 205 0.848
21 14 194 0.884
21 15 192 0.848
21 16 173 0.91
21 17 220 0.848
21 18 214 0.885
21 19 215 0.863
21 20 188 0.856
21 21 205 0.874
21 22 199 0.936
21 23 184 0.894
21 24 142 0.886
21 25 178 0.803
21 26 185 0.919
21 27 172 0.884
21 28 208 0.906
21 29 185 0.898
21 30 196 0.901
21 31 178 0.856
21 32 192 0.874
21 33 186 0.875
21 34 193 0.834
21 35 196 0.943
21 36 234 0.835
21 37 205 0.913
21 38 219 0.861
21 39 212 0.896
21 40 207 0.902
21 41 205 0.922
21 42 228 0.897
21 43 221 0.844
21 44 232 0.894
21 45 258 0.838
21 46 262 0.868
21 47 311 0.877
21 48 382 0.817
22 1 338 0.837
22 2 373 0.865
22 3 219 0.872
22 4 243 0.843
22 5 260 0.909
22 6 243 0.891
22 7 218 0.833
22 8 165 0.921
22 9 192 0.894
22 10 191 0.851
22 11 212 0.869
22 12 209 0.903
22 13 204 0.881
22 14 200 0.891
22 15 158 0.895
22 16 193 0.852
22 17 213 0.9
22 18 204 0.837
22 19 165 0.944
22 20 191 0.825
22 21 179 0.834
22 22 200 0.919
22 23 233 0.865
22 24 188 0.934
22 25 202 0.929
22 26 204 0.819
22 27 177 0.909
22 28 190 0.914
22 29 276 0.874
22 30 208 0.906
22 31 206 0.89
22 32 213 0.92
22 33 225 0.885
22 34 197 0.851
22 35 223 0.87
22 36 200 0.928
22 37 208 0.835
22 38 183 0.889
22 39 237 0.559
22 40 221 0.887
22 41 222 0.785
22 42 194 0.856
22 43 218 0.93
22 44 244 0.87
22 45 553 0.92
22 46 261 0.878
22 47 310 0.846
22 48 385 0.847
23 1 438 0.817
23 2 314 0.849
23 3 277 0.845
23 4 248 0.902
23 5 207 0.824
23 6 220 0.91
23 7 207 0.931
23 8 216 0.867
23 9 200 0.932
23 10 192 0.848
23 11 207 0.922
23 12 185 0.898
23 13 198 0.829
23 14 161 0.767
23 15 212 0.81
23 16 193 0.879
23 17 0 0.0
23 18 221 0.887
23 19 196 0.922
23 20 152 0.869
23 21 138 0.884
23 22 208 0.927
23 23 214 0.913
23 24 183 0.872
23 25 179 0.92
23 26 196 0.893
23 27 191 0.851
23 28 146 0.921
23 29 168 0.875
23 30 206 0.845
23 31 195 0.842
23 32 145 0.707
23 33 190 0.953
23 34 209 0.805
23 35 189 0.889
23 36 192 0.932
23 37 200 0.872
23 38 201 0.868
23 39 213 0.92
23 40 221 0.914
23 41 229 0.857
23 42 234 0.876
23 43 229 0.92
23 44 244 0.913
23 45 247 0.944
23 46 291 0.901
23 47 346 0.904
23 48 370 0.751
24 1 342 0.909
24 2 285 0.847
24 3 29 0.829
24 4 29 -1.0
24 5 231 0.908
24 6 227 0.9
24 7 206 0.827
24 8 184 0.846
24 9 209 0.891
24 10 194 0.892
24 11 211 0.892
24 12 193 0.841
24 13 205 0.874
24 14 199 0.915
24 15 207 0.849
24 16 201 0.895
24 17 197 0.906
24 18 203 0.896
24 19 215 0.882
24 20 197 0.878
24 21 210 0.872
24 22 173 0.91
24 23 206 0.82
24 24 198 0.882
24 25 199 0.886
24 26 167 0.879
24 27 195 0.908
24 28 216 0.735
24 29 214 0.859
24 30 189 0.834
24 31 195 0.947
24 32 198 0.874
24 33 214 0.924
24 34 211 0.873
24 35 225 0.859
24 36 224 0.907
24 37 257 0.798
24 38 250 0.819
24 39 219 0.898
24 40 189 0.889
24 41 253 0.902
24 42 137 0.947
24 43 254 0.888
24 44 284 0.906
24 45 257 0.858
24 46 292 0.875
24 47 337 0.902
24 48 408 0.761
25 1 374 0.83
25 2 308 0.875
25 3 290 0.908
25 4 251 0.878
25 5 252 0.851
25 6 259 0.881
25 7 208 0.927
25 8 211 0.892
25 9 217 0.829
25 10 212 0.877
25 11 181 0.806
25 12 221 0.903
25 13 205 0.905
25 14 198 0.795
25 15 175 0.87
25 16 201 0.868
25 17 202 0.929
25 18 167 0.841
25 19 222 0.841
25 20 188 0.837
25 21 222 0.927
25 22 243 0.834
25 23 150 0.912
25 24 151 0.895
25 25 207 0.849
25 26 191 0.907
25 27 214 0.885
25 28 192 0.866
25 29 210 0.915
25 30 193 0.879
25 31 185 0.824
25 32 206 0.82
25 33 218 0.84
25 34 208 0.879
25 35 207 0.914
25 36 225 0.911
25 37 213 0.908
25 38 201 0.868
25 39 211 0.92
25 40 203 0.904
25 41 218 0.883
25 42 242 0.856
25 43 259 0.82
25 44 220 0.918
25 45 278 0.901
25 46 292 0.921
25 47 374 0.825
25 48 415 0.806
26 1 639 0.846
26 2 325 0.858
26 3 287 0.838
26 4 256 0.816
26 5 249 0.906
26 6 255 0.851
26 7 228 0.871
26 8 214 0.904
26 9 193 0.887
26 10 177 0.922
26 11 183 0.909
26 12 175 0.772
26 13 209 0.899
26 14 213 0.881
26 15 209 0.808
26 16 177 0.88
26 17 204 0.855
26 18 191 0.907
26 19 182 0.84
26 20 206 0.918
26 21 204 0.917
26 22 243 0.91
26 23 198 0.882
26 24 202 0.846
26 25 224 0.907
26 26 235 0.88
26 27 203 0.904
26 28 199 0.859
26 29 74 0.802
26 30 75 0.932
26 31 204 0.837
26 32 183 0.889
26 33 236 0.928
26 34 195 0.817
26 35 179 0.89
26 36 163 0.9
26 37 210 0.915
26 38 213 0.937
26 39 215 0.889
26 40 238 0.866
26 41 230 0.854
26 42 268 0.895
26 43 244 0.895
26 44 288 0.869
26 45 410 0.858
26 46 296 0.855
26 47 333 0.864
26 48 437 0.844
27 1 435 0.828
27 2 294 0.897
27 3 253 0.902
27 4 274 0.888
27 5 221 0.887
27 6 215 0.776
27 7 244 0.87
27 8 213 0.881
27 9 212 0.896
27 10 197 0.897
27 11 220 0.93
27 12 220 0.922
27 13 219 0.898
27 14 207 0.875
27 15 150 0.849
27 16 223 0.903
27 17 213 0.9
27 18 205 0.893
27 19 208 0.898
27 20 206 0.871
27 21 208 0.898
27 22 199 0.852
27 23 169 0.813
27 24 227 0.939
27 25 206 0.82
27 26 212 0.904
27 27 195 0.85
27 28 240 0.898
27 29 223 0.859
27 30 214 0.852
27 31 212 0.877
27 32 286 0.857
27 33 235 0.872
27 34 236 0.803
27 35 212 0.844
27 36 210 0.907
27 37 201 0.85
27 38 222 0.848
27 39 228 0.853
27 40 258 0.878
27 41 228 0.83
27 42 265 0.852
27 43 281 0.806
27 44 287 0.899
27 45 310 0.818
27 46 328 0.896
27 47 443 0.783
27 48 482 0.787
28 1 408 0.859
28 2 355 0.891
28 3 351 0.855
28 4 276 0.887
28 5 267 0.852
28 6 250 0.892
28 7 238 0.842
28 8 221 0.887
28 9 239 0.913
28 10 213 0.881
28 11 230 0.886
28 12 238 0.917
28 13 229 0.928
28 14 234 0.772
28 15 235 0.838
28 16 221 0.869
28 17 212 0.834
28 18 207 0.849
28 19 215 0.937
28 20 225 0.828
28 21 238 0.873
28 22 210 0.861
28 23 240 0.719
28 24 215 0.863
28 25 204 0.881
28 26 222 0.918
28 27 197 0.878
28 28 202 0.872
28 29 189 0.853
28 30 217 0.917
28 31 274 0.851
28 32 184 0.846
28 33 224 0.863
28 34 206 0.89
28 35 246 0.793
28 36 264 0.898
28 37 226 0.778
28 38 285 0.685
28 39 219 0.898
28 40 241 0.86
28 41 221 0.859
28 42 259 0.906
28 43 284 0.93
28 44 328 0.865
28 45 341 0.856
28 46 426 0.701
28 47 369 0.688
28 48 484 0.848
29 1 566 0.872
29 2 396 0.871
29 3 348 0.876
29 4 267 0.858
29 5 274 0.858
29 6 249 0.932
29 7 271 0.905
29 8 231 0.882
29 9 237 0.913
29 10 229 0.912
29 11 215 0.846
29 12 242 0.863
29 13 237 0.845
29 14 255 0.91
29 15 217 0.738
29 16 217 0.917
29 17 234 0.869
29 18 238 0.891
29 19 228 0.83
29 20 243 0.884
29 21 263 0.938
29 22 233 0.916
29 23 270 0.845
29 24 220 0.817
29 25 231 0.882
29 26 241 0.928
29 27 270 0.901
29 28 223 0.828
29 29 250 0.851
29 30 265 0.868
29 31 243 0.874
29 32 232 0.834
29 33 233 0.909
29 34 301 0.908
29 35 0 0.0
29 36 289 0.888
29 37 276 0.864
29 38 265 0.861
29 39 247 0.834
29 40 280 0.9
29 41 310 0.818
29 42 270 0.861
29 43 292 0.875
29 44 299 0.758
29 45 336 0.843
29 46 378 0.844
29 47 399 0.77
29 48 477 0.804
30 1 418 0.886
30 2 406 0.849
30 3 370 0.866
30 4 320 0.859
30 5 327 0.82
30 6 272 0.852
30 7 257 0.858
30 8 245 0.874
30 9 314 0.894
30 10 274 0.89
30 11 262 0.845
30 12 230 0.879
30 13 285 0.869
30 14 226 0.935
30 15 287 0.838
30 16 235 0.815
30 17 253 0.878
30 18 220 0.855
30 19 275 0.908
30 20 268 0.833
30 21 283 0.893
30 22 280 0.839
30 23 258 0.885
30 24 263 0.902
30 25 311 0.899
30 26 269 0.941
30 27 244 0.913
30 28 278 0.833
30 29 285 0.854
30 30 357 0.836
30 31 266 0.864
30 32 268 0.818
30 33 264 0.858
30 34 277 0.9
30 35 300 0.799
30 36 294 0.881
30 37 279 0.754
30 38 204 0.881
30 39 293 0.878
30 40 283 0.854
30 41 262 0.836
30 42 346 0.883
30 43 347 0.871
30 44 342 0.872
30 45 366 0.869
30 46 379 0.77
30 47 378 0.863
30 48 491 0.878
31 1 459 0.879
31 2 452 0.896
31 3 433 0.904
31 4 347 0.826
31 5 304 0.894
31 6 338 0.862
31 7 330 0.865
31 8 263 0.755
31 9 339 0.916
31 10 327 0.899
31 11 275 0.894
31 12 276 0.897
31 13 302 0.873
31 14 312 0.918
31 15 293 0.878
31 16 322 0.835
31 17 307 0.887
31 18 305 0.897
31 19 281 0.938
31 20 288 0.814
31 21 271 0.818
31 22 324 0.885
31 23 312 0.852
31 24 325 0.916
31 25 361 0.879
31 26 324 0.841
31 27 364 0.866
31 28 393 0.859
31 29 307 0.887
31 30 327 0.893
31 31 314 0.879
31 32 317 0.894
31 33 365 0.803
31 34 345 0.821
31 35 332 0.897
31 36 315 0.91
31 37 306 0.83
31 38 347 0.9
31 39 333 0.824
31 40 356 0.887
31 41 401 0.826
31 42 329 0.874
31 43 417 0.852
31 44 356 0.847
31 45 455 0.793
31 46 429 0.769
31 47 491 0.821
31 48 575 0.769
32 1 526 0.825
32 2 606 0.871
32 3 453 0.885
32 4 467 0.852
32 5 494 0.833
32 6 447 0.908
32 7 397 0.892
32 8 410 0.882
32 9 441 0.888
32 10 379 0.83
32 11 432 0.875
32 12 583 0.875
32 13 409 0.886
32 14 460 0.858
32 15 362 0.791
32 16 484 0.832
32 17 438 0.876
32 18 424 0.838
32 19 388 0.867
32 20 335 0.884
32 21 347 0.907
32 22 394 0.842
32 23 397 0.843
32 24 306 0.842
32 25 306 0.9
32 26 395 0.89
32 27 342 0.861
32 28 377 0.909
32 29 393 0.886
32 30 359 0.88
32 31 380 0.873
32 32 367 0.84
32 33 342 0.846
32 34 435 0.878
32 35 411 0.932
32 36 419 0.874
32 37 442 0.877
32 38 402 0.781
32 39 502 0.863
32 40 470 0.882
32 41 375 0.884
32 42 387 0.872
32 43 439 0.873
32 44 479 0.863
32 45 558 0.848
32 46 519 0.814
32 47 524 0.736
32 48 560 0.764
