row  column  size-1  circ-1
1 1 644 0.931
1 2 481 0.855
1 3 436 0.842
1 4 394 0.906
1 5 474 0.884
1 6 494 0.878
1 7 363 0.875
1 8 404 0.864
1 9 364 0.82
1 10 436 0.891
1 11 415 0.879
1 12 423 0.864
1 13 303 0.848
1 14 363 0.837
1 15 359 0.866
1 16 411 0.879
1 17 397 0.887
1 18 431 0.85
1 19 417 0.839
1 20 407 0.844
1 21 453 0.867
1 22 405 0.827
1 23 379 0.833
1 24 394 0.795
1 25 439 0.873
1 26 399 0.782
1 27 345 0.854
1 28 396 0.821
1 29 463 0.812
1 30 390 0.911
1 31 415 0.75
1 32 424 0.829
1 33 471 0.837
1 34 321 0.876
1 35 516 0.842
1 36 462 0.826
1 37 527 0.773
1 38 464 0.831
1 39 480 0.837
1 40 469 0.817
1 41 499 0.804
1 42 495 0.783
1 43 490 0.8
1 44 554 0.778
1 45 546 0.596
1 46 643 0.795
1 47 720 0.802
1 48 701 0.777
2 1 148 0.602
2 2 72 0.687
2 3 298 0.861
2 4 257 0.858
2 5 245 0.747
2 6 224 0.846
2 7 171 0.858
2 8 190 0.854
2 9 260 0.808
2 10 228 0.714
2 11 246 0.837
2 12 271 0.902
2 13 242 0.917
2 14 255 0.792
2 15 253 0.838
2 16 259 0.865
2 17 248 0.925
2 18 256 0.755
2 19 228 0.741
2 20 271 0.888
2 21 235 0.855
2 22 238 0.81
2 23 243 0.798
2 24 237 0.75
2 25 239 0.852
2 26 260 0.759
2 27 245 0.899
2 28 245 0.874
2 29 238 0.826
2 30 264 0.752
2 31 272 0.821
2 32 268 0.902
2 33 233 0.688
2 34 186 0.513
2 35 271 0.833
2 36 249 0.74
2 37 289 0.795
2 38 284 0.781
2 39 39 1.0
2 40 415 0.79
2 41 312 0.735
2 42 310 0.846
2 43 285 0.818
2 44 334 0.813
2 45 459 0.673
2 46 385 0.628
2 47 502 0.647
2 48 622 0.848
3 1 230 0.82
3 2 144 0.677
3 3 271 0.833
3 4 205 0.848
3 5 207 0.875
3 6 140 0.804
3 7 182 0.84
3 8 185 0.898
3 9 186 0.924
3 10 145 0.675
3 11 169 0.868
3 12 150 0.828
3 13 191 0.758
3 14 173 0.695
3 15 210 0.888
3 16 171 0.879
3 17 174 0.818
3 18 198 0.819
3 19 157 0.921
3 20 200 0.796
3 21 37 0.948
3 22 0 0.0
3 23 198 0.855
3 24 214 0.842
3 25 173 0.74
3 26 178 0.688
3 27 237 0.913
3 28 198 0.822
3 29 220 0.8
3 30 181 0.789
3 31 238 0.839
3 32 207 0.824
3 33 227 0.73
3 34 232 0.768
3 35 253 0.786
3 36 239 0.829
3 37 221 0.804
3 38 236 0.876
3 39 249 0.871
3 40 242 0.833
3 41 332 0.849
3 42 377 0.75
3 43 249 0.704
3 44 260 0.892
3 45 317 0.667
3 46 341 0.804
3 47 435 0.835
3 48 481 0.713
4 1 437 0.844
4 2 284 0.762
4 3 207 0.838
4 4 200 0.891
4 5 171 0.862
4 6 181 0.887
4 7 213 0.804
4 8 207 0.753
4 9 184 0.906
4 10 162 0.797
4 11 189 0.716
4 12 175 0.657
4 13 189 0.75
4 14 181 0.742
4 15 192 0.874
4 16 168 0.827
4 17 155 0.887
4 18 188 0.884
4 19 152 0.731
4 20 126 0.829
4 21 167 0.879
4 22 174 0.865
4 23 164 0.875
4 24 157 0.907
4 25 145 0.873
4 26 167 0.9
4 27 211 0.873
4 28 177 0.817
4 29 180 0.838
4 30 187 0.871
4 31 189 0.792
4 32 197 0.859
4 33 219 0.813
4 34 206 0.852
4 35 182 0.786
4 36 194 0.856
4 37 218 0.891
4 38 234 0.851
4 39 240 0.76
4 40 230 0.804
4 41 273 0.715
4 42 324 0.623
4 43 251 0.838
4 44 235 0.905
4 45 279 0.547
4 46 322 0.864
4 47 379 0.713
4 48 477 0.764
5 1 450 0.869
5 2 289 0.844
5 3 229 0.767
5 4 176 0.827
5 5 169 0.653
5 6 149 0.823
5 7 166 0.569
5 8 210 0.826
5 9 190 0.747
5 10 182 0.856
5 11 197 0.87
5 12 194 0.772
5 13 156 0.813
5 14 174 0.829
5 15 143 0.893
5 16 181 0.806
5 17 184 0.885
5 18 158 0.937
5 19 170 0.857
5 20 158 0.937
5 21 182 0.896
5 22 171 0.9
5 23 158 0.873
5 24 151 0.918
5 25 115 0.808
5 26 122 0.629
5 27 192 0.829
5 28 171 0.823
5 29 167 0.879
5 30 181 0.879
5 31 187 0.844
5 32 233 0.831
5 33 191 0.843
5 34 198 0.798
5 35 188 0.805
5 36 217 0.846
5 37 190 0.821
5 38 229 0.875
5 39 238 0.909
5 40 235 0.809
5 41 222 0.764
5 42 218 0.826
5 43 259 0.697
5 44 235 0.831
5 45 261 0.82
5 46 296 0.814
5 47 461 0.69
5 48 507 0.664
6 1 71 0.467
6 2 141 0.787
6 3 230 0.912
6 4 206 0.765
6 5 138 0.658
6 6 141 0.827
6 7 125 0.914
6 8 174 0.803
6 9 179 0.759
6 10 153 0.771
6 11 167 0.785
6 12 129 0.882
6 13 134 0.859
6 14 132 0.815
6 15 181 0.782
6 16 143 0.893
6 17 170 0.802
6 18 164 0.708
6 19 187 0.86
6 20 190 0.828
6 21 151 0.814
6 22 173 0.889
6 23 170 0.774
6 24 167 0.796
6 25 171 0.786
6 26 204 0.862
6 27 157 0.889
6 28 168 0.855
6 29 189 0.827
6 30 185 0.843
6 31 179 0.861
6 32 195 0.817
6 33 107 0.628
6 34 126 0.411
6 35 195 0.896
6 36 214 0.824
6 37 194 0.838
6 38 190 0.854
6 39 208 0.663
6 40 215 0.882
6 41 180 0.668
6 42 257 0.826
6 43 255 0.758
6 44 303 0.575
6 45 288 0.841
6 46 167 0.573
6 47 443 0.466
6 48 539 0.709
7 1 232 0.818
7 2 97 0.832
7 3 278 0.818
7 4 202 0.59
7 5 131 0.618
7 6 153 0.743
7 7 151 0.864
7 8 159 0.91
7 9 184 0.914
7 10 169 0.763
7 11 138 0.679
7 12 152 0.892
7 13 166 0.756
7 14 16 -1.0
7 15 159 0.84
7 16 164 0.875
7 17 174 0.916
7 18 159 0.887
7 19 142 0.877
7 20 183 0.852
7 21 167 0.796
7 22 136 0.818
7 23 154 0.822
7 24 164 0.815
7 25 165 0.898
7 26 136 0.871
7 27 180 0.838
7 28 114 0.878
7 29 176 0.701
7 30 168 0.835
7 31 184 0.838
7 32 192 0.804
7 33 222 0.873
7 34 204 0.878
7 35 185 0.835
7 36 187 0.879
7 37 185 0.862
7 38 196 0.68
7 39 215 0.789
7 40 227 0.826
7 41 229 0.857
7 42 245 0.899
7 43 190 0.873
7 44 188 0.739
7 45 260 0.765
7 46 304 0.646
7 47 428 0.572
7 48 490 0.544
8 1 308 0.877
8 2 315 0.837
8 3 234 0.701
8 4 188 0.718
8 5 160 0.798
8 6 190 0.865
8 7 177 0.832
8 8 160 0.875
8 9 152 0.869
8 10 172 0.809
8 11 171 0.739
8 12 185 0.806
8 13 170 0.894
8 14 163 0.766
8 15 188 0.864
8 16 168 0.875
8 17 197 0.784
8 18 155 0.847
8 19 151 0.864
8 20 149 0.93
8 21 145 0.851
8 22 145 0.873
8 23 190 0.902
8 24 185 0.824
8 25 195 0.896
8 26 200 0.82
8 27 162 0.927
8 28 167 0.891
8 29 205 0.885
8 30 207 0.753
8 31 178 0.915
8 32 176 0.847
8 33 176 0.875
8 34 172 0.884
8 35 179 0.842
8 36 166 0.733
8 37 191 0.907
8 38 195 0.905
8 39 95 0.89
8 40 268 0.833
8 41 248 0.806
8 42 275 0.833
8 43 243 0.736
8 44 295 0.832
8 45 216 0.764
8 46 285 0.765
8 47 396 0.541
8 48 545 0.645
9 1 404 0.82
9 2 348 0.839
9 3 224 0.881
9 4 192 0.787
9 5 177 0.806
9 6 184 0.885
9 7 174 0.894
9 8 171 0.862
9 9 166 0.845
9 10 157 0.818
9 11 166 0.675
9 12 164 0.846
9 13 179 0.92
9 14 160 0.788
9 15 180 0.874
9 16 187 0.76
9 17 158 0.937
9 18 130 0.899
9 19 170 0.894
9 20 178 0.864
9 21 40 0.953
9 22 47 0.947
9 23 159 0.828
9 24 178 0.736
9 25 121 0.818
9 26 184 0.885
9 27 148 0.847
9 28 177 0.909
9 29 164 0.938
9 30 176 0.863
9 31 193 0.816
9 32 250 0.685
9 33 183 0.889
9 34 199 0.718
9 35 200 0.872
9 36 194 0.838
9 37 179 0.834
9 38 172 0.867
9 39 204 0.87
9 40 212 0.851
9 41 198 0.855
9 42 224 0.863
9 43 293 0.878
9 44 288 0.72
9 45 289 0.737
9 46 172 0.602
9 47 461 0.656
9 48 600 0.789
10 1 81 0.716
10 2 47 0.864
10 3 221 0.914
10 4 195 0.896
10 5 169 0.943
10 6 161 0.88
10 7 151 0.895
10 8 164 0.843
10 9 166 0.809
10 10 133 0.862
10 11 169 0.763
10 12 160 0.875
10 13 156 0.794
10 14 162 0.873
10 15 124 0.907
10 16 180 0.895
10 17 152 0.819
10 18 166 0.873
10 19 174 0.907
10 20 184 0.885
10 21 142 0.92
10 22 142 0.864
10 23 165 0.671
10 24 162 0.832
10 25 168 0.863
10 26 158 0.904
10 27 150 0.8
10 28 186 0.875
10 29 183 0.906
10 30 189 0.799
10 31 192 0.848
10 32 174 0.81
10 33 161 0.774
10 34 153 0.771
10 35 186 0.855
10 36 197 0.878
10 37 205 0.777
10 38 186 0.847
10 39 223 0.811
10 40 216 0.849
10 41 260 0.875
10 42 256 0.838
10 43 42 0.793
10 44 31 0.858
10 45 307 0.76
10 46 353 0.706
10 47 434 0.734
10 48 600 0.718
11 1 389 0.732
11 2 271 0.82
11 3 244 0.87
11 4 197 0.808
11 5 166 0.917
11 6 24 0.941
11 7 175 0.861
11 8 159 0.837
11 9 189 0.939
11 10 154 0.802
11 11 145 0.669
11 12 113 0.886
11 13 180 0.838
11 14 143 0.86
11 15 160 0.948
11 16 171 0.823
11 17 172 0.847
11 18 165 0.911
11 19 170 0.818
11 20 177 0.88
11 21 30 0.986
11 22 34 0.793
11 23 179 0.881
11 24 167 0.771
11 25 146 0.798
11 26 166 0.865
11 27 0 0.0
11 28 155 0.819
11 29 182 0.867
11 30 201 0.821
11 31 164 0.863
11 32 168 0.758
11 33 204 0.855
11 34 165 0.921
11 35 190 0.803
11 36 198 0.763
11 37 203 0.866
11 38 224 0.838
11 39 216 0.835
11 40 220 0.883
11 41 86 0.821
11 42 53 0.899
11 43 213 0.889
11 44 227 0.803
11 45 299 0.843
11 46 333 0.718
11 47 538 0.471
11 48 662 0.623
12 1 383 0.806
12 2 239 0.86
12 3 208 0.861
12 4 187 0.852
12 5 172 0.827
12 6 162 0.873
12 7 173 0.88
12 8 181 0.93
12 9 113 0.826
12 10 166 0.55
12 11 159 0.9
12 12 170 0.857
12 13 163 0.71
12 14 172 0.847
12 15 158 0.729
12 16 146 0.856
12 17 160 0.925
12 18 162 0.832
12 19 151 0.909
12 20 174 0.848
12 21 172 0.923
12 22 187 0.708
12 23 180 0.925
12 24 160 0.842
12 25 109 0.891
12 26 116 0.92
12 27 171 0.755
12 28 190 0.893
12 29 190 0.763
12 30 190 0.779
12 31 181 0.782
12 32 162 0.782
12 33 194 0.872
12 34 189 0.85
12 35 183 0.815
12 36 196 0.854
12 37 206 0.845
12 38 216 0.809
12 39 157 0.818
12 40 171 0.891
12 41 224 0.815
12 42 248 0.765
12 43 235 0.601
12 44 252 0.825
12 45 241 0.884
12 46 273 0.593
12 47 548 0.531
12 48 696 0.512
13 1 356 0.82
13 2 205 0.783
13 3 194 0.838
13 4 196 0.828
13 5 181 0.824
13 6 124 0.72
13 7 162 0.824
13 8 141 0.827
13 9 184 0.865
13 10 166 0.845
13 11 180 0.895
13 12 191 0.767
13 13 0 0.0
13 14 0 0.0
13 15 157 0.889
13 16 169 0.851
13 17 161 0.889
13 18 167 0.9
13 19 178 0.897
13 20 169 0.868
13 21 33 0.965
13 22 39 0.929
13 23 194 0.75
13 24 176 0.875
13 25 100 0.868
13 26 99 0.86
13 27 170 0.894
13 28 185 0.89
13 29 179 0.698
13 30 161 0.839
13 31 172 0.847
13 32 158 0.852
13 33 196 0.854
13 34 218 0.84
13 35 182 0.913
13 36 183 0.889
13 37 187 0.833
13 38 199 0.878
13 39 32 0.936
13 40 41 0.866
13 41 229 0.801
13 42 213 0.814
13 43 254 0.825
13 44 275 0.783
13 45 287 0.844
13 46 328 0.723
13 47 466 0.668
13 48 635 0.841
14 1 363 0.881
14 2 228 0.83
14 3 161 0.859
14 4 163 0.81
14 5 181 0.871
14 6 195 0.718
14 7 157 0.858
14 8 148 0.914
14 9 150 0.828
14 10 160 0.78
14 11 155 0.655
14 12 169 0.851
14 13 168 0.8
14 14 178 0.793
14 15 157 0.846
14 16 163 0.9
14 17 159 0.758
14 18 152 0.773
14 19 164 0.893
14 20 169 0.73
14 21 186 0.956
14 22 204 0.901
14 23 183 0.931
14 24 204 0.917
14 25 181 0.806
14 26 177 0.851
14 27 168 0.897
14 28 168 0.875
14 29 147 0.841
14 30 188 0.913
14 31 162 0.731
14 32 171 0.891
14 33 180 0.878
14 34 204 0.757
14 35 197 0.833
14 36 188 0.83
14 37 139 0.795
14 38 221 0.827
14 39 197 0.815
14 40 216 0.818
14 41 245 0.891
14 42 219 0.83
14 43 31 0.886
14 44 33 0.892
14 45 301 0.7
14 46 334 0.59
14 47 346 0.729
14 48 471 0.837
15 1 160 0.706
15 2 251 0.878
15 3 207 0.867
15 4 208 0.825
15 5 182 0.896
15 6 174 0.885
15 7 180 0.858
15 8 169 0.92
15 9 170 0.916
15 10 157 0.898
15 11 164 0.863
15 12 131 0.692
15 13 165 0.921
15 14 154 0.765
15 15 141 0.848
15 16 169 0.813
15 17 131 0.78
15 18 163 0.879
15 19 159 0.801
15 20 170 0.873
15 21 38 -1.0
15 22 41 0.928
15 23 168 0.915
15 24 182 0.769
15 25 181 0.879
15 26 166 0.936
15 27 166 0.773
15 28 172 0.727
15 29 169 0.813
15 30 208 0.828
15 31 165 0.88
15 32 196 0.821
15 33 181 0.792
15 34 205 0.874
15 35 195 0.8
15 36 216 0.875
15 37 196 0.865
15 38 204 0.862
15 39 197 0.878
15 40 199 0.823
15 41 221 0.862
15 42 241 0.827
15 43 241 0.867
15 44 234 0.828
15 45 272 0.845
15 46 311 0.723
15 47 373 0.742
15 48 517 0.849
16 1 373 0.865
16 2 257 0.764
16 3 178 0.786
16 4 168 0.655
16 5 189 0.918
16 6 180 0.838
16 7 144 0.889
16 8 161 0.819
16 9 178 0.8
16 10 161 0.785
16 11 155 0.827
16 12 160 0.78
16 13 182 0.896
16 14 167 0.841
16 15 153 0.875
16 16 172 0.82
16 17 149 0.844
16 18 151 0.895
16 19 159 0.848
16 20 153 0.897
16 21 177 0.901
16 22 194 0.892
16 23 180 0.925
16 24 163 0.829
16 25 178 0.902
16 26 186 0.847
16 27 165 0.889
16 28 173 0.832
16 29 172 0.867
16 30 179 0.834
16 31 169 0.78
16 32 180 0.895
16 33 171 0.891
16 34 173 0.738
16 35 174 0.659
16 36 176 0.847
16 37 207 0.753
16 38 189 0.897
16 39 183 0.79
16 40 181 0.817
16 41 200 0.813
16 42 205 0.885
16 43 239 0.813
16 44 326 0.776
16 45 297 0.797
16 46 302 0.747
16 47 383 0.74
16 48 538 0.783
17 1 352 0.843
17 2 227 0.794
17 3 226 0.729
17 4 191 0.84
17 5 186 0.903
17 6 166 0.806
17 7 167 0.909
17 8 217 0.687
17 9 170 0.728
17 10 154 0.784
17 11 155 0.684
17 12 166 0.78
17 13 116 0.755
17 14 127 0.756
17 15 164 0.764
17 16 158 0.843
17 17 162 0.895
17 18 161 0.859
17 19 161 0.785
17 20 162 0.895
17 21 187 0.852
17 22 183 0.901
17 23 173 0.889
17 24 188 0.856
17 25 65 0.935
17 26 88 0.788
17 27 166 0.873
17 28 162 0.927
17 29 89 0.861
17 30 79 0.997
17 31 178 0.811
17 32 169 0.911
17 33 179 0.826
17 34 174 0.768
17 35 178 0.829
17 36 174 0.916
17 37 183 0.729
17 38 158 0.937
17 39 34 0.853
17 40 23 0.824
17 41 243 0.867
17 42 218 0.728
17 43 277 0.815
17 44 248 0.885
17 45 281 0.827
17 46 317 0.697
17 47 393 0.765
17 48 492 0.792
18 1 297 0.867
18 2 238 0.7
18 3 107 0.686
18 4 98 0.791
18 5 174 0.803
18 6 137 0.868
18 7 176 0.737
18 8 172 0.82
18 9 161 0.74
18 10 152 0.708
18 11 174 0.885
18 12 185 0.713
18 13 149 0.835
18 14 164 0.846
18 15 163 0.849
18 16 161 0.898
18 17 155 0.887
18 18 139 0.891
18 19 156 0.915
18 20 179 0.704
18 21 179 0.757
18 22 167 0.85
18 23 145 0.905
18 24 185 0.911
18 25 177 0.824
18 26 182 0.829
18 27 153 0.771
18 28 162 0.844
18 29 180 0.717
18 30 180 0.838
18 31 154 0.822
18 32 142 0.92
18 33 166 0.845
18 34 163 0.829
18 35 177 0.88
18 36 180 0.886
18 37 170 0.792
18 38 206 0.852
18 39 198 0.863
18 40 251 0.854
18 41 242 0.87
18 42 219 0.906
18 43 232 0.886
18 44 226 0.896
18 45 307 0.791
18 46 323 0.595
18 47 364 0.778
18 48 486 0.857
19 1 392 0.87
19 2 215 0.889
19 3 186 0.69
19 4 195 0.807
19 5 163 0.643
19 6 192 0.764
19 7 167 0.811
19 8 166 0.773
19 9 186 0.875
19 10 186 0.903
19 11 149 0.758
19 12 169 0.832
19 13 20 0.838
19 14 29 -1.0
19 15 160 0.77
19 16 158 0.937
19 17 152 0.892
19 18 126 0.852
19 19 158 0.895
19 20 141 0.913
19 21 168 0.863
19 22 149 0.823
19 23 177 0.806
19 24 179 0.853
19 25 164 0.834
19 26 162 0.797
19 27 166 0.672
19 28 174 0.837
19 29 146 0.827
19 30 132 0.903
19 31 185 0.824
19 32 169 0.84
19 33 171 0.922
19 34 180 0.916
19 35 184 0.795
19 36 189 0.785
19 37 170 0.829
19 38 161 0.868
19 39 193 0.744
19 40 217 0.864
19 41 73 0.862
19 42 109 0.891
19 43 228 0.916
19 44 262 0.814
19 45 256 0.832
19 46 312 0.852
19 47 298 0.698
19 48 506 0.785
20 1 359 0.833
20 2 203 0.754
20 3 208 0.722
20 4 201 0.784
20 5 188 0.819
20 6 0 0.0
20 7 178 0.873
20 8 166 0.78
20 9 155 0.887
20 10 172 0.827
20 11 159 0.741
20 12 164 0.843
20 13 170 0.865
20 14 196 0.79
20 15 151 0.864
20 16 149 0.844
20 17 140 0.821
20 18 142 0.854
20 19 153 0.778
20 20 149 0.787
20 21 159 0.887
20 22 147 0.784
20 23 164 0.884
20 24 160 0.822
20 25 147 0.894
20 26 194 0.796
20 27 167 0.83
20 28 172 0.896
20 29 162 0.805
20 30 163 0.829
20 31 180 0.688
20 32 217 0.747
20 33 159 0.878
20 34 180 0.903
20 35 176 0.855
20 36 216 0.86
20 37 193 0.775
20 38 191 0.859
20 39 185 0.898
20 40 175 0.823
20 41 272 0.775
20 42 230 0.709
20 43 209 0.674
20 44 253 0.845
20 45 214 0.817
20 46 273 0.827
20 47 331 0.873
20 48 469 0.843
21 1 362 0.808
21 2 224 0.645
21 3 264 0.82
21 4 220 0.723
21 5 187 0.8
21 6 160 0.77
21 7 172 0.82
21 8 208 0.748
21 9 165 0.643
21 10 119 0.87
21 11 178 0.811
21 12 184 0.838
21 13 187 0.8
21 14 189 0.853
21 15 162 0.79
21 16 157 0.722
21 17 176 0.827
21 18 153 0.845
21 19 141 0.848
21 20 152 0.924
21 21 161 0.868
21 22 171 0.879
21 23 144 0.889
21 24 128 0.875
21 25 120 0.941
21 26 122 0.903
21 27 164 0.906
21 28 166 0.886
21 29 183 0.931
21 30 153 0.746
21 31 159 0.783
21 32 144 0.804
21 33 166 0.886
21 34 184 0.849
21 35 206 0.871
21 36 183 0.918
21 37 196 0.846
21 38 188 0.755
21 39 160 0.862
21 40 188 0.934
21 41 193 0.937
21 42 253 0.726
21 43 245 0.79
21 44 258 0.861
21 45 328 0.788
21 46 316 0.84
21 47 359 0.729
21 48 527 0.75
22 1 395 0.785
22 2 220 0.749
22 3 187 0.808
22 4 185 0.775
22 5 210 0.773
22 6 168 0.855
22 7 169 0.843
22 8 174 0.785
22 9 152 0.84
22 10 184 0.82
22 11 137 0.795
22 12 186 0.839
22 13 184 0.885
22 14 147 0.691
22 15 169 0.746
22 16 168 0.875
22 17 160 0.798
22 18 163 0.87
22 19 168 0.846
22 20 189 0.861
22 21 158 0.804
22 22 154 0.872
22 23 153 0.845
22 24 160 0.825
22 25 152 0.869
22 26 155 0.909
22 27 163 0.821
22 28 167 0.83
22 29 101 0.888
22 30 120 0.811
22 31 111 0.935
22 32 177 0.806
22 33 181 0.879
22 34 152 0.882
22 35 173 0.824
22 36 156 0.786
22 37 192 0.874
22 38 227 0.788
22 39 196 0.873
22 40 212 0.794
22 41 237 0.838
22 42 251 0.651
22 43 207 0.856
22 44 231 0.642
22 45 276 0.767
22 46 332 0.699
22 47 382 0.636
22 48 600 0.795
23 1 402 0.834
23 2 263 0.701
23 3 220 0.481
23 4 188 0.698
23 5 160 0.619
23 6 172 0.847
23 7 177 0.764
23 8 143 0.704
23 9 158 0.796
23 10 162 0.805
23 11 170 0.845
23 12 141 0.585
23 13 170 0.818
23 14 156 0.883
23 15 147 0.918
23 16 154 0.851
23 17 177 0.892
23 18 176 0.917
23 19 164 0.915
23 20 166 0.865
23 21 161 0.774
23 22 163 0.879
23 23 156 0.558
23 24 151 0.726
23 25 158 0.873
23 26 170 0.845
23 27 195 0.896
23 28 162 0.856
23 29 180 0.874
23 30 166 0.825
23 31 165 0.761
23 32 146 0.827
23 33 173 0.901
23 34 164 0.781
23 35 214 0.859
23 36 204 0.862
23 37 32 0.803
23 38 207 0.875
23 39 227 0.875
23 40 216 0.867
23 41 94 0.88
23 42 156 0.87
23 43 271 0.735
23 44 271 0.874
23 45 265 0.782
23 46 379 0.793
23 47 315 0.684
23 48 564 0.751
24 1 468 0.839
24 2 277 0.83
24 3 227 0.732
24 4 174 0.751
24 5 154 0.83
24 6 158 0.843
24 7 191 0.87
24 8 172 0.827
24 9 163 0.742
24 10 141 0.871
24 11 184 0.83
24 12 192 0.829
24 13 160 0.862
24 14 150 0.683
24 15 146 0.779
24 16 171 0.87
24 17 167 0.9
24 18 148 0.924
24 19 168 0.884
24 20 161 0.811
24 21 144 0.736
24 22 154 0.859
24 23 159 0.866
24 24 155 0.827
24 25 173 0.86
24 26 185 0.817
24 27 171 0.823
24 28 196 0.734
24 29 172 0.936
24 30 188 0.845
24 31 163 0.879
24 32 214 0.794
24 33 158 0.882
24 34 163 0.879
24 35 172 0.801
24 36 164 0.884
24 37 219 0.869
24 38 246 0.86
24 39 220 0.84
24 40 209 0.815
24 41 202 0.872
24 42 222 0.884
24 43 276 0.786
24 44 313 0.846
24 45 364 0.645
24 46 326 0.875
24 47 382 0.689
24 48 576 0.56
25 1 431 0.832
25 2 280 0.666
25 3 212 0.778
25 4 224 0.756
25 5 168 0.827
25 6 167 0.754
25 7 168 0.808
25 8 193 0.841
25 9 167 0.796
25 10 175 0.861
25 11 147 0.85
25 12 167 0.7
25 13 147 0.871
25 14 161 0.839
25 15 181 0.765
25 16 162 0.836
25 17 157 0.889
25 18 140 0.907
25 19 161 0.792
25 20 160 0.939
25 21 167 0.87
25 22 164 0.875
25 23 181 0.851
25 24 177 0.863
25 25 140 0.864
25 26 149 0.887
25 27 180 0.846
25 28 189 0.861
25 29 192 0.764
25 30 178 0.876
25 31 177 0.871
25 32 162 0.816
25 33 164 0.866
25 34 225 0.803
25 35 230 0.854
25 36 182 0.958
25 37 205 0.799
25 38 171 0.922
25 39 221 0.804
25 40 245 0.761
25 41 223 0.805
25 42 223 0.852
25 43 250 0.851
25 44 281 0.786
25 45 335 0.723
25 46 381 0.642
25 47 511 0.626
25 48 603 0.683
26 1 369 0.806
26 2 268 0.803
26 3 227 0.707
26 4 187 0.751
26 5 192 0.797
26 6 190 0.857
26 7 162 0.824
26 8 136 0.81
26 9 168 0.775
26 10 171 0.769
26 11 180 0.784
26 12 158 0.86
26 13 164 0.854
26 14 161 0.8
26 15 194 0.786
26 16 148 0.868
26 17 159 0.597
26 18 150 0.899
26 19 157 0.846
26 20 156 0.87
26 21 166 0.865
26 22 145 0.774
26 23 167 0.814
26 24 148 0.62
26 25 160 0.893
26 26 160 0.893
26 27 202 0.872
26 28 175 0.89
26 29 51 0.844
26 30 52 0.939
26 31 211 0.746
26 32 178 0.779
26 33 194 0.655
26 34 176 0.722
26 35 158 0.753
26 36 170 0.792
26 37 206 0.863
26 38 217 0.822
26 39 229 0.882
26 40 219 0.879
26 41 206 0.787
26 42 288 0.586
26 43 266 0.783
26 44 360 0.819
26 45 335 0.808
26 46 349 0.71
26 47 228 0.328
26 48 282 0.46
27 1 442 0.756
27 2 317 0.714
27 3 217 0.829
27 4 185 0.752
27 5 165 0.786
27 6 195 0.85
27 7 157 0.855
27 8 163 0.87
27 9 174 0.826
27 10 150 0.858
27 11 173 0.798
27 12 173 0.852
27 13 177 0.909
27 14 173 0.683
27 15 180 0.795
27 16 154 0.802
27 17 162 0.797
27 18 152 0.848
27 19 169 0.868
27 20 177 0.781
27 21 175 0.808
27 22 166 0.865
27 23 154 0.842
27 24 171 0.796
27 25 167 0.803
27 26 166 0.865
27 27 206 0.628
27 28 183 0.833
27 29 183 0.88
27 30 200 0.864
27 31 190 0.813
27 32 202 0.781
27 33 177 0.901
27 34 203 0.84
27 35 199 0.886
27 36 181 0.568
27 37 191 0.783
27 38 231 0.559
27 39 268 0.818
27 40 220 0.567
27 41 322 0.719
27 42 300 0.771
27 43 281 0.773
27 44 253 0.822
27 45 305 0.869
27 46 406 0.789
27 47 431 0.559
27 48 626 0.67
28 1 476 0.846
28 2 318 0.774
28 3 237 0.797
28 4 217 0.812
28 5 179 0.808
28 6 169 0.86
28 7 182 0.803
28 8 178 0.864
28 9 194 0.803
28 10 170 0.792
28 11 204 0.837
28 12 203 0.85
28 13 193 0.816
28 14 153 0.463
28 15 173 0.764
28 16 181 0.859
28 17 164 0.789
28 18 150 0.699
28 19 178 0.786
28 20 169 0.86
28 21 194 0.912
28 22 186 0.855
28 23 167 0.858
28 24 182 0.762
28 25 166 0.853
28 26 179 0.834
28 27 171 0.909
28 28 178 0.818
28 29 181 0.736
28 30 198 0.847
28 31 229 0.686
28 32 193 0.86
28 33 166 0.873
28 34 164 0.807
28 35 170 0.818
28 36 171 0.879
28 37 252 0.789
28 38 204 0.795
28 39 209 0.739
28 40 219 0.693
28 41 382 0.649
28 42 293 0.636
28 43 244 0.69
28 44 235 0.905
28 45 365 0.773
28 46 317 0.754
28 47 447 0.613
28 48 624 0.784
29 1 195 0.565
29 2 144 0.699
29 3 282 0.86
29 4 217 0.906
29 5 203 0.866
29 6 197 0.791
29 7 211 0.823
29 8 233 0.865
29 9 202 0.818
29 10 198 0.812
29 11 181 0.879
29 12 217 0.846
29 13 134 0.778
29 14 143 0.906
29 15 200 0.82
29 16 184 0.865
29 17 191 0.825
29 18 169 0.77
29 19 174 0.907
29 20 188 0.837
29 21 217 0.806
29 22 178 0.848
29 23 191 0.745
29 24 186 0.832
29 25 186 0.772
29 26 197 0.825
29 27 199 0.867
29 28 197 0.725
29 29 180 0.895
29 30 211 0.833
29 31 190 0.846
29 32 202 0.778
29 33 198 0.94
29 34 221 0.773
29 35 193 0.71
29 36 236 0.79
29 37 212 0.787
29 38 190 0.711
29 39 214 0.736
29 40 257 0.82
29 41 197 0.691
29 42 260 0.829
29 43 287 0.803
29 44 257 0.82
29 45 346 0.768
29 46 385 0.686
29 47 164 0.764
29 48 366 0.602
30 1 566 0.845
30 2 402 0.71
30 3 313 0.755
30 4 236 0.761
30 5 232 0.798
30 6 246 0.837
30 7 215 0.846
30 8 214 0.824
30 9 238 0.773
30 10 242 0.863
30 11 244 0.793
30 12 236 0.849
30 13 256 0.832
30 14 235 0.806
30 15 250 0.899
30 16 221 0.837
30 17 222 0.814
30 18 214 0.834
30 19 229 0.857
30 20 215 0.798
30 21 222 0.891
30 22 216 0.878
30 23 222 0.721
30 24 249 0.864
30 25 217 0.796
30 26 201 0.832
30 27 225 0.76
30 28 221 0.746
30 29 214 0.885
30 30 262 0.906
30 31 258 0.854
30 32 269 0.659
30 33 276 0.827
30 34 237 0.852
30 35 268 0.732
30 36 249 0.847
30 37 272 0.868
30 38 286 0.809
30 39 277 0.897
30 40 291 0.762
30 41 297 0.718
30 42 312 0.76
30 43 282 0.789
30 44 388 0.74
30 45 333 0.691
30 46 460 0.554
30 47 558 0.674
30 48 705 0.862
31 1 443 0.794
31 2 408 0.74
31 3 394 0.824
31 4 304 0.802
31 5 291 0.85
31 6 293 0.862
31 7 257 0.858
31 8 290 0.847
31 9 297 0.896
31 10 278 0.88
31 11 278 0.772
31 12 279 0.736
31 13 43 0.909
31 14 44 0.76
31 15 252 0.819
31 16 227 0.867
31 17 329 0.839
31 18 298 0.794
31 19 261 0.871
31 20 268 0.885
31 21 260 0.787
31 22 263 0.741
31 23 274 0.851
31 24 287 0.789
31 25 261 0.696
31 26 280 0.845
31 27 297 0.809
31 28 296 0.82
31 29 280 0.757
31 30 274 0.905
31 31 263 0.832
31 32 309 0.844
31 33 282 0.789
31 34 328 0.851
31 35 287 0.809
31 36 288 0.876
31 37 325 0.67
31 38 340 0.736
31 39 341 0.806
31 40 359 0.751
31 41 388 0.713
31 42 262 0.868
31 43 422 0.725
31 44 402 0.767
31 45 486 0.762
31 46 560 0.85
31 47 175 0.217
31 48 158 0.904
32 1 710 0.907
32 2 610 0.785
32 3 672 0.888
32 4 579 0.858
32 5 549 0.894
32 6 423 0.846
32 7 425 0.816
32 8 433 0.796
32 9 402 0.865
32 10 393 0.878
32 11 394 0.8
32 12 434 0.845
32 13 463 0.835
32 14 351 0.875
32 15 387 0.822
32 16 403 0.862
32 17 413 0.744
32 18 408 0.905
32 19 422 0.771
32 20 377 0.903
32 21 403 0.698
32 22 448 0.781
32 23 399 0.853
32 24 380 0.89
32 25 412 0.819
32 26 460 0.776
32 27 413 0.821
32 28 373 0.86
32 29 491 0.785
32 30 318 0.806
32 31 394 0.812
32 32 379 0.703
32 33 468 0.82
32 34 447 0.856
32 35 381 0.776
32 36 425 0.745
32 37 473 0.798
32 38 516 0.822
32 39 491 0.613
32 40 518 0.671
32 41 552 0.788
32 42 407 0.652
32 43 430 0.707
32 44 604 0.743
32 45 485 0.691
32 46 688 0.8
32 47 692 0.699
32 48 709 0.795
