row  column  size-1  circ-1
1 1 468 0.923
1 2 419 0.907
1 3 288 0.895
1 4 323 0.895
1 5 360 0.882
1 6 279 0.815
1 7 309 0.85
1 8 314 0.879
1 9 321 0.855
1 10 296 0.887
1 11 302 0.866
1 12 370 0.774
1 13 351 0.855
1 14 308 0.821
1 15 244 0.87
1 16 143 0.87
1 17 312 0.843
1 18 297 0.852
1 19 173 0.872
1 20 257 0.875
1 21 354 0.762
1 22 298 0.728
1 23 296 0.704
1 24 257 0.792
1 25 281 0.88
1 26 297 0.811
1 27 343 0.83
1 28 338 0.75
1 29 291 0.856
1 30 338 0.829
1 31 310 0.867
1 32 314 0.828
1 33 300 0.775
1 34 322 0.81
1 35 311 0.821
1 36 319 0.79
1 37 285 0.747
1 38 360 0.862
1 39 341 0.793
1 40 402 0.792
1 41 174 0.907
1 42 180 0.858
1 43 422 0.839
1 44 485 0.879
1 45 340 0.856
1 46 324 0.719
1 47 437 0.856
1 48 512 0.723
2 1 340 0.882
2 2 274 0.897
2 3 235 0.905
2 4 239 0.813
2 5 240 0.839
2 6 210 0.861
2 7 216 0.867
2 8 234 0.858
2 9 185 0.89
2 10 204 0.826
2 11 204 0.851
2 12 220 0.855
2 13 173 0.852
2 14 198 0.882
2 15 218 0.833
2 16 249 0.895
2 17 238 0.891
2 18 225 0.867
2 19 228 0.836
2 20 212 0.924
2 21 223 0.903
2 22 246 0.885
2 23 190 0.865
2 24 220 0.823
2 25 230 0.837
2 26 206 0.81
2 27 210 0.858
2 28 238 0.745
2 29 193 0.879
2 30 229 0.875
2 31 215 0.882
2 32 231 0.936
2 33 239 0.852
2 34 239 0.777
2 35 234 0.883
2 36 220 0.757
2 37 221 0.788
2 38 241 0.798
2 39 234 0.812
2 40 267 0.794
2 41 282 0.883
2 42 327 0.863
2 43 273 0.812
2 44 274 0.874
2 45 325 0.837
2 46 372 0.805
2 47 386 0.825
2 48 369 0.806
3 1 320 0.902
3 2 234 0.894
3 3 205 0.83
3 4 180 0.827
3 5 175 0.921
3 6 191 0.898
3 7 157 0.907
3 8 168 0.915
3 9 193 0.86
3 10 180 0.916
3 11 175 0.815
3 12 167 0.922
3 13 193 0.895
3 14 195 0.793
3 15 102 0.823
3 16 99 0.799
3 17 182 0.829
3 18 179 0.861
3 19 194 0.803
3 20 189 0.927
3 21 175 0.87
3 22 212 0.877
3 23 168 0.855
3 24 174 0.885
3 25 184 0.838
3 26 189 0.88
3 27 190 0.865
3 28 182 0.875
3 29 194 0.856
3 30 184 0.846
3 31 198 0.837
3 32 198 0.91
3 33 166 0.865
3 34 183 0.823
3 35 216 0.792
3 36 188 0.884
3 37 213 0.9
3 38 215 0.863
3 39 214 0.849
3 40 202 0.715
3 41 238 0.873
3 42 214 0.885
3 43 219 0.906
3 44 230 0.807
3 45 261 0.817
3 46 293 0.82
3 47 348 0.855
3 48 335 0.835
4 1 334 0.855
4 2 211 0.881
4 3 195 0.842
4 4 113 0.886
4 5 156 0.949
4 6 129 0.872
4 7 148 0.934
4 8 152 0.892
4 9 184 0.82
4 10 161 0.847
4 11 167 0.879
4 12 153 0.825
4 13 69 0.857
4 14 164 0.875
4 15 169 0.88
4 16 156 0.87
4 17 156 0.915
4 18 149 0.861
4 19 122 0.848
4 20 171 0.87
4 21 154 0.913
4 22 187 0.808
4 23 137 0.824
4 24 149 0.906
4 25 178 0.803
4 26 135 0.934
4 27 165 0.868
4 28 173 0.817
4 29 153 0.845
4 30 124 0.848
4 31 186 0.895
4 32 190 0.902
4 33 179 0.757
4 34 191 0.919
4 35 157 0.838
4 36 189 0.889
4 37 182 0.913
4 38 184 0.914
4 39 170 0.837
4 40 198 0.898
4 41 185 0.881
4 42 208 0.871
4 43 181 0.891
4 44 231 0.865
4 45 230 0.789
4 46 263 0.796
4 47 204 0.889
4 48 324 0.897
5 1 303 0.891
5 2 248 0.86
5 3 187 0.899
5 4 143 0.851
5 5 133 0.862
5 6 121 0.921
5 7 135 0.865
5 8 145 0.774
5 9 157 0.846
5 10 131 0.882
5 11 142 0.854
5 12 160 0.884
5 13 151 0.953
5 14 154 0.872
5 15 77 0.835
5 16 79 0.869
5 17 169 0.832
5 18 158 0.873
5 19 79 0.764
5 20 80 0.959
5 21 154 0.913
5 22 151 0.843
5 23 166 0.836
5 24 144 0.867
5 25 169 0.943
5 26 160 0.893
5 27 158 0.823
5 28 181 0.879
5 29 147 0.862
5 30 162 0.805
5 31 164 0.906
5 32 191 0.907
5 33 147 0.853
5 34 163 0.9
5 35 171 0.9
5 36 175 0.882
5 37 175 0.878
5 38 166 0.926
5 39 185 0.858
5 40 220 0.873
5 41 123 0.899
5 42 147 0.885
5 43 208 0.906
5 44 222 0.848
5 45 238 0.856
5 46 202 0.811
5 47 291 0.75
5 48 343 0.827
6 1 265 0.845
6 2 193 0.887
6 3 132 0.869
6 4 160 0.893
6 5 142 0.765
6 6 149 0.874
6 7 140 0.887
6 8 159 0.809
6 9 123 0.964
6 10 158 0.895
6 11 148 0.809
6 12 160 0.973
6 13 161 0.868
6 14 152 0.892
6 15 154 0.937
6 16 149 0.874
6 17 162 0.824
6 18 156 0.841
6 19 180 0.882
6 20 192 0.874
6 21 166 0.926
6 22 147 0.894
6 23 151 0.779
6 24 175 0.842
6 25 190 0.914
6 26 176 0.917
6 27 168 0.855
6 28 154 0.881
6 29 168 0.884
6 30 178 0.906
6 31 171 0.9
6 32 168 0.875
6 33 165 0.86
6 34 157 0.838
6 35 192 0.883
6 36 166 0.817
6 37 160 0.893
6 38 183 0.849
6 39 200 0.864
6 40 202 0.9
6 41 187 0.92
6 42 192 0.903
6 43 195 0.896
6 44 210 0.802
6 45 218 0.91
6 46 268 0.833
6 47 297 0.846
6 48 385 0.787
7 1 442 0.874
7 2 229 0.833
7 3 193 0.86
7 4 158 0.927
7 5 138 0.894
7 6 170 0.894
7 7 155 0.943
7 8 117 0.956
7 9 153 0.941
7 10 118 0.925
7 11 162 0.927
7 12 128 0.9
7 13 162 0.886
7 14 169 0.851
7 15 141 0.938
7 16 145 0.86
7 17 161 0.889
7 18 152 0.901
7 19 164 0.854
7 20 145 0.905
7 21 168 0.906
7 22 150 0.936
7 23 156 0.841
7 24 153 0.866
7 25 171 0.922
7 26 157 0.846
7 27 163 0.784
7 28 176 0.839
7 29 163 0.923
7 30 147 0.885
7 31 157 0.81
7 32 146 0.879
7 33 180 0.858
7 34 158 0.904
7 35 129 0.882
7 36 166 0.886
7 37 162 0.873
7 38 175 0.912
7 39 152 0.8
7 40 152 0.901
7 41 185 0.89
7 42 170 0.837
7 43 167 0.87
7 44 185 0.878
7 45 237 0.822
7 46 242 0.84
7 47 303 0.819
7 48 368 0.811
8 1 273 0.855
8 2 205 0.661
8 3 159 0.878
8 4 157 0.907
8 5 143 0.893
8 6 160 0.948
8 7 155 0.887
8 8 157 0.931
8 9 143 0.87
8 10 164 0.875
8 11 87 0.943
8 12 153 0.845
8 13 155 0.878
8 14 183 0.852
8 15 132 0.878
8 16 178 0.864
8 17 157 0.898
8 18 159 0.878
8 19 142 0.886
8 20 161 0.889
8 21 147 0.918
8 22 156 0.892
8 23 152 0.831
8 24 150 0.88
8 25 172 0.875
8 26 129 0.917
8 27 119 0.961
8 28 166 0.865
8 29 176 0.847
8 30 147 0.832
8 31 138 0.789
8 32 179 0.942
8 33 156 0.849
8 34 131 0.818
8 35 167 0.85
8 36 171 0.779
8 37 162 0.927
8 38 171 0.87
8 39 187 0.879
8 40 187 0.888
8 41 193 0.809
8 42 164 0.915
8 43 189 0.842
8 44 217 0.861
8 45 230 0.82
8 46 208 0.811
8 47 307 0.838
8 48 258 0.779
9 1 282 0.824
9 2 209 0.883
9 3 180 0.895
9 4 164 0.875
9 5 166 0.895
9 6 157 0.898
9 7 140 0.907
9 8 139 0.925
9 9 153 0.897
9 10 138 0.908
9 11 143 0.893
9 12 137 0.912
9 13 181 0.824
9 14 169 0.86
9 15 88 0.851
9 16 97 0.674
9 17 180 0.866
9 18 186 0.863
9 19 141 0.899
9 20 145 0.905
9 21 155 0.865
9 22 156 0.862
9 23 67 0.898
9 24 82 0.859
9 25 155 0.909
9 26 172 0.847
9 27 28 0.92
9 28 28 0.8
9 29 186 0.847
9 30 175 0.87
9 31 163 0.9
9 32 184 0.894
9 33 153 0.854
9 34 180 0.886
9 35 173 0.91
9 36 174 0.938
9 37 115 0.912
9 38 170 0.865
9 39 163 0.829
9 40 164 0.843
9 41 169 0.832
9 42 184 0.894
9 43 205 0.816
9 44 227 0.794
9 45 175 0.834
9 46 206 0.803
9 47 285 0.854
9 48 396 0.73
10 1 264 0.874
10 2 204 0.901
10 3 206 0.926
10 4 187 0.899
10 5 162 0.864
10 6 149 0.906
10 7 158 0.927
10 8 156 0.841
10 9 147 0.928
10 10 147 0.841
10 11 155 0.887
10 12 156 0.892
10 13 130 0.879
10 14 163 0.91
10 15 137 0.878
10 16 122 0.825
10 17 175 0.921
10 18 161 0.859
10 19 127 0.845
10 20 185 0.919
10 21 157 0.799
10 22 155 0.878
10 23 165 0.921
10 24 162 0.895
10 25 145 0.965
10 26 156 0.925
10 27 179 0.933
10 28 128 0.79
10 29 143 0.978
10 30 144 0.923
10 31 175 0.943
10 32 177 0.909
10 33 161 0.889
10 34 144 0.867
10 35 159 0.887
10 36 150 0.88
10 37 174 0.894
10 38 180 0.947
10 39 180 0.882
10 40 183 0.931
10 41 168 0.937
10 42 181 0.871
10 43 195 0.807
10 44 203 0.84
10 45 230 0.879
10 46 245 0.899
10 47 262 0.875
10 48 415 0.733
11 1 310 0.818
11 2 217 0.917
11 3 145 0.895
11 4 0 0.0
11 5 166 0.873
11 6 151 0.864
11 7 153 0.866
11 8 159 0.809
11 9 141 0.913
11 10 148 0.9
11 11 159 0.933
11 12 174 0.877
11 13 172 0.867
11 14 160 0.806
11 15 167 0.754
11 16 124 0.933
11 17 180 0.846
11 18 168 0.819
11 19 159 0.848
11 20 162 0.873
11 21 178 0.897
11 22 164 0.815
11 23 148 0.877
11 24 171 0.842
11 25 170 0.907
11 26 138 0.884
11 27 160 0.854
11 28 165 0.786
11 29 174 0.865
11 30 137 0.912
11 31 155 0.9
11 32 148 0.891
11 33 177 0.922
11 34 172 0.875
11 35 184 0.838
11 36 196 0.893
11 37 147 0.952
11 38 174 0.894
11 39 165 0.877
11 40 177 0.909
11 41 187 0.836
11 42 188 0.856
11 43 183 0.889
11 44 192 0.883
11 45 216 0.849
11 46 230 0.868
11 47 250 0.749
11 48 332 0.847
12 1 252 0.835
12 2 240 0.898
12 3 198 0.91
12 4 122 0.857
12 5 175 0.903
12 6 156 0.892
12 7 149 0.874
12 8 160 0.893
12 9 122 0.892
12 10 136 0.84
12 11 156 0.862
12 12 127 0.814
12 13 151 0.918
12 14 135 0.834
12 15 156 0.883
12 16 28 -1.0
12 17 81 0.861
12 18 80 0.774
12 19 153 0.875
12 20 95 0.862
12 21 171 0.789
12 22 184 0.894
12 23 139 0.915
12 24 153 0.897
12 25 148 0.9
12 26 164 0.906
12 27 166 0.926
12 28 139 0.836
12 29 188 0.892
12 30 134 0.806
12 31 155 0.896
12 32 128 0.875
12 33 150 0.828
12 34 180 0.858
12 35 112 0.757
12 36 207 0.849
12 37 183 0.833
12 38 168 0.897
12 39 159 0.887
12 40 194 0.856
12 41 178 0.906
12 42 177 0.931
12 43 167 0.879
12 44 214 0.867
12 45 215 0.871
12 46 240 0.78
12 47 289 0.859
12 48 317 0.851
13 1 245 0.811
13 2 228 0.743
13 3 193 0.907
13 4 159 0.857
13 5 169 0.92
13 6 142 0.833
13 7 158 0.852
13 8 123 0.899
13 9 154 0.859
13 10 164 0.854
13 11 158 0.882
13 12 163 0.879
13 13 152 0.869
13 14 162 0.895
13 15 89 0.773
13 16 166 0.895
13 17 94 0.909
13 18 111 0.835
13 19 69 0.713
13 20 127 0.73
13 21 134 0.942
13 22 150 0.899
13 23 174 0.837
13 24 167 0.822
13 25 91 0.892
13 26 198 0.931
13 27 167 0.932
13 28 158 0.823
13 29 162 0.917
13 30 175 0.921
13 31 152 0.924
13 32 179 0.861
13 33 188 0.864
13 34 180 0.886
13 35 164 0.893
13 36 140 0.921
13 37 115 0.841
13 38 142 0.824
13 39 180 0.895
13 40 167 0.803
13 41 135 0.898
13 42 143 0.893
13 43 189 0.842
13 44 201 0.761
13 45 170 0.845
13 46 159 0.878
13 47 264 0.779
13 48 383 0.789
14 1 199 0.859
14 2 133 0.909
14 3 192 0.924
14 4 158 0.904
14 5 130 0.951
14 6 176 0.917
14 7 147 0.908
14 8 159 0.91
14 9 163 0.879
14 10 154 0.937
14 11 142 0.854
14 12 148 0.859
14 13 159 0.9
14 14 154 0.822
14 15 159 0.878
14 16 164 0.74
14 17 94 0.869
14 18 67 0.727
14 19 145 0.929
14 20 164 0.846
14 21 172 0.855
14 22 157 0.867
14 23 150 0.88
14 24 148 0.877
14 25 171 0.842
14 26 146 0.806
14 27 130 0.924
14 28 154 0.881
14 29 168 0.906
14 30 147 0.862
14 31 154 0.794
14 32 162 0.927
14 33 187 0.852
14 34 171 0.87
14 35 169 0.848
14 36 168 0.704
14 37 165 0.776
14 38 162 0.895
14 39 176 0.904
14 40 171 0.9
14 41 165 0.889
14 42 179 0.881
14 43 173 0.852
14 44 197 0.906
14 45 192 0.794
14 46 260 0.902
14 47 263 0.845
14 48 396 0.728
15 1 252 0.819
15 2 237 0.887
15 3 174 0.856
15 4 189 0.834
15 5 180 0.866
15 6 156 0.883
15 7 158 0.852
15 8 169 0.832
15 9 148 0.838
15 10 159 0.91
15 11 143 0.839
15 12 162 0.824
15 13 169 0.832
15 14 170 0.818
15 15 159 0.828
15 16 155 0.887
15 17 146 0.911
15 18 157 0.889
15 19 149 0.874
15 20 164 0.834
15 21 141 0.88
15 22 154 0.881
15 23 189 0.909
15 24 161 0.774
15 25 178 0.876
15 26 155 0.943
15 27 164 0.863
15 28 175 0.842
15 29 129 0.882
15 30 149 0.803
15 31 172 0.863
15 32 187 0.86
15 33 177 0.88
15 34 177 0.86
15 35 179 0.842
15 36 167 0.879
15 37 163 0.849
15 38 163 0.784
15 39 162 0.895
15 40 178 0.915
15 41 172 0.875
15 42 186 0.829
15 43 187 0.852
15 44 184 0.936
15 45 215 0.814
15 46 245 0.773
15 47 315 0.745
15 48 339 0.781
16 1 258 0.838
16 2 214 0.859
16 3 188 0.864
16 4 170 0.926
16 5 149 0.916
16 6 140 0.897
16 7 121 0.885
16 8 147 0.862
16 9 129 0.892
16 10 167 0.891
16 11 159 0.857
16 12 161 0.767
16 13 157 0.931
16 14 175 0.808
16 15 193 0.937
16 16 162 0.927
16 17 156 0.915
16 18 161 0.868
16 19 169 0.795
16 20 162 0.927
16 21 173 0.88
16 22 151 0.855
16 23 171 0.823
16 24 195 0.832
16 25 158 0.873
16 26 137 0.795
16 27 152 0.892
16 28 157 0.867
16 29 167 0.9
16 30 176 0.831
16 31 141 0.858
16 32 164 0.884
16 33 162 0.895
16 34 156 0.892
16 35 157 0.931
16 36 173 0.91
16 37 166 0.817
16 38 165 0.889
16 39 193 0.887
16 40 187 0.879
16 41 172 0.905
16 42 178 0.856
16 43 218 0.85
16 44 208 0.763
16 45 221 0.844
16 46 224 0.873
16 47 234 0.696
16 48 382 0.824
17 1 304 0.728
17 2 222 0.866
17 3 202 0.888
17 4 183 0.86
17 5 172 0.905
17 6 154 0.947
17 7 174 0.885
17 8 146 0.835
17 9 162 0.844
17 10 143 0.902
17 11 183 0.833
17 12 154 0.765
17 13 160 0.875
17 14 146 0.879
17 15 94 0.953
17 16 98 0.889
17 17 170 0.865
17 18 157 0.838
17 19 158 0.917
17 20 159 0.91
17 21 46 0.945
17 22 75 0.825
17 23 128 0.829
17 24 165 0.889
17 25 159 0.801
17 26 168 0.835
17 27 155 0.887
17 28 143 0.87
17 29 150 0.893
17 30 192 0.886
17 31 178 0.752
17 32 184 0.82
17 33 157 0.867
17 34 173 0.852
17 35 176 0.926
17 36 177 0.871
17 37 164 0.834
17 38 161 0.792
17 39 168 0.906
17 40 173 0.88
17 41 139 0.828
17 42 164 0.854
17 43 200 0.853
17 44 200 0.803
17 45 209 0.822
17 46 55 0.709
17 47 277 0.861
17 48 358 0.812
18 1 255 0.739
18 2 202 0.811
18 3 199 0.936
18 4 178 0.885
18 5 158 0.873
18 6 164 0.854
18 7 132 0.855
18 8 160 0.884
18 9 163 0.879
18 10 171 0.879
18 11 115 0.851
18 12 137 0.902
18 13 162 0.864
18 14 154 0.881
18 15 166 0.873
18 16 168 0.906
18 17 179 0.92
18 18 163 0.9
18 19 168 0.884
18 20 170 0.894
18 21 182 0.884
18 22 152 0.811
18 23 160 0.897
18 24 169 0.86
18 25 163 0.879
18 26 160 0.884
18 27 159 0.878
18 28 142 0.92
18 29 138 0.954
18 30 159 0.828
18 31 157 0.921
18 32 187 0.808
18 33 146 0.719
18 34 156 0.949
18 35 161 0.889
18 36 202 0.854
18 37 178 0.876
18 38 161 0.839
18 39 177 0.88
18 40 179 0.92
18 41 167 0.9
18 42 192 0.866
18 43 186 0.883
18 44 167 0.932
18 45 208 0.879
18 46 221 0.877
18 47 248 0.771
18 48 339 0.879
19 1 271 0.794
19 2 241 0.853
19 3 201 0.876
19 4 180 0.895
19 5 123 0.874
19 6 155 0.943
19 7 125 0.889
19 8 172 0.847
19 9 124 0.907
19 10 160 0.884
19 11 153 0.854
19 12 169 0.88
19 13 170 0.907
19 14 150 0.828
19 15 109 0.88
19 16 133 0.92
19 17 151 0.843
19 18 137 0.902
19 19 167 0.879
19 20 157 0.885
19 21 133 0.885
19 22 154 0.842
19 23 151 0.886
19 24 160 0.854
19 25 140 0.793
19 26 144 0.845
19 27 169 0.84
19 28 160 0.788
19 29 132 0.824
19 30 148 0.817
19 31 170 0.81
19 32 162 0.895
19 33 156 0.915
19 34 185 0.878
19 35 159 0.9
19 36 148 0.817
19 37 172 0.905
19 38 188 0.788
19 39 168 0.906
19 40 175 0.834
19 41 184 0.865
19 42 187 0.825
19 43 214 0.867
19 44 196 0.854
19 45 204 0.909
19 46 207 0.902
19 47 268 0.737
19 48 360 0.681
20 1 252 0.749
20 2 242 0.87
20 3 203 0.833
20 4 197 0.851
20 5 175 0.842
20 6 216 0.825
20 7 183 0.88
20 8 138 0.884
20 9 166 0.904
20 10 168 0.827
20 11 167 0.85
20 12 140 0.874
20 13 177 0.901
20 14 180 0.866
20 15 172 0.743
20 16 153 0.875
20 17 176 0.875
20 18 157 0.867
20 19 150 0.889
20 20 160 0.854
20 21 181 0.9
20 22 144 0.876
20 23 178 0.736
20 24 166 0.806
20 25 121 0.841
20 26 164 0.826
20 27 148 0.891
20 28 200 0.872
20 29 163 0.849
20 30 152 0.869
20 31 122 0.913
20 32 176 0.855
20 33 186 0.912
20 34 162 0.873
20 35 132 0.794
20 36 169 0.824
20 37 188 0.83
20 38 154 0.894
20 39 138 0.918
20 40 185 0.827
20 41 173 0.88
20 42 171 0.891
20 43 198 0.898
20 44 208 0.804
20 45 202 0.892
20 46 208 0.853
20 47 243 0.827
20 48 436 0.878
21 1 209 0.891
21 2 229 0.81
21 3 178 0.864
21 4 153 0.907
21 5 142 0.92
21 6 0 0.0
21 7 169 0.88
21 8 195 0.842
21 9 161 0.889
21 10 154 0.881
21 11 162 0.844
21 12 176 0.855
21 13 95 0.89
21 14 131 0.66
21 15 96 0.823
21 16 122 0.77
21 17 135 0.834
21 18 126 0.862
21 19 185 0.911
21 20 186 0.811
21 21 173 0.91
21 22 174 0.894
21 23 105 0.79
21 24 174 0.894
21 25 165 0.921
21 26 169 0.84
21 27 146 0.936
21 28 124 0.896
21 29 170 0.865
21 30 172 0.559
21 31 163 0.829
21 32 157 0.867
21 33 165 0.851
21 34 170 0.916
21 35 149 0.897
21 36 161 0.868
21 37 163 0.923
21 38 171 0.931
21 39 189 0.834
21 40 175 0.861
21 41 133 0.909
21 42 148 0.817
21 43 188 0.892
21 44 185 0.799
21 45 39 0.824
21 46 232 0.901
21 47 249 0.864
21 48 301 0.886
22 1 254 0.825
22 2 212 0.877
22 3 211 0.881
22 4 177 0.909
22 5 163 0.829
22 6 93 0.912
22 7 136 0.849
22 8 147 0.928
22 9 173 0.932
22 10 176 0.895
22 11 158 0.852
22 12 157 0.846
22 13 138 0.744
22 14 136 0.733
22 15 162 0.904
22 16 178 0.876
22 17 213 0.797
22 18 188 0.856
22 19 160 0.834
22 20 202 0.821
22 21 163 0.91
22 22 154 0.83
22 23 156 0.902
22 24 118 0.888
22 25 158 0.843
22 26 162 0.844
22 27 160 0.884
22 28 163 0.879
22 29 182 0.808
22 30 117 0.846
22 31 199 0.859
22 32 171 0.891
22 33 167 0.922
22 34 163 0.932
22 35 197 0.906
22 36 150 0.903
22 37 170 0.865
22 38 215 0.882
22 39 184 0.795
22 40 158 0.895
22 41 156 0.805
22 42 159 0.878
22 43 184 0.894
22 44 216 0.894
22 45 211 0.892
22 46 226 0.889
22 47 288 0.792
22 48 355 0.808
23 1 259 0.826
23 2 261 0.913
23 3 194 0.892
23 4 197 0.859
23 5 141 0.913
23 6 171 0.83
23 7 81 0.821
23 8 41 0.74
23 9 155 0.909
23 10 144 0.899
23 11 146 0.911
23 12 165 0.831
23 13 148 0.868
23 14 169 0.88
23 15 149 0.844
23 16 170 0.81
23 17 10 0.982
23 18 0 0.0
23 19 205 0.913
23 20 172 0.82
23 21 153 0.921
23 22 197 0.84
23 23 173 0.88
23 24 141 0.858
23 25 166 0.917
23 26 176 0.809
23 27 153 0.931
23 28 181 0.809
23 29 159 0.848
23 30 179 0.834
23 31 164 0.826
23 32 201 0.887
23 33 94 0.869
23 34 157 0.858
23 35 166 0.886
23 36 191 0.859
23 37 175 0.834
23 38 184 0.923
23 39 91 0.766
23 40 182 0.837
23 41 187 0.92
23 42 185 0.95
23 43 204 0.889
23 44 184 0.846
23 45 221 0.827
23 46 236 0.842
23 47 266 0.871
23 48 371 0.883
24 1 331 0.793
24 2 229 0.864
24 3 174 0.916
24 4 173 0.872
24 5 168 0.855
24 6 185 0.854
24 7 187 0.879
24 8 170 0.826
24 9 164 0.843
24 10 129 0.917
24 11 165 0.86
24 12 188 0.812
24 13 161 0.921
24 14 168 0.835
24 15 145 0.842
24 16 171 0.879
24 17 203 0.904
24 18 162 0.715
24 19 157 0.876
24 20 177 0.913
24 21 181 0.835
24 22 176 0.835
24 23 165 0.944
24 24 153 0.894
24 25 178 0.876
24 26 156 0.902
24 27 156 0.832
24 28 178 0.848
24 29 159 0.801
24 30 177 0.851
24 31 106 0.831
24 32 169 0.79
24 33 211 0.83
24 34 185 0.919
24 35 164 0.884
24 36 149 0.93
24 37 172 0.759
24 38 202 0.854
24 39 173 0.84
24 40 191 0.851
24 41 167 0.932
24 42 176 0.82
24 43 156 0.959
24 44 215 0.838
24 45 217 0.925
24 46 237 0.845
24 47 253 0.816
24 48 351 0.822
25 1 313 0.882
25 2 306 0.917
25 3 195 0.869
25 4 172 0.827
25 5 152 0.934
25 6 182 0.905
25 7 161 0.898
25 8 155 0.878
25 9 170 0.865
25 10 183 0.931
25 11 93 0.871
25 12 110 0.915
25 13 117 0.928
25 14 81 0.837
25 15 93 0.9
25 16 133 0.92
25 17 112 0.915
25 18 95 0.767
25 19 159 0.878
25 20 159 0.887
25 21 173 0.868
25 22 159 0.82
25 23 175 0.89
25 24 0 0.0
25 25 119 0.805
25 26 163 0.858
25 27 169 0.924
25 28 130 0.687
25 29 163 0.829
25 30 179 0.861
25 31 179 0.942
25 32 192 0.894
25 33 178 0.885
25 34 157 0.867
25 35 168 0.808
25 36 181 0.871
25 37 154 0.913
25 38 166 0.695
25 39 160 0.788
25 40 183 0.767
25 41 160 0.925
25 42 118 0.853
25 43 209 0.769
25 44 217 0.853
25 45 190 0.846
25 46 201 0.887
25 47 298 0.843
25 48 344 0.851
26 1 19 -1.0
26 2 44 0.949
26 3 219 0.914
26 4 163 0.858
26 5 165 0.889
26 6 132 0.824
26 7 157 0.907
26 8 164 0.884
26 9 179 0.842
26 10 184 0.906
26 11 175 0.87
26 12 171 0.85
26 13 32 0.914
26 14 33 0.943
26 15 142 0.854
26 16 196 0.881
26 17 181 0.921
26 18 146 0.548
26 19 143 0.902
26 20 163 0.87
26 21 178 0.876
26 22 136 0.905
26 23 161 0.868
26 24 177 0.88
26 25 172 0.875
26 26 203 0.798
26 27 169 0.889
26 28 156 0.862
26 29 176 0.895
26 30 145 0.929
26 31 174 0.877
26 32 179 0.911
26 33 173 0.868
26 34 180 0.916
26 35 167 0.87
26 36 182 0.829
26 37 175 0.861
26 38 186 0.916
26 39 178 0.937
26 40 179 0.929
26 41 182 0.905
26 42 193 0.785
26 43 204 0.819
26 44 221 0.851
26 45 220 0.865
26 46 245 0.834
26 47 283 0.886
26 48 385 0.803
27 1 336 0.884
27 2 287 0.789
27 3 195 0.767
27 4 182 0.905
27 5 201 0.912
27 6 173 0.86
27 7 149 0.906
27 8 147 0.885
27 9 174 0.894
27 10 161 0.868
27 11 185 0.89
27 12 183 0.852
27 13 174 0.856
27 14 162 0.864
27 15 163 0.849
27 16 174 0.865
27 17 149 0.897
27 18 118 0.888
27 19 209 0.891
27 20 198 0.874
27 21 201 0.511
27 22 187 0.833
27 23 159 0.857
27 24 176 0.784
27 25 193 0.916
27 26 160 0.871
27 27 200 0.803
27 28 208 0.835
27 29 174 0.848
27 30 156 0.862
27 31 189 0.842
27 32 199 0.927
27 33 0 0.0
27 34 168 0.906
27 35 162 0.832
27 36 177 0.832
27 37 178 0.856
27 38 181 0.799
27 39 155 0.824
27 40 172 0.646
27 41 190 0.91
27 42 226 0.915
27 43 184 0.82
27 44 235 0.822
27 45 178 0.837
27 46 250 0.917
27 47 285 0.847
27 48 389 0.839
28 1 358 0.892
28 2 251 0.878
28 3 179 0.861
28 4 193 0.879
28 5 183 0.88
28 6 173 0.74
28 7 180 0.866
28 8 148 0.924
28 9 164 0.834
28 10 181 0.871
28 11 176 0.866
28 12 176 0.827
28 13 177 0.832
28 14 191 0.79
28 15 212 0.851
28 16 184 0.812
28 17 203 0.904
28 18 196 0.854
28 19 153 0.875
28 20 164 0.846
28 21 197 0.781
28 22 183 0.889
28 23 182 0.892
28 24 217 0.864
28 25 189 0.861
28 26 164 0.826
28 27 198 0.91
28 28 184 0.865
28 29 164 0.884
28 30 181 0.799
28 31 185 0.89
28 32 223 0.895
28 33 241 0.91
28 34 197 0.791
28 35 204 0.809
28 36 196 0.873
28 37 189 0.889
28 38 191 0.91
28 39 210 0.819
28 40 217 0.719
28 41 194 0.864
28 42 216 0.802
28 43 189 0.877
28 44 186 0.855
28 45 224 0.873
28 46 264 0.865
28 47 287 0.722
28 48 425 0.731
29 1 394 0.861
29 2 278 0.854
29 3 146 0.844
29 4 13 0.922
29 5 194 0.884
29 6 197 0.808
29 7 136 0.905
29 8 157 0.917
29 9 224 0.892
29 10 224 0.838
29 11 104 0.815
29 12 117 0.891
29 13 204 0.802
29 14 206 0.756
29 15 109 0.88
29 16 97 0.909
29 17 197 0.723
29 18 188 0.892
29 19 157 0.846
29 20 198 0.894
29 21 211 0.783
29 22 208 0.742
29 23 179 0.89
29 24 160 0.906
29 25 198 0.902
29 26 180 0.874
29 27 213 0.821
29 28 203 0.704
29 29 207 0.856
29 30 192 0.924
29 31 197 0.878
29 32 188 0.788
29 33 220 0.865
29 34 224 0.806
29 35 215 0.889
29 36 207 0.759
29 37 207 0.922
29 38 206 0.852
29 39 184 0.838
29 40 181 0.817
29 41 223 0.923
29 42 236 0.803
29 43 220 0.865
29 44 236 0.684
29 45 257 0.858
29 46 303 0.852
29 47 240 0.786
29 48 330 0.848
30 1 357 0.875
30 2 259 0.756
30 3 241 0.884
30 4 221 0.914
30 5 189 0.918
30 6 187 0.871
30 7 219 0.887
30 8 207 0.922
30 9 235 0.8
30 10 179 0.842
30 11 189 0.799
30 12 219 0.82
30 13 229 0.857
30 14 222 0.716
30 15 196 0.922
30 16 205 0.859
30 17 229 0.764
30 18 267 0.884
30 19 190 0.75
30 20 233 0.799
30 21 207 0.831
30 22 192 0.848
30 23 249 0.871
30 24 224 0.935
30 25 213 0.881
30 26 200 0.899
30 27 240 0.88
30 28 186 0.847
30 29 209 0.808
30 30 232 0.868
30 31 221 0.844
30 32 241 0.86
30 33 227 0.864
30 34 169 0.84
30 35 236 0.825
30 36 228 0.878
30 37 205 0.859
30 38 221 0.851
30 39 210 0.729
30 40 224 0.846
30 41 241 0.741
30 42 243 0.867
30 43 236 0.849
30 44 278 0.87
30 45 281 0.873
30 46 308 0.835
30 47 332 0.652
30 48 451 0.797
31 1 451 0.871
31 2 361 0.879
31 3 307 0.897
31 4 268 0.895
31 5 225 0.885
31 6 271 0.797
31 7 258 0.832
31 8 256 0.888
31 9 273 0.901
31 10 252 0.932
31 11 260 0.885
31 12 259 0.764
31 13 299 0.852
31 14 283 0.863
31 15 235 0.862
31 16 257 0.835
31 17 239 0.798
31 18 284 0.866
31 19 261 0.839
31 20 237 0.88
31 21 263 0.832
31 22 255 0.82
31 23 259 0.842
31 24 248 0.885
31 25 257 0.82
31 26 254 0.775
31 27 240 0.795
31 28 301 0.802
31 29 183 0.901
31 30 309 0.823
31 31 313 0.876
31 32 295 0.846
31 33 260 0.878
31 34 262 0.875
31 35 259 0.848
31 36 284 0.851
31 37 260 0.868
31 38 243 0.834
31 39 724 0.9
31 40 696 0.792
31 41 269 0.898
31 42 300 0.825
31 43 267 0.83
31 44 295 0.735
31 45 302 0.747
31 46 279 0.873
31 47 390 0.852
31 48 489 0.704
32 1 509 0.842
32 2 505 0.873
32 3 489 0.869
32 4 400 0.812
32 5 386 0.843
32 6 399 0.793
32 7 454 0.83
32 8 361 0.851
32 9 381 0.785
32 10 422 0.782
32 11 396 0.834
32 12 340 0.903
32 13 280 0.883
32 14 328 0.817
32 15 434 0.843
32 16 337 0.848
32 17 367 0.809
32 18 321 0.883
32 19 264 0.881
32 20 343 0.89
32 21 308 0.833
32 22 267 0.875
32 23 322 0.877
32 24 381 0.82
32 25 413 0.849
32 26 384 0.852
32 27 302 0.719
32 28 352 0.877
32 29 416 0.855
32 30 376 0.859
32 31 524 0.764
32 32 376 0.861
32 33 257 0.707
32 34 172 0.884
32 35 429 0.828
32 36 428 0.829
32 37 414 0.841
32 38 425 0.762
32 39 447 0.846
32 40 445 0.84
32 41 427 0.82
32 42 478 0.828
32 43 542 0.621
32 44 476 0.593
32 45 493 0.694
32 46 606 0.817
32 47 470 0.729
32 48 702 0.908
