row  column  size-1  circ-1
1 1 385 0.836
1 2 377 0.837
1 3 324 0.882
1 4 349 0.85
1 5 332 0.888
1 6 356 0.867
1 7 312 0.895
1 8 362 0.861
1 9 309 0.85
1 10 334 0.852
1 11 287 0.823
1 12 290 0.82
1 13 312 0.829
1 14 324 0.827
1 15 354 0.868
1 16 289 0.795
1 17 340 0.867
1 18 270 0.868
1 19 242 0.823
1 20 261 0.796
1 21 300 0.867
1 22 318 0.819
1 23 294 0.781
1 24 253 0.838
1 25 293 0.856
1 26 340 0.815
1 27 317 0.909
1 28 323 0.824
1 29 294 0.783
1 30 255 0.778
1 31 39 0.841
1 32 25 0.821
1 33 324 0.73
1 34 267 0.909
1 35 350 0.858
1 36 307 0.81
1 37 328 0.851
1 38 338 0.823
1 39 353 0.771
1 40 394 0.788
1 41 429 0.793
1 42 417 0.723
1 43 455 0.672
1 44 455 0.772
1 45 467 0.729
1 46 432 0.801
1 47 454 0.741
1 48 422 0.704
2 1 321 0.862
2 2 279 0.836
2 3 322 0.835
2 4 258 0.823
2 5 254 0.841
2 6 221 0.844
2 7 212 0.834
2 8 221 0.827
2 9 224 0.777
2 10 224 0.899
2 11 239 0.829
2 12 229 0.84
2 13 212 0.827
2 14 196 0.865
2 15 229 0.85
2 16 309 0.909
2 17 206 0.817
2 18 227 0.772
2 19 257 0.865
2 20 197 0.878
2 21 235 0.806
2 22 190 0.846
2 23 214 0.904
2 24 222 0.77
2 25 197 0.897
2 26 229 0.779
2 27 189 0.792
2 28 265 0.892
2 29 283 0.792
2 30 237 0.869
2 31 234 0.79
2 32 245 0.811
2 33 226 0.871
2 34 228 0.878
2 35 212 0.869
2 36 222 0.838
2 37 189 0.842
2 38 197 0.914
2 39 250 0.812
2 40 250 0.751
2 41 234 0.701
2 42 286 0.809
2 43 330 0.633
2 44 340 0.556
2 45 367 0.68
2 46 399 0.782
2 47 371 0.774
2 48 418 0.786
3 1 316 0.854
3 2 266 0.758
3 3 280 0.877
3 4 273 0.919
3 5 269 0.78
3 6 177 0.84
3 7 248 0.885
3 8 206 0.837
3 9 159 0.828
3 10 198 0.837
3 11 176 0.926
3 12 176 0.866
3 13 172 0.867
3 14 190 0.839
3 15 168 0.835
3 16 158 0.873
3 17 122 0.834
3 18 124 0.803
3 19 162 0.832
3 20 170 0.792
3 21 194 0.892
3 22 51 0.981
3 23 169 0.84
3 24 169 0.933
3 25 184 0.894
3 26 200 0.872
3 27 0 0.0
3 28 0 0.0
3 29 184 0.83
3 30 204 0.757
3 31 192 0.883
3 32 197 0.731
3 33 198 0.772
3 34 178 0.786
3 35 207 0.849
3 36 198 0.874
3 37 219 0.725
3 38 223 0.845
3 39 214 0.67
3 40 205 0.806
3 41 224 0.756
3 42 205 0.856
3 43 231 0.89
3 44 246 0.677
3 45 281 0.749
3 46 342 0.593
3 47 366 0.75
3 48 395 0.802
4 1 382 0.646
4 2 320 0.83
4 3 260 0.829
4 4 253 0.822
4 5 0 0.0
4 6 120 0.903
4 7 199 0.915
4 8 184 0.885
4 9 132 0.824
4 10 162 0.852
4 11 172 0.867
4 12 170 0.894
4 13 163 0.849
4 14 162 0.895
4 15 156 0.883
4 16 165 0.839
4 17 187 0.833
4 18 156 0.75
4 19 174 0.885
4 20 160 0.854
4 21 136 0.614
4 22 161 0.889
4 23 162 0.779
4 24 170 0.926
4 25 143 0.926
4 26 134 0.718
4 27 162 0.864
4 28 179 0.89
4 29 173 0.872
4 30 181 0.879
4 31 0 0.0
4 32 0 0.0
4 33 165 0.944
4 34 154 0.89
4 35 192 0.855
4 36 192 0.771
4 37 0 0.0
4 38 0 0.0
4 39 209 0.76
4 40 220 0.751
4 41 220 0.715
4 42 177 0.901
4 43 190 0.885
4 44 269 0.761
4 45 222 0.783
4 46 221 0.699
4 47 326 0.73
4 48 528 0.855
5 1 324 0.855
5 2 279 0.786
5 3 249 0.809
5 4 226 0.832
5 5 208 0.879
5 6 189 0.861
5 7 181 0.758
5 8 201 0.737
5 9 158 0.852
5 10 153 0.866
5 11 159 0.866
5 12 153 0.907
5 13 138 0.83
5 14 134 0.916
5 15 135 0.934
5 16 147 0.862
5 17 155 0.887
5 18 151 0.855
5 19 163 0.841
5 20 154 0.913
5 21 150 0.858
5 22 151 0.886
5 23 158 0.895
5 24 160 0.884
5 25 143 0.883
5 26 154 0.802
5 27 155 0.865
5 28 159 0.848
5 29 149 0.844
5 30 167 0.87
5 31 172 0.82
5 32 171 0.804
5 33 133 0.885
5 34 180 0.838
5 35 178 0.793
5 36 181 0.64
5 37 185 0.87
5 38 180 0.702
5 39 109 0.844
5 40 120 0.853
5 41 158 0.904
5 42 157 0.846
5 43 206 0.89
5 44 185 0.792
5 45 227 0.816
5 46 280 0.818
5 47 349 0.571
5 48 456 0.873
6 1 357 0.823
6 2 251 0.807
6 3 222 0.866
6 4 228 0.767
6 5 223 0.903
6 6 184 0.865
6 7 156 0.87
6 8 162 0.936
6 9 116 0.838
6 10 136 0.881
6 11 146 0.888
6 12 148 0.771
6 13 141 0.89
6 14 145 0.734
6 15 148 0.728
6 16 147 0.908
6 17 154 0.894
6 18 154 0.851
6 19 133 0.885
6 20 152 0.784
6 21 165 0.812
6 22 146 0.856
6 23 27 0.51
6 24 24 0.916
6 25 162 0.709
6 26 154 0.903
6 27 140 0.957
6 28 142 0.864
6 29 114 0.811
6 30 148 0.79
6 31 140 0.793
6 32 148 0.847
6 33 195 0.55
6 34 158 0.72
6 35 162 0.873
6 36 166 0.836
6 37 163 0.858
6 38 151 0.826
6 39 150 0.677
6 40 155 0.819
6 41 148 0.736
6 42 154 0.776
6 43 163 0.87
6 44 170 0.894
6 45 112 0.787
6 46 139 0.836
6 47 368 0.758
6 48 143 0.542
7 1 321 0.604
7 2 307 0.765
7 3 278 0.864
7 4 195 0.842
7 5 164 0.834
7 6 208 0.835
7 7 154 0.741
7 8 145 0.607
7 9 147 0.904
7 10 158 0.882
7 11 151 0.834
7 12 139 0.824
7 13 133 0.909
7 14 151 0.834
7 15 142 0.945
7 16 162 0.738
7 17 142 0.886
7 18 155 0.835
7 19 137 0.937
7 20 135 0.875
7 21 158 0.823
7 22 145 0.895
7 23 142 0.842
7 24 149 0.844
7 25 142 0.804
7 26 146 0.806
7 27 149 0.844
7 28 159 0.878
7 29 133 0.8
7 30 141 0.938
7 31 146 0.911
7 32 162 0.808
7 33 164 0.781
7 34 157 0.738
7 35 178 0.759
7 36 163 0.91
7 37 152 0.901
7 38 168 0.855
7 39 156 0.832
7 40 158 0.843
7 41 168 0.906
7 42 160 0.893
7 43 170 0.774
7 44 185 0.782
7 45 220 0.807
7 46 263 0.636
7 47 298 0.773
7 48 400 0.772
8 1 276 0.743
8 2 332 0.785
8 3 0 0.0
8 4 245 0.761
8 5 184 0.846
8 6 170 0.792
8 7 150 0.731
8 8 128 0.875
8 9 157 0.846
8 10 161 0.767
8 11 0 0.0
8 12 0 0.0
8 13 143 0.883
8 14 152 0.869
8 15 160 0.915
8 16 0 0.0
8 17 169 0.78
8 18 163 0.91
8 19 150 0.828
8 20 147 0.784
8 21 162 0.805
8 22 156 0.892
8 23 156 0.874
8 24 160 0.854
8 25 0 0.0
8 26 175 0.882
8 27 162 0.836
8 28 157 0.731
8 29 138 0.852
8 30 165 0.934
8 31 132 0.846
8 32 157 0.702
8 33 157 0.907
8 34 170 0.81
8 35 153 0.722
8 36 156 0.775
8 37 0 0.0
8 38 0 0.0
8 39 167 0.941
8 40 189 0.792
8 41 174 0.768
8 42 145 0.821
8 43 0 0.0
8 44 0 0.0
8 45 202 0.788
8 46 219 0.861
8 47 297 0.742
8 48 415 0.653
9 1 331 0.895
9 2 223 0.811
9 3 260 0.805
9 4 252 0.752
9 5 156 0.883
9 6 163 0.829
9 7 136 0.849
9 8 167 0.858
9 9 144 0.876
9 10 143 0.952
9 11 148 0.891
9 12 148 0.934
9 13 144 0.909
9 14 171 0.9
9 15 154 0.903
9 16 158 0.843
9 17 167 0.858
9 18 162 0.873
9 19 155 0.909
9 20 148 0.868
9 21 142 0.864
9 22 155 0.919
9 23 158 0.873
9 24 170 0.926
9 25 124 0.795
9 26 128 0.885
9 27 140 0.874
9 28 117 0.822
9 29 161 0.831
9 30 158 0.873
9 31 143 0.728
9 32 138 0.81
9 33 128 0.91
9 34 164 0.815
9 35 128 0.921
9 36 160 0.854
9 37 152 0.848
9 38 134 0.859
9 39 182 0.864
9 40 155 0.693
9 41 166 0.873
9 42 165 0.839
9 43 162 0.824
9 44 170 0.853
9 45 204 0.897
9 46 227 0.779
9 47 276 0.864
9 48 417 0.647
10 1 335 0.884
10 2 286 0.82
10 3 240 0.817
10 4 233 0.763
10 5 168 0.846
10 6 155 0.856
10 7 157 0.921
10 8 161 0.831
10 9 125 0.801
10 10 132 0.913
10 11 133 0.899
10 12 136 0.93
10 13 143 0.883
10 14 162 0.824
10 15 147 0.952
10 16 180 0.916
10 17 0 0.0
10 18 0 0.0
10 19 170 0.857
10 20 159 0.857
10 21 132 0.837
10 22 138 0.861
10 23 136 0.895
10 24 155 0.819
10 25 146 0.712
10 26 142 0.945
10 27 134 0.906
10 28 121 0.818
10 29 191 0.723
10 30 162 0.852
10 31 140 0.842
10 32 133 0.885
10 33 144 0.923
10 34 143 0.763
10 35 139 0.891
10 36 150 0.817
10 37 150 0.828
10 38 153 0.875
10 39 145 0.821
10 40 140 0.874
10 41 136 0.81
10 42 142 0.864
10 43 139 0.807
10 44 152 0.792
10 45 208 0.763
10 46 249 0.809
10 47 296 0.794
10 48 0 0.0
11 1 354 0.821
11 2 308 0.733
11 3 238 0.791
11 4 202 0.828
11 5 194 0.856
11 6 189 0.889
11 7 151 0.886
11 8 149 0.955
11 9 124 0.896
11 10 130 0.914
11 11 148 0.868
11 12 152 0.869
11 13 18 0.687
11 14 19 0.796
11 15 157 0.838
11 16 169 0.714
11 17 0 0.0
11 18 0 0.0
11 19 165 0.786
11 20 152 0.892
11 21 157 0.838
11 22 145 0.863
11 23 143 0.818
11 24 136 0.798
11 25 135 0.843
11 26 144 0.876
11 27 135 0.884
11 28 146 0.815
11 29 122 0.834
11 30 139 0.845
11 31 129 0.827
11 32 144 0.923
11 33 145 0.905
11 34 147 0.841
11 35 138 0.861
11 36 136 0.871
11 37 154 0.851
11 38 147 0.885
11 39 143 0.86
11 40 145 0.829
11 41 149 0.883
11 42 125 0.832
11 43 143 0.752
11 44 171 0.85
11 45 224 0.79
11 46 224 0.638
11 47 292 0.859
11 48 413 0.751
12 1 0 0.0
12 2 0 0.0
12 3 256 0.848
12 4 231 0.865
12 5 0 0.0
12 6 0 0.0
12 7 165 0.889
12 8 158 0.843
12 9 132 0.938
12 10 133 0.83
12 11 156 0.883
12 12 160 0.893
12 13 136 0.941
12 14 154 0.822
12 15 177 0.871
12 16 166 0.895
12 17 0 0.0
12 18 0 0.0
12 19 197 0.926
12 20 184 0.865
12 21 152 0.949
12 22 136 0.915
12 23 144 0.876
12 24 153 0.845
12 25 147 0.894
12 26 140 0.921
12 27 136 0.871
12 28 186 0.829
12 29 167 0.771
12 30 156 0.794
12 31 133 0.92
12 32 136 0.84
12 33 142 0.842
12 34 157 0.762
12 35 161 0.847
12 36 116 0.909
12 37 145 0.915
12 38 140 0.907
12 39 145 0.714
12 40 147 0.741
12 41 146 0.827
12 42 150 0.837
12 43 146 0.827
12 44 152 0.819
12 45 189 0.816
12 46 236 0.739
12 47 312 0.752
12 48 380 0.74
13 1 428 0.794
13 2 240 0.873
13 3 185 0.862
13 4 202 0.836
13 5 149 0.874
13 6 139 0.877
13 7 129 0.749
13 8 132 0.859
13 9 136 0.941
13 10 140 0.855
13 11 127 0.929
13 12 158 0.864
13 13 130 0.856
13 14 144 0.876
13 15 204 0.812
13 16 150 0.849
13 17 158 0.873
13 18 126 0.862
13 19 147 0.918
13 20 146 0.806
13 21 162 0.816
13 22 122 0.734
13 23 151 0.855
13 24 152 0.766
13 25 166 0.749
13 26 119 0.933
13 27 145 0.785
13 28 149 0.852
13 29 162 0.755
13 30 128 0.69
13 31 133 0.821
13 32 159 0.809
13 33 143 0.83
13 34 146 0.827
13 35 150 0.828
13 36 146 0.827
13 37 155 0.909
13 38 150 0.871
13 39 146 0.875
13 40 163 0.858
13 41 134 0.892
13 42 147 0.832
13 43 163 0.87
13 44 145 0.731
13 45 162 0.797
13 46 222 0.792
13 47 215 0.831
13 48 383 0.819
14 1 306 0.878
14 2 216 0.894
14 3 223 0.789
14 4 189 0.842
14 5 162 0.856
14 6 162 0.873
14 7 156 0.862
14 8 146 0.848
14 9 144 0.854
14 10 126 0.862
14 11 147 0.952
14 12 136 0.895
14 13 154 0.859
14 14 154 0.903
14 15 0 0.0
14 16 0 0.0
14 17 153 0.921
14 18 155 0.887
14 19 148 0.838
14 20 144 0.867
14 21 131 0.896
14 22 150 0.936
14 23 48 0.883
14 24 47 0.833
14 25 136 0.871
14 26 148 0.809
14 27 142 0.92
14 28 152 0.848
14 29 149 0.823
14 30 167 0.87
14 31 154 0.903
14 32 156 0.794
14 33 154 0.881
14 34 147 0.885
14 35 143 0.839
14 36 149 0.897
14 37 124 0.825
14 38 140 0.851
14 39 142 0.833
14 40 138 0.884
14 41 138 0.871
14 42 137 0.912
14 43 141 0.827
14 44 141 0.827
14 45 161 0.859
14 46 209 0.94
14 47 0 0.0
14 48 0 0.0
15 1 305 0.86
15 2 205 0.816
15 3 228 0.836
15 4 211 0.781
15 5 161 0.868
15 6 158 0.882
15 7 145 0.929
15 8 147 0.812
15 9 121 0.885
15 10 146 0.827
15 11 152 0.949
15 12 148 0.9
15 13 148 0.809
15 14 160 0.85
15 15 176 0.926
15 16 154 0.903
15 17 167 0.87
15 18 154 0.727
15 19 142 0.945
15 20 164 0.938
15 21 160 0.884
15 22 163 0.9
15 23 156 0.786
15 24 163 0.802
15 25 149 0.694
15 26 180 0.886
15 27 150 0.8
15 28 149 0.852
15 29 142 0.816
15 30 137 0.804
15 31 163 0.802
15 32 163 0.784
15 33 140 0.821
15 34 138 0.918
15 35 197 0.851
15 36 160 0.862
15 37 151 0.909
15 38 158 0.864
15 39 159 0.857
15 40 151 0.814
15 41 147 0.792
15 42 137 0.833
15 43 141 0.845
15 44 211 0.656
15 45 209 0.903
15 46 179 0.815
15 47 307 0.818
15 48 449 0.667
16 1 283 0.826
16 2 251 0.895
16 3 0 0.0
16 4 0 0.0
16 5 170 0.845
16 6 169 0.851
16 7 191 0.843
16 8 148 0.891
16 9 151 0.895
16 10 155 0.887
16 11 0 0.0
16 12 21 0.69
16 13 193 0.907
16 14 173 0.852
16 15 0 0.0
16 16 0 0.0
16 17 171 0.944
16 18 161 0.889
16 19 0 0.0
16 20 0 0.0
16 21 120 0.914
16 22 142 0.845
16 23 151 0.855
16 24 146 0.779
16 25 111 0.87
16 26 82 0.847
16 27 0 0.0
16 28 37 0.948
16 29 124 0.882
16 30 117 0.891
16 31 151 0.843
16 32 141 0.88
16 33 178 0.848
16 34 195 0.814
16 35 0 0.0
16 36 132 0.846
16 37 0 0.0
16 38 191 0.825
16 39 0 0.0
16 40 0 0.0
16 41 165 0.794
16 42 150 0.858
16 43 0 0.0
16 44 175 0.878
16 45 168 0.827
16 46 117 0.679
16 47 284 0.727
16 48 327 0.705
17 1 236 0.782
17 2 166 0.836
17 3 226 0.829
17 4 186 0.866
17 5 191 0.898
17 6 190 0.828
17 7 210 0.709
17 8 149 0.803
17 9 121 0.895
17 10 149 0.795
17 11 156 0.87
17 12 154 0.83
17 13 133 0.852
17 14 151 0.719
17 15 156 0.915
17 16 182 0.762
17 17 163 0.91
17 18 156 0.925
17 19 181 0.775
17 20 164 0.875
17 21 155 0.865
17 22 169 0.84
17 23 141 0.836
17 24 148 0.891
17 25 142 0.877
17 26 129 0.818
17 27 145 0.851
17 28 171 0.931
17 29 143 0.86
17 30 150 0.828
17 31 127 0.868
17 32 153 0.907
17 33 147 0.885
17 34 152 0.869
17 35 138 0.83
17 36 178 0.906
17 37 142 0.854
17 38 156 0.862
17 39 168 0.827
17 40 149 0.883
17 41 152 0.924
17 42 138 0.884
17 43 136 0.827
17 44 139 0.858
17 45 164 0.826
17 46 198 0.855
17 47 241 0.814
17 48 424 0.688
18 1 373 0.885
18 2 239 0.836
18 3 225 0.766
18 4 197 0.935
18 5 185 0.862
18 6 166 0.886
18 7 174 0.885
18 8 201 0.876
18 9 0 0.0
18 10 0 0.0
18 11 150 0.82
18 12 159 0.878
18 13 138 0.83
18 14 140 0.897
18 15 138 0.884
18 16 121 0.885
18 17 147 0.885
18 18 140 0.897
18 19 109 0.907
18 20 123 0.899
18 21 89 0.902
18 22 103 0.867
18 23 138 0.871
18 24 143 0.752
18 25 133 0.862
18 26 128 0.842
18 27 131 0.906
18 28 139 0.915
18 29 147 0.918
18 30 151 0.886
18 31 142 0.877
18 32 176 0.917
18 33 140 0.921
18 34 150 0.889
18 35 150 0.756
18 36 157 0.955
18 37 137 0.855
18 38 135 0.821
18 39 148 0.868
18 40 136 0.798
18 41 128 0.885
18 42 147 0.85
18 43 134 0.892
18 44 153 0.797
18 45 160 0.814
18 46 238 0.745
18 47 256 0.816
18 48 436 0.677
19 1 313 0.826
19 2 239 0.839
19 3 242 0.786
19 4 201 0.832
19 5 179 0.861
19 6 165 0.93
19 7 182 0.856
19 8 188 0.876
19 9 219 0.906
19 10 120 0.877
19 11 154 0.872
19 12 149 0.94
19 13 180 0.895
19 14 141 0.735
19 15 141 0.938
19 16 142 0.886
19 17 143 0.874
19 18 165 0.889
19 19 144 0.899
19 20 135 0.843
19 21 160 0.884
19 22 159 0.848
19 23 133 0.895
19 24 145 0.895
19 25 126 0.838
19 26 130 0.899
19 27 140 0.907
19 28 140 0.874
19 29 175 0.842
19 30 143 0.87
19 31 144 0.845
19 32 133 0.885
19 33 157 0.846
19 34 182 0.848
19 35 143 0.86
19 36 164 0.771
19 37 145 0.939
19 38 143 0.818
19 39 150 0.858
19 40 149 0.844
19 41 145 0.842
19 42 133 0.83
19 43 134 0.827
19 44 146 0.835
19 45 186 0.895
19 46 207 0.724
19 47 239 0.601
19 48 324 0.815
20 1 323 0.91
20 2 238 0.866
20 3 0 0.0
20 4 233 0.824
20 5 185 0.907
20 6 157 0.898
20 7 178 0.803
20 8 180 0.866
20 9 184 0.885
20 10 165 0.921
20 11 0 0.0
20 12 0 0.0
20 13 149 0.906
20 14 169 0.851
20 15 134 0.916
20 16 0 0.0
20 17 130 0.899
20 18 129 0.849
20 19 152 0.924
20 20 154 0.872
20 21 114 0.972
20 22 111 0.711
20 23 136 0.858
20 24 171 0.922
20 25 142 0.92
20 26 143 0.893
20 27 137 0.816
20 28 131 0.749
20 29 156 0.841
20 30 147 0.784
20 31 141 0.848
20 32 146 0.865
20 33 166 0.873
20 34 145 0.891
20 35 133 0.852
20 36 148 0.738
20 37 151 0.942
20 38 92 0.89
20 39 145 0.882
20 40 141 0.836
20 41 139 0.795
20 42 140 0.874
20 43 116 0.815
20 44 141 0.657
20 45 164 0.884
20 46 213 0.823
20 47 255 0.807
20 48 361 0.679
21 1 313 0.882
21 2 274 0.718
21 3 205 0.913
21 4 205 0.799
21 5 186 0.847
21 6 150 0.809
21 7 156 0.892
21 8 166 0.895
21 9 172 0.896
21 10 155 0.919
21 11 151 0.886
21 12 153 0.897
21 13 132 0.846
21 14 153 0.778
21 15 138 0.884
21 16 163 0.91
21 17 131 0.839
21 18 129 0.827
21 19 131 0.886
21 20 136 0.81
21 21 141 0.848
21 22 154 0.83
21 23 147 0.853
21 24 157 0.898
21 25 140 0.897
21 26 125 0.879
21 27 135 0.898
21 28 137 0.776
21 29 148 0.859
21 30 137 0.888
21 31 134 0.916
21 32 147 0.885
21 33 126 0.896
21 34 128 0.875
21 35 141 0.89
21 36 146 0.779
21 37 132 0.722
21 38 135 0.96
21 39 139 0.836
21 40 141 0.858
21 41 134 0.836
21 42 129 0.73
21 43 125 0.879
21 44 141 0.924
21 45 176 0.883
21 46 193 0.916
21 47 220 0.883
21 48 380 0.736
22 1 337 0.821
22 2 283 0.786
22 3 220 0.84
22 4 182 0.905
22 5 169 0.84
22 6 172 0.752
22 7 164 0.74
22 8 150 0.889
22 9 125 0.914
22 10 134 0.868
22 11 182 0.756
22 12 148 0.633
22 13 165 0.812
22 14 126 0.875
22 15 162 0.864
22 16 140 0.874
22 17 155 0.835
22 18 147 0.885
22 19 29 0.784
22 20 34 0.492
22 21 171 0.87
22 22 163 0.849
22 23 140 0.765
22 24 131 0.896
22 25 133 0.753
22 26 120 0.799
22 27 114 0.92
22 28 141 0.88
22 29 139 0.868
22 30 145 0.842
22 31 118 0.925
22 32 136 0.93
22 33 145 0.873
22 34 147 0.717
22 35 185 0.862
22 36 174 0.729
22 37 162 0.873
22 38 135 0.875
22 39 90 0.9
22 40 95 0.89
22 41 131 0.896
22 42 127 0.823
22 43 132 0.766
22 44 148 0.9
22 45 174 0.894
22 46 201 0.876
22 47 219 0.887
22 48 351 0.804
23 1 341 0.736
23 2 291 0.792
23 3 238 0.909
23 4 207 0.872
23 5 197 0.897
23 6 185 0.862
23 7 130 0.782
23 8 150 0.789
23 9 154 0.83
23 10 170 0.663
23 11 119 0.87
23 12 136 0.849
23 13 0 0.0
23 14 11 -1.0
23 15 134 0.778
23 16 150 0.858
23 17 139 0.828
23 18 120 0.877
23 19 121 0.91
23 20 145 0.905
23 21 141 0.938
23 22 141 0.913
23 23 142 0.93
23 24 126 0.943
23 25 128 0.829
23 26 142 0.854
23 27 145 0.882
23 28 124 0.907
23 29 125 0.823
23 30 151 0.834
23 31 146 0.911
23 32 146 0.879
23 33 175 0.815
23 34 144 0.899
23 35 146 0.856
23 36 131 0.839
23 37 159 0.91
23 38 150 0.912
23 39 130 0.856
23 40 152 0.869
23 41 128 0.895
23 42 129 0.797
23 43 132 0.774
23 44 135 0.865
23 45 164 0.851
23 46 214 0.801
23 47 267 0.76
23 48 417 0.659
24 1 515 0.819
24 2 251 0.588
24 3 233 0.716
24 4 198 0.894
24 5 44 0.78
24 6 58 0.821
24 7 195 0.842
24 8 153 0.866
24 9 141 0.768
24 10 125 0.832
24 11 141 0.81
24 12 134 0.798
24 13 111 0.835
24 14 150 0.889
24 15 149 0.874
24 16 124 0.848
24 17 181 0.814
24 18 160 0.834
24 19 143 0.883
24 20 135 0.898
24 21 155 0.808
24 22 142 0.886
24 23 173 0.774
24 24 155 0.827
24 25 144 0.761
24 26 140 0.921
24 27 156 0.915
24 28 143 0.893
24 29 126 0.852
24 30 135 0.888
24 31 148 0.9
24 32 141 0.904
24 33 128 0.875
24 34 148 0.881
24 35 133 0.885
24 36 135 0.738
24 37 140 0.932
24 38 151 0.795
24 39 167 0.858
24 40 146 0.768
24 41 139 0.868
24 42 144 0.836
24 43 149 0.844
24 44 166 0.763
24 45 198 0.706
24 46 231 0.865
24 47 275 0.429
24 48 370 0.571
25 1 393 0.77
25 2 270 0.839
25 3 241 0.749
25 4 230 0.83
25 5 214 0.792
25 6 224 0.79
25 7 174 0.885
25 8 180 0.907
25 9 174 0.745
25 10 136 0.881
25 11 146 0.911
25 12 156 0.883
25 13 165 0.761
25 14 153 0.845
25 15 168 0.915
25 16 153 0.897
25 17 154 0.802
25 18 149 0.906
25 19 143 0.893
25 20 179 0.911
25 21 135 0.898
25 22 16 0.573
25 23 103 0.821
25 24 146 0.848
25 25 163 0.829
25 26 154 0.881
25 27 112 0.893
25 28 136 0.871
25 29 132 0.815
25 30 157 0.876
25 31 160 0.884
25 32 157 0.799
25 33 124 0.838
25 34 168 0.906
25 35 141 0.848
25 36 163 0.849
25 37 144 0.909
25 38 161 0.792
25 39 154 0.822
25 40 148 0.868
25 41 138 0.875
25 42 140 0.74
25 43 164 0.884
25 44 165 0.839
25 45 182 0.731
25 46 242 0.563
25 47 284 0.669
25 48 378 0.803
26 1 373 0.828
26 2 261 0.625
26 3 187 0.868
26 4 203 0.775
26 5 219 0.775
26 6 210 0.734
26 7 187 0.833
26 8 172 0.847
26 9 183 0.826
26 10 151 0.909
26 11 171 0.842
26 12 157 0.748
26 13 145 0.801
26 14 136 0.895
26 15 140 0.842
26 16 143 0.87
26 17 137 0.868
26 18 142 0.896
26 19 39 0.858
26 20 57 0.927
26 21 134 0.836
26 22 150 0.912
26 23 52 0.724
26 24 53 0.862
26 25 156 0.813
26 26 141 0.827
26 27 140 0.921
26 28 154 0.859
26 29 133 0.946
26 30 139 0.868
26 31 145 0.915
26 32 146 0.787
26 33 171 0.823
26 34 135 0.843
26 35 196 0.854
26 36 181 0.912
26 37 154 0.717
26 38 156 0.761
26 39 133 0.885
26 40 151 0.834
26 41 135 0.875
26 42 170 0.781
26 43 154 0.68
26 44 172 0.835
26 45 185 0.768
26 46 245 0.834
26 47 265 0.788
26 48 367 0.65
27 1 386 0.779
27 2 302 0.783
27 3 225 0.72
27 4 232 0.83
27 5 211 0.691
27 6 172 0.759
27 7 183 0.815
27 8 189 0.861
27 9 197 0.906
27 10 148 0.829
27 11 161 0.831
27 12 156 0.794
27 13 0 0.0
27 14 0 0.0
27 15 145 0.738
27 16 143 0.83
27 17 143 0.83
27 18 157 0.846
27 19 152 0.84
27 20 155 0.847
27 21 144 0.958
27 22 163 0.841
27 23 126 0.921
27 24 125 0.841
27 25 147 0.862
27 26 142 0.833
27 27 130 0.914
27 28 124 0.882
27 29 147 0.904
27 30 151 0.932
27 31 154 0.744
27 32 147 0.853
27 33 153 0.875
27 34 140 0.907
27 35 158 0.785
27 36 136 0.849
27 37 115 0.891
27 38 121 0.767
27 39 159 0.878
27 40 146 0.686
27 41 139 0.877
27 42 157 0.791
27 43 195 0.617
27 44 210 0.729
27 45 234 0.673
27 46 266 0.481
27 47 179 0.831
27 48 257 0.851
28 1 419 0.703
28 2 309 0.844
28 3 0 0.0
28 4 176 0.847
28 5 169 0.763
28 6 536 0.859
28 7 197 0.717
28 8 188 0.884
28 9 0 0.0
28 10 0 0.0
28 11 222 0.798
28 12 248 0.797
28 13 159 0.857
28 14 160 0.806
28 15 160 0.948
28 16 159 0.943
28 17 155 0.887
28 18 157 0.858
28 19 158 0.804
28 20 163 0.91
28 21 168 0.875
28 22 144 0.899
28 23 174 0.81
28 24 179 0.861
28 25 139 0.891
28 26 150 0.683
28 27 163 0.887
28 28 156 0.805
28 29 159 0.809
28 30 135 0.923
28 31 203 0.904
28 32 304 0.652
28 33 158 0.864
28 34 151 0.895
28 35 166 0.873
28 36 156 0.654
28 37 134 0.767
28 38 183 0.901
28 39 142 0.877
28 40 156 0.75
28 41 161 0.757
28 42 173 0.716
28 43 191 0.851
28 44 200 0.722
28 45 218 0.91
28 46 184 0.846
28 47 261 0.776
28 48 389 0.661
29 1 422 0.75
29 2 338 0.797
29 3 287 0.576
29 4 240 0.694
29 5 177 0.86
29 6 209 0.572
29 7 198 0.765
29 8 167 0.87
29 9 167 0.85
29 10 190 0.813
29 11 186 0.811
29 12 168 0.808
29 13 166 0.825
29 14 144 0.787
29 15 161 0.792
29 16 174 0.714
29 17 179 0.797
29 18 175 0.842
29 19 156 0.813
29 20 176 0.895
29 21 151 0.736
29 22 155 0.865
29 23 182 0.848
29 24 178 0.864
29 25 149 0.811
29 26 161 0.785
29 27 175 0.87
29 28 172 0.827
29 29 175 0.804
29 30 171 0.9
29 31 174 0.885
29 32 165 0.812
29 33 148 0.847
29 34 166 0.886
29 35 150 0.82
29 36 170 0.894
29 37 175 0.976
29 38 154 0.894
29 39 154 0.822
29 40 180 0.846
29 41 170 0.894
29 42 175 0.899
29 43 187 0.767
29 44 174 0.792
29 45 217 0.711
29 46 203 0.685
29 47 226 0.784
29 48 459 0.653
30 1 341 0.688
30 2 284 0.433
30 3 391 0.578
30 4 238 0.739
30 5 228 0.77
30 6 243 0.82
30 7 238 0.663
30 8 245 0.712
30 9 202 0.828
30 10 208 0.801
30 11 217 0.679
30 12 204 0.929
30 13 182 0.829
30 14 189 0.918
30 15 225 0.787
30 16 189 0.743
30 17 173 0.84
30 18 177 0.69
30 19 207 0.655
30 20 190 0.865
30 21 227 0.772
30 22 205 0.74
30 23 214 0.685
30 24 81 0.784
30 25 177 0.851
30 26 181 0.806
30 27 179 0.823
30 28 197 0.851
30 29 198 0.902
30 30 198 0.805
30 31 198 0.819
30 32 196 0.804
30 33 187 0.852
30 34 203 0.896
30 35 171 0.716
30 36 167 0.879
30 37 170 0.81
30 38 174 0.729
30 39 206 0.771
30 40 263 0.731
30 41 218 0.641
30 42 283 0.696
30 43 226 0.86
30 44 210 0.618
30 45 216 0.62
30 46 231 0.78
30 47 288 0.747
30 48 510 0.718
31 1 557 0.76
31 2 416 0.666
31 3 375 0.724
31 4 392 0.707
31 5 337 0.69
31 6 319 0.759
31 7 317 0.673
31 8 317 0.636
31 9 301 0.617
31 10 239 0.771
31 11 258 0.753
31 12 251 0.854
31 13 333 0.712
31 14 280 0.716
31 15 258 0.81
31 16 244 0.837
31 17 266 0.75
31 18 295 0.747
31 19 170 0.837
31 20 186 0.699
31 21 218 0.833
31 22 208 0.702
31 23 262 0.759
31 24 252 0.798
31 25 220 0.83
31 26 243 0.85
31 27 360 0.763
31 28 336 0.887
31 29 345 0.722
31 30 270 0.891
31 31 240 0.746
31 32 261 0.757
31 33 295 0.797
31 34 311 0.821
31 35 277 0.749
31 36 250 0.819
31 37 253 0.892
31 38 295 0.823
31 39 294 0.625
31 40 271 0.756
31 41 267 0.794
31 42 281 0.792
31 43 283 0.696
31 44 283 0.729
31 45 233 0.865
31 46 354 0.752
31 47 333 0.592
31 48 526 0.573
32 1 589 0.705
32 2 640 0.624
32 3 453 0.56
32 4 557 0.76
32 5 446 0.769
32 6 351 0.734
32 7 353 0.679
32 8 382 0.649
32 9 301 0.658
32 10 360 0.731
32 11 361 0.789
32 12 294 0.678
32 13 316 0.614
32 14 198 0.584
32 15 327 0.737
32 16 298 0.609
32 17 270 0.725
32 18 300 0.755
32 19 374 0.57
32 20 366 0.912
32 21 216 0.749
32 22 94 0.922
32 23 295 0.686
32 24 284 0.676
32 25 353 0.768
32 26 323 0.774
32 27 0 0.0
32 28 0 0.0
32 29 96 0.798
32 30 304 0.77
32 31 353 0.761
32 32 366 0.665
32 33 0 0.0
32 34 0 0.0
32 35 393 0.642
32 36 426 0.813
32 37 382 0.782
32 38 402 0.752
32 39 383 0.752
32 40 381 0.717
32 41 549 0.668
32 42 536 0.697
32 43 384 0.764
32 44 474 0.632
32 45 498 0.753
32 46 548 0.69
32 47 520 0.782
32 48 619 0.767
