row  column  size-1  circ-1
1 1 482 0.886
1 2 416 0.895
1 3 416 0.845
1 4 383 0.88
1 5 369 0.837
1 6 344 0.886
1 7 335 0.89
1 8 358 0.858
1 9 409 0.861
1 10 366 0.844
1 11 339 0.807
1 12 335 0.863
1 13 300 0.852
1 14 313 0.745
1 15 347 0.845
1 16 355 0.839
1 17 284 0.789
1 18 294 0.874
1 19 311 0.877
1 20 316 0.891
1 21 321 0.874
1 22 330 0.848
1 23 281 0.8
1 24 310 0.867
1 25 334 0.838
1 26 307 0.859
1 27 296 0.82
1 28 328 0.851
1 29 287 0.86
1 30 331 0.839
1 31 333 0.809
1 32 362 0.791
1 33 314 0.917
1 34 325 0.87
1 35 400 0.842
1 36 432 0.864
1 37 389 0.869
1 38 374 0.83
1 39 399 0.759
1 40 404 0.883
1 41 399 0.872
1 42 433 0.848
1 43 407 0.804
1 44 489 0.857
1 45 546 0.901
1 46 601 0.683
1 47 0 0.0
1 48 0 0.0
2 1 412 0.784
2 2 323 0.888
2 3 255 0.851
2 4 262 0.882
2 5 273 0.864
2 6 233 0.905
2 7 232 0.774
2 8 215 0.917
2 9 233 0.89
2 10 214 0.859
2 11 220 0.84
2 12 212 0.771
2 13 222 0.873
2 14 253 0.822
2 15 225 0.923
2 16 220 0.883
2 17 227 0.912
2 18 225 0.885
2 19 239 0.895
2 20 229 0.908
2 21 225 0.76
2 22 235 0.725
2 23 203 0.904
2 24 231 0.692
2 25 240 0.856
2 26 252 0.777
2 27 256 0.864
2 28 211 0.79
2 29 212 0.827
2 30 235 0.8
2 31 233 0.787
2 32 217 0.846
2 33 248 0.776
2 34 207 0.784
2 35 219 0.861
2 36 209 0.865
2 37 242 0.661
2 38 239 0.836
2 39 249 0.704
2 40 254 0.699
2 41 216 0.721
2 42 253 0.733
2 43 282 0.744
2 44 306 0.775
2 45 314 0.765
2 46 380 0.854
2 47 536 0.735
2 48 693 0.871
3 1 373 0.846
3 2 279 0.845
3 3 240 0.888
3 4 211 0.865
3 5 143 0.893
3 6 192 0.829
3 7 230 0.861
3 8 183 0.88
3 9 199 0.76
3 10 171 0.772
3 11 178 0.848
3 12 196 0.881
3 13 181 0.921
3 14 168 0.858
3 15 159 0.878
3 16 174 0.938
3 17 157 0.907
3 18 116 0.909
3 19 185 0.89
3 20 180 0.787
3 21 195 0.85
3 22 178 0.829
3 23 145 0.782
3 24 201 0.79
3 25 196 0.764
3 26 112 0.796
3 27 201 0.711
3 28 110 0.862
3 29 190 0.839
3 30 212 0.654
3 31 118 0.925
3 32 71 0.636
3 33 211 0.783
3 34 203 0.782
3 35 165 0.776
3 36 219 0.906
3 37 191 0.76
3 38 203 0.833
3 39 221 0.827
3 40 223 0.915
3 41 215 0.846
3 42 230 0.798
3 43 211 0.806
3 44 250 0.806
3 45 226 0.846
3 46 306 0.745
3 47 348 0.873
3 48 478 0.867
4 1 362 0.687
4 2 271 0.874
4 3 213 0.874
4 4 195 0.869
4 5 200 0.764
4 6 220 0.848
4 7 190 0.865
4 8 179 0.834
4 9 170 0.935
4 10 189 0.799
4 11 146 0.835
4 12 176 0.926
4 13 142 0.91
4 14 177 0.871
4 15 174 0.729
4 16 173 0.901
4 17 160 0.893
4 18 175 0.943
4 19 168 0.906
4 20 175 0.89
4 21 144 0.867
4 22 168 0.906
4 23 149 0.844
4 24 162 0.852
4 25 175 0.861
4 26 169 0.889
4 27 174 0.885
4 28 199 0.886
4 29 167 0.625
4 30 150 0.849
4 31 202 0.756
4 32 180 0.947
4 33 178 0.811
4 34 174 0.907
4 35 175 0.78
4 36 186 0.803
4 37 155 0.827
4 38 174 0.907
4 39 174 0.894
4 40 185 0.919
4 41 182 0.875
4 42 211 0.823
4 43 188 0.837
4 44 221 0.82
4 45 230 0.844
4 46 239 0.798
4 47 345 0.88
4 48 403 0.849
5 1 324 0.815
5 2 282 0.838
5 3 202 0.908
5 4 203 0.877
5 5 178 0.927
5 6 170 0.857
5 7 170 0.837
5 8 173 0.91
5 9 151 0.886
5 10 170 0.903
5 11 140 0.874
5 12 150 0.912
5 13 167 0.932
5 14 168 0.846
5 15 153 0.907
5 16 173 0.843
5 17 145 0.905
5 18 162 0.824
5 19 153 0.845
5 20 161 0.847
5 21 142 0.804
5 22 145 0.838
5 23 126 0.778
5 24 173 0.852
5 25 162 0.917
5 26 139 0.901
5 27 151 0.814
5 28 152 0.901
5 29 157 0.818
5 30 169 0.911
5 31 157 0.898
5 32 184 0.885
5 33 159 0.878
5 34 174 0.907
5 35 157 0.855
5 36 42 0.772
5 37 160 0.884
5 38 180 0.784
5 39 188 0.83
5 40 183 0.852
5 41 184 0.873
5 42 196 0.893
5 43 185 0.832
5 44 164 0.826
5 45 197 0.833
5 46 216 0.818
5 47 331 0.768
5 48 501 0.845
6 1 348 0.882
6 2 284 0.889
6 3 211 0.92
6 4 188 0.904
6 5 174 0.885
6 6 166 0.798
6 7 161 0.889
6 8 182 0.926
6 9 168 0.884
6 10 159 0.9
6 11 159 0.9
6 12 170 0.757
6 13 160 0.862
6 14 161 0.912
6 15 159 0.828
6 16 144 0.671
6 17 172 0.82
6 18 161 0.921
6 19 161 0.839
6 20 175 0.783
6 21 159 0.837
6 22 145 0.821
6 23 160 0.834
6 24 148 0.838
6 25 168 0.855
6 26 141 0.798
6 27 142 0.92
6 28 161 0.877
6 29 163 0.91
6 30 149 0.776
6 31 149 0.865
6 32 163 0.932
6 33 135 0.834
6 34 185 0.919
6 35 161 0.898
6 36 156 0.841
6 37 159 0.817
6 38 176 0.895
6 39 165 0.88
6 40 150 0.846
6 41 181 0.887
6 42 192 0.636
6 43 187 0.825
6 44 208 0.879
6 45 39 0.902
6 46 288 0.735
6 47 291 0.632
6 48 498 0.89
7 1 306 0.836
7 2 245 0.881
7 3 204 0.837
7 4 179 0.898
7 5 173 0.86
7 6 181 0.891
7 7 140 0.897
7 8 178 0.906
7 9 149 0.758
7 10 152 0.792
7 11 160 0.871
7 12 147 0.841
7 13 165 0.889
7 14 161 0.88
7 15 167 0.706
7 16 166 0.845
7 17 144 0.776
7 18 153 0.833
7 19 140 0.883
7 20 155 0.756
7 21 164 0.854
7 22 164 0.915
7 23 130 0.856
7 24 143 0.879
7 25 167 0.803
7 26 161 0.877
7 27 139 0.858
7 28 140 0.667
7 29 179 0.861
7 30 159 0.857
7 31 165 0.831
7 32 142 0.877
7 33 154 0.903
7 34 170 0.873
7 35 170 0.886
7 36 149 0.803
7 37 155 0.816
7 38 165 0.911
7 39 179 0.842
7 40 177 0.851
7 41 179 0.89
7 42 196 0.893
7 43 200 0.911
7 44 175 0.878
7 45 211 0.823
7 46 253 0.847
7 47 263 0.839
7 48 367 0.773
8 1 310 0.78
8 2 251 0.831
8 3 217 0.917
8 4 188 0.856
8 5 180 0.886
8 6 173 0.852
8 7 64 0.825
8 8 113 0.875
8 9 151 0.864
8 10 165 0.921
8 11 175 0.89
8 12 129 0.892
8 13 146 0.921
8 14 167 0.706
8 15 155 0.919
8 16 165 0.868
8 17 157 0.867
8 18 147 0.841
8 19 152 0.915
8 20 157 0.858
8 21 158 0.873
8 22 158 0.873
8 23 138 0.884
8 24 129 0.797
8 25 154 0.937
8 26 138 0.839
8 27 172 0.855
8 28 156 0.87
8 29 163 0.849
8 30 133 0.862
8 31 179 0.92
8 32 160 0.834
8 33 172 0.875
8 34 154 0.881
8 35 142 0.833
8 36 140 0.907
8 37 154 0.859
8 38 167 0.87
8 39 162 0.882
8 40 0 0.0
8 41 172 0.875
8 42 159 0.887
8 43 183 0.901
8 44 210 0.904
8 45 223 0.903
8 46 233 0.848
8 47 335 0.81
8 48 398 0.684
9 1 309 0.823
9 2 258 0.902
9 3 209 0.903
9 4 188 0.876
9 5 180 0.838
9 6 154 0.903
9 7 158 0.843
9 8 150 0.961
9 9 156 0.832
9 10 158 0.904
9 11 157 0.855
9 12 154 0.851
9 13 147 0.894
9 14 166 0.798
9 15 174 0.81
9 16 149 0.874
9 17 156 0.862
9 18 151 0.895
9 19 148 0.924
9 20 146 0.888
9 21 149 0.93
9 22 158 0.823
9 23 146 0.946
9 24 125 0.925
9 25 135 0.923
9 26 140 0.932
9 27 144 0.876
9 28 158 0.873
9 29 150 0.849
9 30 157 0.78
9 31 165 0.911
9 32 155 0.856
9 33 165 0.691
9 34 156 0.775
9 35 138 0.929
9 36 132 0.878
9 37 152 0.924
9 38 155 0.778
9 39 146 0.879
9 40 171 0.891
9 41 165 0.722
9 42 144 0.845
9 43 163 0.821
9 44 203 0.847
9 45 276 0.626
9 46 272 0.78
9 47 284 0.86
9 48 473 0.848
10 1 320 0.853
10 2 276 0.921
10 3 178 0.837
10 4 207 0.849
10 5 186 0.786
10 6 182 0.856
10 7 156 0.841
10 8 165 0.898
10 9 160 0.906
10 10 154 0.881
10 11 136 0.895
10 12 124 0.972
10 13 160 0.884
10 14 170 0.865
10 15 162 0.904
10 16 163 0.858
10 17 161 0.868
10 18 162 0.927
10 19 143 0.902
10 20 125 0.764
10 21 155 0.878
10 22 153 0.931
10 23 146 0.827
10 24 145 0.929
10 25 140 0.874
10 26 141 0.964
10 27 136 0.905
10 28 145 0.851
10 29 152 0.811
10 30 148 0.838
10 31 150 0.871
10 32 159 0.91
10 33 151 0.905
10 34 156 0.892
10 35 159 0.801
10 36 159 0.857
10 37 182 0.913
10 38 178 0.818
10 39 155 0.887
10 40 155 0.856
10 41 182 0.905
10 42 168 0.937
10 43 176 0.777
10 44 181 0.742
10 45 250 0.688
10 46 246 0.851
10 47 264 0.785
10 48 454 0.766
11 1 314 0.752
11 2 257 0.924
11 3 211 0.873
11 4 191 0.89
11 5 172 0.905
11 6 171 0.922
11 7 168 0.906
11 8 164 0.884
11 9 150 0.858
11 10 140 0.968
11 11 167 0.822
11 12 164 0.8
11 13 144 0.899
11 14 153 0.816
11 15 153 0.837
11 16 151 0.886
11 17 162 0.824
11 18 153 0.931
11 19 161 0.921
11 20 142 0.92
11 21 156 0.935
11 22 147 0.832
11 23 143 0.86
11 24 158 0.895
11 25 137 0.902
11 26 153 0.845
11 27 157 0.867
11 28 149 0.865
11 29 181 0.9
11 30 158 0.904
11 31 113 0.912
11 32 131 0.742
11 33 148 0.9
11 34 171 0.85
11 35 163 0.91
11 36 158 0.904
11 37 161 0.921
11 38 150 0.889
11 39 167 0.932
11 40 123 0.899
11 41 170 0.894
11 42 172 0.936
11 43 207 0.875
11 44 175 0.772
11 45 266 0.785
11 46 261 0.826
11 47 281 0.857
11 48 436 0.797
12 1 322 0.8
12 2 250 0.874
12 3 208 0.89
12 4 177 0.901
12 5 192 0.874
12 6 175 0.899
12 7 77 0.78
12 8 83 0.743
12 9 179 0.881
12 10 153 0.825
12 11 157 0.907
12 12 142 0.74
12 13 155 0.827
12 14 159 0.857
12 15 146 0.875
12 16 156 0.949
12 17 157 0.898
12 18 167 0.87
12 19 143 0.86
12 20 139 0.891
12 21 156 0.925
12 22 134 0.836
12 23 153 0.816
12 24 131 0.931
12 25 130 0.899
12 26 159 0.9
12 27 143 0.86
12 28 147 0.832
12 29 150 0.708
12 30 163 0.9
12 31 149 0.815
12 32 154 0.903
12 33 183 0.826
12 34 172 0.875
12 35 158 0.796
12 36 158 0.882
12 37 158 0.873
12 38 149 0.897
12 39 142 0.886
12 40 155 0.953
12 41 171 0.823
12 42 177 0.892
12 43 185 0.87
12 44 203 0.904
12 45 215 0.917
12 46 78 0.79
12 47 273 0.777
12 48 418 0.796
13 1 271 0.858
13 2 237 0.725
13 3 197 0.851
13 4 131 0.896
13 5 179 0.881
13 6 157 0.876
13 7 166 0.825
13 8 161 0.782
13 9 157 0.791
13 10 158 0.882
13 11 144 0.768
13 12 161 0.757
13 13 143 0.81
13 14 145 0.873
13 15 142 0.886
13 16 150 0.912
13 17 146 0.856
13 18 135 0.934
13 19 145 0.905
13 20 146 0.835
13 21 153 0.816
13 22 157 0.898
13 23 125 0.914
13 24 155 0.835
13 25 139 0.836
13 26 150 0.899
13 27 151 0.909
13 28 143 0.818
13 29 173 0.901
13 30 157 0.889
13 31 146 0.827
13 32 155 0.909
13 33 150 0.889
13 34 168 0.867
13 35 169 0.88
13 36 159 0.9
13 37 160 0.884
13 38 147 0.885
13 39 149 0.92
13 40 175 0.815
13 41 169 0.88
13 42 182 0.8
13 43 180 0.874
13 44 201 0.653
13 45 190 0.741
13 46 233 0.88
13 47 243 0.891
13 48 361 0.885
14 1 358 0.8
14 2 227 0.732
14 3 187 0.844
14 4 195 0.824
14 5 181 0.862
14 6 173 0.843
14 7 165 0.968
14 8 176 0.917
14 9 178 0.893
14 10 150 0.876
14 11 158 0.937
14 12 147 0.853
14 13 165 0.86
14 14 152 0.901
14 15 146 0.856
14 16 129 0.713
14 17 148 0.9
14 18 151 0.909
14 19 150 0.889
14 20 130 0.782
14 21 0 0.0
14 22 143 0.851
14 23 162 0.864
14 24 156 0.915
14 25 148 0.728
14 26 73 0.921
14 27 156 0.915
14 28 144 0.815
14 29 163 0.9
14 30 144 0.845
14 31 139 0.845
14 32 135 0.865
14 33 177 0.799
14 34 178 0.876
14 35 153 0.875
14 36 146 0.888
14 37 149 0.965
14 38 151 0.953
14 39 164 0.915
14 40 154 0.881
14 41 154 0.859
14 42 157 0.965
14 43 172 0.875
14 44 193 0.83
14 45 185 0.759
14 46 221 0.837
14 47 269 0.644
14 48 400 0.83
15 1 335 0.855
15 2 243 0.805
15 3 227 0.843
15 4 186 0.803
15 5 190 0.865
15 6 176 0.866
15 7 168 0.915
15 8 162 0.927
15 9 167 0.9
15 10 140 0.729
15 11 153 0.907
15 12 153 0.805
15 13 170 0.877
15 14 154 0.903
15 15 144 0.867
15 16 163 0.858
15 17 169 0.86
15 18 140 0.874
15 19 145 0.939
15 20 168 0.846
15 21 169 0.889
15 22 188 0.856
15 23 159 0.857
15 24 167 0.909
15 25 153 0.941
15 26 144 0.876
15 27 154 0.768
15 28 159 0.741
15 29 143 0.926
15 30 155 0.856
15 31 191 0.862
15 32 175 0.797
15 33 151 0.855
15 34 161 0.931
15 35 158 0.904
15 36 154 0.881
15 37 139 0.877
15 38 144 0.899
15 39 154 0.927
15 40 161 0.889
15 41 156 0.935
15 42 170 0.873
15 43 176 0.839
15 44 158 0.689
15 45 195 0.88
15 46 202 0.781
15 47 245 0.891
15 48 430 0.848
16 1 342 0.852
16 2 231 0.865
16 3 23 0.824
16 4 31 0.984
16 5 191 0.87
16 6 183 0.833
16 7 165 0.86
16 8 162 0.873
16 9 156 0.841
16 10 160 0.884
16 11 150 0.88
16 12 151 0.787
16 13 175 0.921
16 14 148 0.809
16 15 131 0.872
16 16 150 0.903
16 17 156 0.841
16 18 147 0.862
16 19 152 0.861
16 20 146 0.736
16 21 140 0.801
16 22 162 0.95
16 23 120 0.811
16 24 150 0.8
16 25 154 0.913
16 26 165 0.868
16 27 159 0.919
16 28 139 0.911
16 29 164 0.875
16 30 168 0.855
16 31 151 0.918
16 32 148 0.868
16 33 174 0.916
16 34 162 0.824
16 35 153 0.875
16 36 155 0.909
16 37 167 0.932
16 38 171 0.9
16 39 175 0.89
16 40 130 0.865
16 41 161 0.868
16 42 165 0.797
16 43 157 0.762
16 44 183 0.798
16 45 201 0.79
16 46 217 0.853
16 47 249 0.888
16 48 360 0.837
17 1 313 0.852
17 2 233 0.944
17 3 220 0.883
17 4 205 0.893
17 5 173 0.91
17 6 164 0.938
17 7 163 0.837
17 8 170 0.802
17 9 164 0.906
17 10 153 0.845
17 11 152 0.915
17 12 172 0.855
17 13 160 0.862
17 14 161 0.811
17 15 157 0.889
17 16 145 0.873
17 17 161 0.921
17 18 131 0.862
17 19 154 0.913
17 20 153 0.845
17 21 150 0.889
17 22 153 0.875
17 23 161 0.856
17 24 156 0.925
17 25 168 0.928
17 26 149 0.965
17 27 146 0.879
17 28 141 0.904
17 29 150 0.912
17 30 155 0.878
17 31 153 0.897
17 32 159 0.857
17 33 157 0.838
17 34 172 0.927
17 35 158 0.873
17 36 148 0.9
17 37 143 0.937
17 38 162 0.836
17 39 157 0.898
17 40 165 0.848
17 41 140 0.874
17 42 165 0.776
17 43 188 0.913
17 44 172 0.884
17 45 172 0.847
17 46 193 0.879
17 47 270 0.845
17 48 425 0.831
18 1 318 0.86
18 2 250 0.797
18 3 206 0.898
18 4 171 0.739
18 5 197 0.825
18 6 179 0.881
18 7 163 0.923
18 8 173 0.821
18 9 160 0.862
18 10 165 0.921
18 11 162 0.844
18 12 159 0.878
18 13 151 0.886
18 14 165 0.889
18 15 162 0.904
18 16 158 0.913
18 17 140 0.907
18 18 161 0.944
18 19 155 0.919
18 20 148 0.924
18 21 157 0.921
18 22 161 0.912
18 23 172 0.884
18 24 146 0.856
18 25 151 0.743
18 26 136 0.905
18 27 131 0.849
18 28 158 0.778
18 29 178 0.906
18 30 174 0.929
18 31 148 0.798
18 32 144 0.824
18 33 156 0.862
18 34 162 0.873
18 35 160 0.884
18 36 167 0.932
18 37 139 0.836
18 38 138 0.884
18 39 166 0.873
18 40 164 0.948
18 41 150 0.88
18 42 159 0.933
18 43 176 0.82
18 44 183 0.909
18 45 178 0.937
18 46 162 0.787
18 47 269 0.821
18 48 403 0.706
19 1 310 0.818
19 2 253 0.721
19 3 217 0.768
19 4 173 0.757
19 5 170 0.802
19 6 180 0.82
19 7 167 0.822
19 8 158 0.873
19 9 148 0.829
19 10 145 0.821
19 11 167 0.879
19 12 162 0.844
19 13 149 0.874
19 14 173 0.901
19 15 157 0.791
19 16 160 0.77
19 17 176 0.855
19 18 161 0.831
19 19 147 0.918
19 20 160 0.842
19 21 165 0.921
19 22 154 0.927
19 23 156 0.892
19 24 170 0.886
19 25 159 0.857
19 26 145 0.774
19 27 144 0.815
19 28 137 0.912
19 29 155 0.856
19 30 140 0.842
19 31 138 0.81
19 32 167 0.9
19 33 169 0.911
19 34 164 0.815
19 35 163 0.91
19 36 157 0.846
19 37 158 0.77
19 38 145 0.895
19 39 191 0.907
19 40 179 0.834
19 41 167 0.9
19 42 169 0.872
19 43 159 0.919
19 44 162 0.873
19 45 203 0.885
19 46 210 0.851
19 47 289 0.823
19 48 453 0.817
20 1 363 0.896
20 2 250 0.771
20 3 212 0.787
20 4 204 0.829
20 5 190 0.81
20 6 187 0.908
20 7 179 0.861
20 8 138 0.861
20 9 150 0.763
20 10 152 0.811
20 11 157 0.867
20 12 141 0.924
20 13 155 0.887
20 14 167 0.9
20 15 153 0.897
20 16 163 0.802
20 17 161 0.898
20 18 132 0.878
20 19 158 0.873
20 20 159 0.878
20 21 160 0.915
20 22 134 0.836
20 23 142 0.864
20 24 145 0.905
20 25 162 0.927
20 26 151 0.886
20 27 143 0.851
20 28 167 0.945
20 29 162 0.824
20 30 149 0.874
20 31 150 0.809
20 32 133 0.909
20 33 179 0.842
20 34 167 0.909
20 35 142 0.776
20 36 134 0.868
20 37 162 0.816
20 38 155 0.923
20 39 149 0.823
20 40 130 0.865
20 41 108 0.938
20 42 89 0.823
20 43 188 0.876
20 44 170 0.799
20 45 198 0.91
20 46 219 0.813
20 47 295 0.718
20 48 428 0.798
21 1 331 0.833
21 2 239 0.852
21 3 224 0.815
21 4 192 0.883
21 5 147 0.904
21 6 192 0.829
21 7 187 0.899
21 8 170 0.837
21 9 162 0.852
21 10 161 0.868
21 11 136 0.849
21 12 158 0.796
21 13 153 0.875
21 14 171 0.85
21 15 170 0.837
21 16 155 0.896
21 17 172 0.875
21 18 185 0.87
21 19 174 0.885
21 20 157 0.898
21 21 177 0.863
21 22 150 0.903
21 23 165 0.889
21 24 138 0.929
21 25 134 0.916
21 26 143 0.941
21 27 147 0.824
21 28 154 0.903
21 29 138 0.884
21 30 150 0.809
21 31 158 0.904
21 32 153 0.931
21 33 147 0.885
21 34 168 0.906
21 35 166 0.865
21 36 143 0.893
21 37 158 0.852
21 38 155 0.773
21 39 158 0.927
21 40 166 0.836
21 41 164 0.843
21 42 174 0.856
21 43 167 0.87
21 44 180 0.78
21 45 191 0.843
21 46 198 0.863
21 47 267 0.672
21 48 411 0.812
22 1 295 0.838
22 2 290 0.891
22 3 207 0.747
22 4 214 0.852
22 5 189 0.816
22 6 218 0.771
22 7 204 0.748
22 8 152 0.848
22 9 179 0.89
22 10 162 0.927
22 11 156 0.892
22 12 159 0.848
22 13 176 0.895
22 14 156 0.75
22 15 132 0.913
22 16 172 0.721
22 17 172 0.884
22 18 178 0.937
22 19 134 0.806
22 20 175 0.85
22 21 169 0.88
22 22 148 0.838
22 23 150 0.88
22 24 145 0.801
22 25 161 0.792
22 26 157 0.858
22 27 163 0.849
22 28 151 0.942
22 29 172 0.884
22 30 162 0.873
22 31 162 0.722
22 32 149 0.852
22 33 148 0.847
22 34 141 0.827
22 35 151 0.864
22 36 149 0.823
22 37 157 0.931
22 38 152 0.879
22 39 148 0.924
22 40 157 0.855
22 41 164 0.906
22 42 155 0.844
22 43 154 0.851
22 44 170 0.894
22 45 232 0.805
22 46 194 0.884
22 47 269 0.814
22 48 396 0.821
23 1 389 0.837
23 2 283 0.91
23 3 273 0.818
23 4 247 0.788
23 5 202 0.765
23 6 204 0.855
23 7 195 0.724
23 8 170 0.774
23 9 168 0.855
23 10 142 0.784
23 11 162 0.873
23 12 171 0.823
23 13 162 0.844
23 14 174 0.877
23 15 175 0.797
23 16 181 0.832
23 17 0 0.0
23 18 194 0.942
23 19 155 0.887
23 20 162 0.722
23 21 139 0.935
23 22 165 0.898
23 23 158 0.904
23 24 164 0.796
23 25 159 0.933
23 26 157 0.907
23 27 146 0.827
23 28 137 0.855
23 29 158 0.76
23 30 153 0.753
23 31 158 0.873
23 32 129 0.858
23 33 151 0.826
23 34 151 0.877
23 35 158 0.882
23 36 145 0.882
23 37 149 0.844
23 38 151 0.843
23 39 164 0.884
23 40 165 0.944
23 41 154 0.881
23 42 172 0.884
23 43 168 0.816
23 44 163 0.802
23 45 205 0.799
23 46 217 0.806
23 47 293 0.806
23 48 435 0.78
24 1 358 0.701
24 2 281 0.747
24 3 33 0.943
24 4 34 0.871
24 5 200 0.758
24 6 201 0.631
24 7 191 0.818
24 8 178 0.856
24 9 160 0.884
24 10 173 0.86
24 11 181 0.908
24 12 155 0.808
24 13 172 0.896
24 14 183 0.852
24 15 147 0.928
24 16 177 0.851
24 17 160 0.884
24 18 165 0.911
24 19 180 0.854
24 20 171 0.944
24 21 189 0.927
24 22 173 0.88
24 23 164 0.906
24 24 169 0.851
24 25 142 0.92
24 26 166 0.886
24 27 168 0.884
24 28 157 0.931
24 29 155 0.909
24 30 149 0.865
24 31 145 0.829
24 32 153 0.866
24 33 161 0.847
24 34 160 0.893
24 35 156 0.902
24 36 152 0.892
24 37 170 0.894
24 38 171 0.804
24 39 148 0.847
24 40 152 0.892
24 41 163 0.821
24 42 100 0.896
24 43 191 0.898
24 44 208 0.879
24 45 190 0.857
24 46 210 0.843
24 47 275 0.87
24 48 380 0.818
25 1 385 0.739
25 2 308 0.679
25 3 247 0.753
25 4 210 0.789
25 5 207 0.759
25 6 176 0.722
25 7 190 0.873
25 8 174 0.865
25 9 178 0.848
25 10 184 0.785
25 11 193 0.887
25 12 187 0.852
25 13 158 0.843
25 14 163 0.802
25 15 168 0.8
25 16 178 0.906
25 17 165 0.868
25 18 165 0.921
25 19 171 0.815
25 20 130 0.865
25 21 172 0.875
25 22 149 0.874
25 23 147 0.841
25 24 139 0.836
25 25 166 0.845
25 26 146 0.911
25 27 183 0.88
25 28 156 0.915
25 29 157 0.818
25 30 160 0.862
25 31 149 0.852
25 32 166 0.873
25 33 152 0.819
25 34 158 0.823
25 35 152 0.915
25 36 166 0.882
25 37 149 0.831
25 38 147 0.918
25 39 149 0.844
25 40 149 0.897
25 41 166 0.791
25 42 173 0.88
25 43 177 0.851
25 44 167 0.9
25 45 192 0.874
25 46 201 0.781
25 47 322 0.892
25 48 481 0.822
26 1 469 0.786
26 2 311 0.841
26 3 242 0.801
26 4 220 0.8
26 5 208 0.853
26 6 210 0.888
26 7 178 0.906
26 8 170 0.865
26 9 179 0.911
26 10 152 0.766
26 11 203 0.833
26 12 164 0.854
26 13 173 0.852
26 14 151 0.855
26 15 163 0.858
26 16 167 0.858
26 17 166 0.825
26 18 170 0.865
26 19 149 0.883
26 20 174 0.885
26 21 173 0.86
26 22 178 0.876
26 23 166 0.917
26 24 172 0.82
26 25 166 0.653
26 26 154 0.881
26 27 154 0.802
26 28 150 0.889
26 29 104 0.792
26 30 92 0.775
26 31 158 0.882
26 32 155 0.856
26 33 162 0.779
26 34 142 0.842
26 35 152 0.861
26 36 188 0.856
26 37 154 0.913
26 38 162 0.852
26 39 153 0.845
26 40 178 0.906
26 41 156 0.949
26 42 177 0.806
26 43 168 0.928
26 44 186 0.803
26 45 204 0.862
26 46 238 0.803
26 47 219 0.837
26 48 480 0.853
27 1 409 0.818
27 2 296 0.826
27 3 249 0.895
27 4 165 0.839
27 5 190 0.914
27 6 186 0.814
27 7 224 0.792
27 8 173 0.901
27 9 177 0.851
27 10 173 0.852
27 11 192 0.911
27 12 162 0.882
27 13 169 0.86
27 14 172 0.887
27 15 155 0.789
27 16 156 0.801
27 17 163 0.841
27 18 163 0.742
27 19 160 0.915
27 20 171 0.891
27 21 174 0.894
27 22 159 0.866
27 23 175 0.749
27 24 163 0.9
27 25 167 0.85
27 26 185 0.799
27 27 190 0.846
27 28 172 0.875
27 29 166 0.845
27 30 162 0.805
27 31 168 0.915
27 32 178 0.893
27 33 171 0.796
27 34 180 0.858
27 35 165 0.898
27 36 144 0.854
27 37 151 0.855
27 38 152 0.901
27 39 167 0.887
27 40 193 0.816
27 41 159 0.887
27 42 191 0.825
27 43 190 0.846
27 44 188 0.856
27 45 208 0.676
27 46 251 0.845
27 47 342 0.866
27 48 495 0.835
28 1 434 0.838
28 2 300 0.825
28 3 241 0.749
28 4 175 0.815
28 5 206 0.845
28 6 215 0.754
28 7 233 0.657
28 8 191 0.859
28 9 169 0.86
28 10 191 0.898
28 11 194 0.904
28 12 184 0.885
28 13 175 0.85
28 14 176 0.904
28 15 189 0.869
28 16 176 0.904
28 17 184 0.914
28 18 168 0.897
28 19 174 0.885
28 20 194 0.884
28 21 192 0.848
28 22 194 0.813
28 23 178 0.848
28 24 173 0.91
28 25 167 0.754
28 26 165 0.839
28 27 173 0.942
28 28 163 0.858
28 29 176 0.827
28 30 187 0.852
28 31 187 0.899
28 32 134 0.845
28 33 165 0.839
28 34 155 0.878
28 35 178 0.915
28 36 164 0.915
28 37 173 0.872
28 38 168 0.819
28 39 150 0.936
28 40 181 0.921
28 41 192 0.804
28 42 196 0.909
28 43 209 0.857
28 44 198 0.788
28 45 219 0.82
28 46 232 0.805
28 47 289 0.857
28 48 408 0.767
29 1 465 0.872
29 2 320 0.874
29 3 285 0.876
29 4 217 0.774
29 5 238 0.898
29 6 218 0.85
29 7 198 0.681
29 8 205 0.767
29 9 222 0.764
29 10 208 0.85
29 11 195 0.76
29 12 212 0.794
29 13 200 0.864
29 14 208 0.861
29 15 201 0.711
29 16 190 0.902
29 17 173 0.824
29 18 206 0.918
29 19 183 0.78
29 20 189 0.889
29 21 188 0.864
29 22 182 0.837
29 23 208 0.853
29 24 177 0.931
29 25 174 0.868
29 26 184 0.877
29 27 169 0.889
29 28 163 0.9
29 29 205 0.823
29 30 193 0.816
29 31 173 0.872
29 32 172 0.863
29 33 179 0.898
29 34 216 0.875
29 35 19 0.681
29 36 197 0.851
29 37 183 0.872
29 38 172 0.896
29 39 172 0.905
29 40 186 0.829
29 41 206 0.878
29 42 198 0.844
29 43 219 0.879
29 44 218 0.8
29 45 208 0.843
29 46 259 0.641
29 47 324 0.8
29 48 479 0.786
30 1 412 0.842
30 2 347 0.823
30 3 293 0.856
30 4 271 0.791
30 5 234 0.858
30 6 237 0.806
30 7 275 0.803
30 8 230 0.762
30 9 250 0.768
30 10 232 0.834
30 11 241 0.631
30 12 186 0.69
30 13 272 0.8
30 14 205 0.761
30 15 217 0.79
30 16 205 0.866
30 17 214 0.817
30 18 230 0.879
30 19 205 0.848
30 20 207 0.849
30 21 217 0.898
30 22 214 0.867
30 23 189 0.869
30 24 207 0.849
30 25 233 0.68
30 26 223 0.78
30 27 200 0.864
30 28 206 0.89
30 29 201 0.842
30 30 219 0.861
30 31 222 0.776
30 32 247 0.888
30 33 216 0.678
30 34 231 0.687
30 35 211 0.83
30 36 204 0.795
30 37 207 0.931
30 38 180 0.838
30 39 213 0.814
30 40 222 0.824
30 41 265 0.817
30 42 248 0.797
30 43 221 0.814
30 44 262 0.851
30 45 233 0.88
30 46 282 0.883
30 47 354 0.882
30 48 444 0.812
31 1 438 0.812
31 2 451 0.74
31 3 400 0.817
31 4 336 0.805
31 5 272 0.868
31 6 280 0.839
31 7 295 0.861
31 8 287 0.71
31 9 314 0.677
31 10 290 0.847
31 11 313 0.733
31 12 242 0.672
31 13 296 0.768
31 14 279 0.83
31 15 232 0.844
31 16 274 0.83
31 17 251 0.76
31 18 253 0.861
31 19 254 0.848
31 20 241 0.853
31 21 218 0.809
31 22 258 0.902
31 23 262 0.823
31 24 257 0.858
31 25 267 0.891
31 26 263 0.878
31 27 264 0.739
31 28 289 0.888
31 29 228 0.782
31 30 254 0.864
31 31 230 0.804
31 32 281 0.724
31 33 257 0.835
31 34 287 0.717
31 35 271 0.786
31 36 274 0.772
31 37 260 0.852
31 38 284 0.889
31 39 276 0.723
31 40 274 0.794
31 41 288 0.856
31 42 239 0.836
31 43 284 0.768
31 44 291 0.888
31 45 314 0.834
31 46 328 0.831
31 47 426 0.738
31 48 513 0.772
32 1 594 0.86
32 2 543 0.852
32 3 536 0.761
32 4 475 0.873
32 5 514 0.796
32 6 362 0.816
32 7 403 0.867
32 8 395 0.802
32 9 433 0.824
32 10 409 0.69
32 11 421 0.873
32 12 422 0.794
32 13 388 0.861
32 14 401 0.821
32 15 419 0.707
32 16 343 0.729
32 17 420 0.666
32 18 383 0.796
32 19 366 0.83
32 20 353 0.846
32 21 334 0.909
32 22 378 0.763
32 23 397 0.611
32 24 310 0.896
32 25 358 0.817
32 26 375 0.807
32 27 353 0.871
32 28 371 0.811
32 29 378 0.844
32 30 392 0.782
32 31 384 0.85
32 32 435 0.823
32 33 366 0.692
32 34 433 0.824
32 35 380 0.838
32 36 412 0.775
32 37 466 0.786
32 38 327 0.869
32 39 412 0.791
32 40 402 0.75
32 41 418 0.807
32 42 446 0.804
32 43 409 0.825
32 44 409 0.899
32 45 449 0.842
32 46 481 0.669
32 47 516 0.734
32 48 540 0.821
