row  column  size-1  circ-1
1 1 593 0.599
1 2 547 0.792
1 3 602 0.749
1 4 483 0.684
1 5 525 0.788
1 6 476 0.792
1 7 443 0.658
1 8 437 0.783
1 9 295 0.884
1 10 435 0.876
1 11 378 0.826
1 12 394 0.861
1 13 273 0.864
1 14 315 0.785
1 15 204 0.708
1 16 346 0.785
1 17 353 0.846
1 18 365 0.81
1 19 335 0.755
1 20 305 0.736
1 21 306 0.745
1 22 323 0.749
1 23 370 0.839
1 24 300 0.762
1 25 350 0.789
1 26 338 0.792
1 27 305 0.81
1 28 321 0.827
1 29 345 0.874
1 30 361 0.784
1 31 313 0.793
1 32 328 0.825
1 33 269 0.829
1 34 242 0.888
1 35 336 0.81
1 36 298 0.87
1 37 353 0.545
1 38 296 0.849
1 39 324 0.789
1 40 295 0.84
1 41 367 0.851
1 42 348 0.861
1 43 353 0.901
1 44 389 0.814
1 45 388 0.855
1 46 452 0.648
1 47 632 0.794
1 48 684 0.674
2 1 485 0.796
2 2 441 0.773
2 3 400 0.807
2 4 371 0.776
2 5 368 0.804
2 6 346 0.81
2 7 246 0.785
2 8 288 0.847
2 9 348 0.894
2 10 329 0.88
2 11 294 0.904
2 12 306 0.884
2 13 256 0.734
2 14 268 0.797
2 15 275 0.833
2 16 284 0.873
2 17 261 0.878
2 18 252 0.858
2 19 247 0.914
2 20 273 0.676
2 21 235 0.838
2 22 237 0.862
2 23 251 0.854
2 24 262 0.808
2 25 222 0.899
2 26 230 0.886
2 27 179 0.861
2 28 176 0.722
2 29 209 0.815
2 30 193 0.816
2 31 201 0.824
2 32 214 0.849
2 33 191 0.79
2 34 173 0.832
2 35 180 0.838
2 36 228 0.836
2 37 210 0.826
2 38 230 0.742
2 39 39 0.883
2 40 223 0.859
2 41 249 0.885
2 42 221 0.837
2 43 195 0.85
2 44 272 0.83
2 45 141 0.571
2 46 109 0.624
2 47 398 0.717
2 48 521 0.778
3 1 100 0.488
3 2 68 0.689
3 3 397 0.806
3 4 356 0.773
3 5 294 0.859
3 6 264 0.851
3 7 282 0.906
3 8 278 0.778
3 9 220 0.807
3 10 233 0.898
3 11 283 0.724
3 12 203 0.76
3 13 239 0.783
3 14 230 0.912
3 15 212 0.841
3 16 145 0.915
3 17 228 0.698
3 18 231 0.712
3 19 157 0.612
3 20 202 0.565
3 21 87 0.557
3 22 62 0.611
3 23 192 0.787
3 24 185 0.792
3 25 70 0.759
3 26 69 0.592
3 27 193 0.688
3 28 170 0.818
3 29 191 0.928
3 30 187 0.818
3 31 170 0.837
3 32 190 0.828
3 33 185 0.85
3 34 203 0.739
3 35 186 0.803
3 36 186 0.895
3 37 186 0.895
3 38 188 0.904
3 39 178 0.906
3 40 169 0.73
3 41 217 0.898
3 42 196 0.836
3 43 168 0.827
3 44 186 0.753
3 45 266 0.833
3 46 254 0.913
3 47 317 0.863
3 48 367 0.797
4 1 386 0.825
4 2 419 0.716
4 3 313 0.82
4 4 291 0.859
4 5 282 0.783
4 6 291 0.829
4 7 319 0.808
4 8 274 0.871
4 9 199 0.792
4 10 227 0.554
4 11 235 0.653
4 12 187 0.475
4 13 200 0.675
4 14 227 0.658
4 15 226 0.769
4 16 178 0.786
4 17 167 0.879
4 18 172 0.57
4 19 173 0.813
4 20 146 0.787
4 21 164 0.708
4 22 164 0.781
4 23 172 0.473
4 24 136 0.744
4 25 164 0.884
4 26 157 0.921
4 27 167 0.909
4 28 159 0.783
4 29 162 0.844
4 30 188 0.856
4 31 172 0.652
4 32 166 0.895
4 33 156 0.915
4 34 171 0.695
4 35 121 0.91
4 36 134 0.953
4 37 176 0.809
4 38 155 0.865
4 39 178 0.769
4 40 190 0.803
4 41 147 0.731
4 42 182 0.837
4 43 195 0.869
4 44 203 0.815
4 45 257 0.602
4 46 201 0.383
4 47 308 0.859
4 48 428 0.75
5 1 611 0.704
5 2 382 0.748
5 3 351 0.814
5 4 283 0.798
5 5 258 0.683
5 6 261 0.79
5 7 238 0.898
5 8 272 0.861
5 9 215 0.798
5 10 201 0.79
5 11 225 0.681
5 12 185 0.85
5 13 172 0.638
5 14 171 0.823
5 15 134 0.651
5 16 164 0.815
5 17 164 0.834
5 18 155 0.684
5 19 161 0.702
5 20 154 0.851
5 21 149 0.784
5 22 131 0.818
5 23 151 0.817
5 24 135 0.792
5 25 133 0.541
5 26 126 0.896
5 27 134 0.806
5 28 145 0.691
5 29 102 0.777
5 30 164 0.846
5 31 132 0.888
5 32 161 0.847
5 33 151 0.697
5 34 166 0.791
5 35 150 0.781
5 36 157 0.85
5 37 144 0.845
5 38 133 0.821
5 39 127 0.94
5 40 143 0.848
5 41 152 0.901
5 42 154 0.83
5 43 173 0.813
5 44 202 0.756
5 45 182 0.896
5 46 222 0.899
5 47 284 0.72
5 48 343 0.729
6 1 549 0.692
6 2 377 0.734
6 3 346 0.647
6 4 288 0.8
6 5 246 0.77
6 6 258 0.692
6 7 171 0.755
6 8 215 0.838
6 9 199 0.76
6 10 179 0.588
6 11 194 0.655
6 12 210 0.647
6 13 178 0.848
6 14 137 0.776
6 15 153 0.778
6 16 169 0.699
6 17 163 0.9
6 18 144 0.75
6 19 163 0.766
6 20 152 0.811
6 21 154 0.851
6 22 156 0.87
6 23 168 0.742
6 24 159 0.765
6 25 164 0.774
6 26 161 0.704
6 27 147 0.862
6 28 146 0.779
6 29 153 0.805
6 30 138 0.801
6 31 169 0.805
6 32 151 0.753
6 33 76 0.482
6 34 108 0.822
6 35 131 0.906
6 36 158 0.796
6 37 150 0.781
6 38 139 0.678
6 39 126 0.635
6 40 156 0.902
6 41 129 0.827
6 42 163 0.858
6 43 167 0.922
6 44 188 0.762
6 45 115 0.699
6 46 116 0.815
6 47 320 0.877
6 48 458 0.715
7 1 105 0.799
7 2 70 0.903
7 3 349 0.694
7 4 314 0.701
7 5 251 0.786
7 6 257 0.813
7 7 192 0.713
7 8 209 0.717
7 9 206 0.81
7 10 175 0.691
7 11 213 0.657
7 12 161 0.839
7 13 237 0.742
7 14 45 0.85
7 15 141 0.779
7 16 166 0.788
7 17 185 0.817
7 18 167 0.85
7 19 125 0.658
7 20 236 0.679
7 21 159 0.801
7 22 127 0.753
7 23 157 0.799
7 24 140 0.813
7 25 151 0.673
7 26 144 0.686
7 27 123 0.78
7 28 87 0.899
7 29 133 0.92
7 30 134 0.759
7 31 144 0.75
7 32 129 0.788
7 33 146 0.827
7 34 149 0.874
7 35 159 0.547
7 36 162 0.832
7 37 137 0.868
7 38 137 0.855
7 39 115 0.851
7 40 127 0.678
7 41 181 0.817
7 42 175 0.711
7 43 113 0.896
7 44 115 0.901
7 45 196 0.893
7 46 239 0.813
7 47 303 0.672
7 48 407 0.457
8 1 534 0.679
8 2 289 0.635
8 3 283 0.729
8 4 252 0.783
8 5 281 0.652
8 6 263 0.593
8 7 236 0.825
8 8 160 0.77
8 9 214 0.69
8 10 198 0.882
8 11 185 0.87
8 12 187 0.714
8 13 140 0.747
8 14 163 0.704
8 15 148 0.877
8 16 158 0.843
8 17 153 0.7
8 18 147 0.853
8 19 128 0.842
8 20 160 0.834
8 21 120 0.799
8 22 136 0.871
8 23 153 0.753
8 24 132 0.855
8 25 212 0.756
8 26 144 0.693
8 27 125 0.801
8 28 115 0.644
8 29 190 0.571
8 30 123 0.818
8 31 140 0.793
8 32 135 0.756
8 33 137 0.868
8 34 100 0.842
8 35 126 0.848
8 36 117 0.832
8 37 140 0.737
8 38 146 0.818
8 39 105 0.924
8 40 132 0.766
8 41 172 0.809
8 42 140 0.907
8 43 145 0.873
8 44 150 0.841
8 45 122 0.527
8 46 153 0.546
8 47 295 0.797
8 48 405 0.777
9 1 507 0.642
9 2 424 0.528
9 3 333 0.62
9 4 292 0.593
9 5 296 0.663
9 6 254 0.769
9 7 235 0.711
9 8 213 0.866
9 9 180 0.585
9 10 202 0.735
9 11 160 0.862
9 12 173 0.68
9 13 172 0.809
9 14 164 0.8
9 15 174 0.792
9 16 154 0.903
9 17 142 0.758
9 18 133 0.895
9 19 176 0.744
9 20 133 0.852
9 21 56 0.927
9 22 47 0.904
9 23 158 0.697
9 24 140 0.821
9 25 78 0.817
9 26 113 0.912
9 27 116 0.848
9 28 127 0.868
9 29 125 0.864
9 30 139 0.647
9 31 132 0.815
9 32 117 0.722
9 33 136 0.798
9 34 136 0.881
9 35 104 0.865
9 36 110 0.828
9 37 152 0.852
9 38 125 0.855
9 39 132 0.903
9 40 146 0.835
9 41 152 0.819
9 42 120 0.867
9 43 176 0.904
9 44 165 0.812
9 45 183 0.773
9 46 134 0.892
9 47 227 0.705
9 48 452 0.748
10 1 433 0.557
10 2 291 0.85
10 3 335 0.779
10 4 276 0.746
10 5 254 0.789
10 6 237 0.705
10 7 213 0.797
10 8 186 0.713
10 9 190 0.766
10 10 180 0.601
10 11 174 0.792
10 12 134 0.836
10 13 157 0.818
10 14 162 0.816
10 15 157 0.838
10 16 176 0.802
10 17 140 0.667
10 18 140 0.773
10 19 146 0.888
10 20 161 0.777
10 21 138 0.894
10 22 131 0.906
10 23 135 0.865
10 24 126 0.758
10 25 157 0.731
10 26 150 0.889
10 27 139 0.76
10 28 138 0.908
10 29 165 0.63
10 30 171 0.796
10 31 118 0.863
10 32 157 0.672
10 33 144 0.677
10 34 116 0.815
10 35 149 0.906
10 36 164 0.843
10 37 132 0.532
10 38 116 0.883
10 39 149 0.874
10 40 181 0.824
10 41 160 0.713
10 42 173 0.795
10 43 33 0.892
10 44 37 0.881
10 45 195 0.814
10 46 232 0.789
10 47 205 0.703
10 48 401 0.733
11 1 483 0.654
11 2 389 0.651
11 3 327 0.716
11 4 295 0.747
11 5 224 0.659
11 6 50 0.864
11 7 231 0.529
11 8 195 0.565
11 9 229 0.875
11 10 123 0.686
11 11 179 0.89
11 12 120 0.853
11 13 211 0.83
11 14 137 0.833
11 15 159 0.887
11 16 153 0.854
11 17 145 0.809
11 18 155 0.715
11 19 142 0.864
11 20 159 0.878
11 21 37 0.948
11 22 34 0.994
11 23 160 0.862
11 24 143 0.801
11 25 121 0.784
11 26 124 0.695
11 27 0 0.0
11 28 124 0.858
11 29 137 0.804
11 30 163 0.623
11 31 138 0.83
11 32 142 0.765
11 33 137 0.69
11 34 131 0.78
11 35 130 0.763
11 36 117 0.956
11 37 126 0.948
11 38 150 0.642
11 39 146 0.736
11 40 133 0.83
11 41 59 0.976
11 42 69 0.786
11 43 110 0.888
11 44 126 0.838
11 45 185 0.806
11 46 207 0.814
11 47 255 0.786
11 48 360 0.753
12 1 421 0.73
12 2 381 0.717
12 3 283 0.784
12 4 263 0.66
12 5 280 0.797
12 6 210 0.743
12 7 219 0.701
12 8 224 0.907
12 9 168 0.8
12 10 270 0.775
12 11 193 0.798
12 12 164 0.875
12 13 159 0.758
12 14 155 0.756
12 15 146 0.818
12 16 139 0.807
12 17 152 0.892
12 18 142 0.627
12 19 198 0.689
12 20 186 0.572
12 21 148 0.855
12 22 139 0.868
12 23 134 0.836
12 24 133 0.852
12 25 90 0.843
12 26 117 0.866
12 27 138 0.634
12 28 158 0.704
12 29 181 0.799
12 30 164 0.834
12 31 146 0.779
12 32 135 0.834
12 33 126 0.932
12 34 145 0.905
12 35 131 0.818
12 36 120 0.697
12 37 138 0.894
12 38 141 0.88
12 39 111 0.849
12 40 141 0.938
12 41 180 0.802
12 42 159 0.817
12 43 147 0.724
12 44 161 0.724
12 45 186 0.855
12 46 130 0.545
12 47 251 0.864
12 48 333 0.816
13 1 439 0.843
13 2 277 0.824
13 3 272 0.73
13 4 259 0.725
13 5 245 0.747
13 6 160 0.662
13 7 248 0.689
13 8 163 0.636
13 9 166 0.865
13 10 191 0.751
13 11 183 0.685
13 12 187 0.723
13 13 18 0.808
13 14 25 0.896
13 15 171 0.823
13 16 161 0.789
13 17 146 0.865
13 18 139 0.868
13 19 151 0.75
13 20 166 0.865
13 21 48 0.906
13 22 53 0.78
13 23 155 0.808
13 24 161 0.75
13 25 57 0.839
13 26 41 0.884
13 27 162 0.772
13 28 150 0.846
13 29 142 0.511
13 30 156 0.72
13 31 149 0.758
13 32 146 0.888
13 33 148 0.722
13 34 168 0.532
13 35 149 0.844
13 36 135 0.753
13 37 116 0.772
13 38 97 0.88
13 39 35 0.897
13 40 47 0.904
13 41 139 0.694
13 42 148 0.79
13 43 167 0.841
13 44 174 0.845
13 45 179 0.869
13 46 208 0.73
13 47 231 0.742
13 48 346 0.816
14 1 397 0.74
14 2 297 0.797
14 3 273 0.789
14 4 255 0.597
14 5 271 0.786
14 6 186 0.635
14 7 165 0.6
14 8 162 0.679
14 9 210 0.602
14 10 156 0.821
14 11 152 0.84
14 12 148 0.668
14 13 169 0.88
14 14 169 0.739
14 15 142 0.784
14 16 126 0.663
14 17 172 0.855
14 18 135 0.843
14 19 140 0.864
14 20 133 0.761
14 21 162 0.679
14 22 160 0.845
14 23 163 0.87
14 24 151 0.886
14 25 179 0.79
14 26 156 0.821
14 27 156 0.786
14 28 118 0.528
14 29 141 0.663
14 30 156 0.892
14 31 132 0.833
14 32 132 0.928
14 33 126 0.886
14 34 135 0.865
14 35 131 0.768
14 36 156 0.841
14 37 117 0.646
14 38 134 0.836
14 39 143 0.666
14 40 140 0.907
14 41 123 0.768
14 42 144 0.899
14 43 30 0.877
14 44 44 0.728
14 45 179 0.815
14 46 177 0.843
14 47 235 0.809
14 48 285 0.694
15 1 112 0.604
15 2 359 0.767
15 3 283 0.82
15 4 323 0.751
15 5 250 0.515
15 6 251 0.72
15 7 209 0.714
15 8 240 0.62
15 9 174 0.785
15 10 221 0.647
15 11 201 0.658
15 12 172 0.679
15 13 184 0.683
15 14 187 0.783
15 15 145 0.738
15 16 165 0.88
15 17 157 0.838
15 18 142 0.758
15 19 148 0.572
15 20 158 0.621
15 21 54 0.842
15 22 49 0.811
15 23 165 0.86
15 24 148 0.809
15 25 160 0.893
15 26 143 0.714
15 27 153 0.726
15 28 157 0.846
15 29 126 0.786
15 30 141 0.585
15 31 163 0.649
15 32 141 0.704
15 33 108 0.846
15 34 153 0.863
15 35 115 0.748
15 36 132 0.747
15 37 114 0.858
15 38 115 0.841
15 39 136 0.858
15 40 151 0.864
15 41 126 0.871
15 42 163 0.887
15 43 154 0.758
15 44 159 0.783
15 45 183 0.79
15 46 172 0.901
15 47 235 0.88
15 48 282 0.809
16 1 429 0.559
16 2 345 0.56
16 3 266 0.839
16 4 270 0.83
16 5 253 0.663
16 6 217 0.578
16 7 200 0.645
16 8 193 0.823
16 9 168 0.689
16 10 208 0.818
16 11 184 0.717
16 12 174 0.761
16 13 183 0.729
16 14 159 0.741
16 15 174 0.735
16 16 152 0.8
16 17 146 0.835
16 18 181 0.9
16 19 152 0.773
16 20 156 0.841
16 21 151 0.855
16 22 172 0.776
16 23 131 0.716
16 24 146 0.702
16 25 134 0.786
16 26 132 0.774
16 27 140 0.712
16 28 128 0.69
16 29 114 0.893
16 30 129 0.943
16 31 151 0.877
16 32 137 0.714
16 33 124 0.619
16 34 116 0.784
16 35 147 0.724
16 36 134 0.827
16 37 153 0.837
16 38 133 0.792
16 39 118 0.777
16 40 125 0.78
16 41 137 0.833
16 42 130 0.811
16 43 149 0.865
16 44 220 0.8
16 45 156 0.727
16 46 187 0.938
16 47 243 0.857
16 48 301 0.757
17 1 433 0.774
17 2 309 0.835
17 3 296 0.802
17 4 270 0.824
17 5 213 0.739
17 6 176 0.709
17 7 282 0.803
17 8 211 0.712
17 9 163 0.593
17 10 195 0.634
17 11 203 0.712
17 12 154 0.784
17 13 124 0.816
17 14 154 0.859
17 15 157 0.625
17 16 159 0.765
17 17 151 0.719
17 18 137 0.888
17 19 131 0.699
17 20 151 0.851
17 21 183 0.707
17 22 174 0.792
17 23 134 0.66
17 24 141 0.663
17 25 46 0.927
17 26 51 0.782
17 27 121 0.86
17 28 136 0.915
17 29 71 0.93
17 30 62 0.628
17 31 148 0.763
17 32 132 0.846
17 33 128 0.7
17 34 127 0.726
17 35 140 0.683
17 36 122 0.812
17 37 100 0.807
17 38 104 0.903
17 39 139 0.925
17 40 140 0.842
17 41 143 0.738
17 42 136 0.789
17 43 143 0.818
17 44 146 0.736
17 45 178 0.856
17 46 175 0.85
17 47 208 0.853
17 48 303 0.794
18 1 400 0.721
18 2 322 0.771
18 3 202 0.664
18 4 206 0.513
18 5 238 0.69
18 6 215 0.628
18 7 218 0.728
18 8 239 0.792
18 9 181 0.672
18 10 179 0.659
18 11 162 0.805
18 12 202 0.765
18 13 170 0.734
18 14 161 0.717
18 15 54 0.975
18 16 54 0.933
18 17 144 0.899
18 18 141 0.848
18 19 163 0.81
18 20 132 0.855
18 21 158 0.729
18 22 131 0.66
18 23 133 0.852
18 24 141 0.84
18 25 157 0.826
18 26 160 0.77
18 27 123 0.788
18 28 109 0.766
18 29 176 0.653
18 30 126 0.862
18 31 131 0.83
18 32 133 0.772
18 33 139 0.684
18 34 123 0.696
18 35 113 0.886
18 36 130 0.625
18 37 119 0.823
18 38 124 0.695
18 39 145 0.634
18 40 170 0.644
18 41 143 0.839
18 42 148 0.674
18 43 128 0.885
18 44 144 0.889
18 45 134 0.824
18 46 196 0.873
18 47 252 0.718
18 48 326 0.854
19 1 400 0.693
19 2 315 0.812
19 3 268 0.681
19 4 279 0.775
19 5 233 0.793
19 6 206 0.642
19 7 221 0.752
19 8 174 0.768
19 9 165 0.86
19 10 166 0.798
19 11 153 0.771
19 12 163 0.777
19 13 54 0.842
19 14 54 0.975
19 15 191 0.79
19 16 187 0.844
19 17 119 0.87
19 18 135 0.772
19 19 137 0.824
19 20 145 0.891
19 21 148 0.746
19 22 141 0.89
19 23 163 0.821
19 24 149 0.815
19 25 165 0.671
19 26 118 0.829
19 27 124 0.727
19 28 126 0.696
19 29 125 0.903
19 30 144 0.656
19 31 136 0.831
19 32 153 0.808
19 33 126 0.82
19 34 135 0.804
19 35 132 0.786
19 36 91 0.892
19 37 102 0.886
19 38 108 0.73
19 39 129 0.917
19 40 141 0.904
19 41 21 0.802
19 42 59 0.92
19 43 129 0.818
19 44 132 0.878
19 45 166 0.739
19 46 175 0.756
19 47 231 0.824
19 48 317 0.79
20 1 342 0.852
20 2 299 0.783
20 3 304 0.723
20 4 274 0.794
20 5 274 0.874
20 6 18 0.734
20 7 202 0.759
20 8 200 0.64
20 9 153 0.675
20 10 185 0.637
20 11 164 0.733
20 12 168 0.775
20 13 169 0.813
20 14 190 0.446
20 15 168 0.65
20 16 182 0.67
20 17 136 0.77
20 18 177 0.633
20 19 146 0.81
20 20 154 0.751
20 21 157 0.53
20 22 127 0.836
20 23 140 0.942
20 24 130 0.869
20 25 136 0.831
20 26 124 0.882
20 27 129 0.672
20 28 158 0.843
20 29 118 0.74
20 30 127 0.793
20 31 129 0.882
20 32 138 0.884
20 33 123 0.855
20 34 143 0.839
20 35 132 0.815
20 36 151 0.71
20 37 154 0.881
20 38 148 0.809
20 39 138 0.629
20 40 137 0.824
20 41 145 0.801
20 42 127 0.764
20 43 139 0.742
20 44 150 0.8
20 45 151 0.703
20 46 164 0.834
20 47 202 0.794
20 48 333 0.805
21 1 420 0.779
21 2 275 0.797
21 3 307 0.83
21 4 267 0.794
21 5 234 0.821
21 6 227 0.631
21 7 234 0.65
21 8 236 0.741
21 9 163 0.784
21 10 159 0.607
21 11 192 0.713
21 12 166 0.556
21 13 187 0.825
21 14 169 0.86
21 15 127 0.855
21 16 153 0.816
21 17 101 0.672
21 18 124 0.727
21 19 155 0.887
21 20 148 0.753
21 21 130 0.875
21 22 146 0.897
21 23 125 0.772
21 24 142 0.765
21 25 139 0.891
21 26 138 0.744
21 27 143 0.883
21 28 139 0.845
21 29 136 0.719
21 30 109 0.717
21 31 116 0.883
21 32 107 0.678
21 33 143 0.763
21 34 144 0.824
21 35 155 0.763
21 36 144 0.845
21 37 113 0.724
21 38 85 0.903
21 39 143 0.81
21 40 125 0.855
21 41 151 0.814
21 42 127 0.893
21 43 139 0.877
21 44 172 0.801
21 45 186 0.786
21 46 213 0.775
21 47 232 0.821
21 48 328 0.831
22 1 308 0.768
22 2 326 0.837
22 3 322 0.635
22 4 278 0.833
22 5 235 0.758
22 6 222 0.703
22 7 217 0.871
22 8 154 0.68
22 9 246 0.507
22 10 246 0.599
22 11 186 0.725
22 12 166 0.882
22 13 182 0.829
22 14 153 0.729
22 15 129 0.73
22 16 159 0.857
22 17 149 0.688
22 18 146 0.835
22 19 147 0.841
22 20 140 0.883
22 21 134 0.579
22 22 149 0.679
22 23 136 0.639
22 24 145 0.738
22 25 129 0.73
22 26 129 0.84
22 27 125 0.7
22 28 109 0.788
22 29 127 0.685
22 30 124 0.825
22 31 128 0.778
22 32 133 0.6
22 33 128 0.77
22 34 121 0.775
22 35 136 0.84
22 36 128 0.808
22 37 136 0.905
22 38 121 0.767
22 39 127 0.868
22 40 151 0.787
22 41 182 0.856
22 42 129 0.858
22 43 156 0.832
22 44 137 0.892
22 45 142 0.804
22 46 200 0.81
22 47 251 0.78
22 48 395 0.594
23 1 457 0.481
23 2 331 0.77
23 3 321 0.868
23 4 277 0.824
23 5 249 0.541
23 6 245 0.686
23 7 235 0.776
23 8 206 0.587
23 9 194 0.864
23 10 164 0.724
23 11 186 0.549
23 12 156 0.579
23 13 125 0.823
23 14 146 0.689
23 15 129 0.845
23 16 173 0.795
23 17 158 0.864
23 18 147 0.812
23 19 149 0.844
23 20 140 0.737
23 21 132 0.766
23 22 141 0.848
23 23 138 0.736
23 24 138 0.904
23 25 130 0.6
23 26 143 0.87
23 27 125 0.864
23 28 139 0.868
23 29 182 0.74
23 30 109 0.806
23 31 127 0.814
23 32 117 0.646
23 33 130 0.865
23 34 123 0.759
23 35 158 0.852
23 36 147 0.875
23 37 46 0.927
23 38 121 0.685
23 39 122 0.812
23 40 140 0.907
23 41 60 0.936
23 42 61 0.951
23 43 147 0.841
23 44 140 0.74
23 45 150 0.812
23 46 194 0.626
23 47 213 0.928
23 48 323 0.706
24 1 565 0.655
24 2 342 0.68
24 3 331 0.763
24 4 293 0.718
24 5 207 0.686
24 6 203 0.822
24 7 178 0.688
24 8 203 0.71
24 9 188 0.771
24 10 175 0.756
24 11 173 0.781
24 12 212 0.896
24 13 170 0.781
24 14 161 0.727
24 15 177 0.726
24 16 165 0.831
24 17 163 0.87
24 18 138 0.801
24 19 140 0.893
24 20 123 0.818
24 21 143 0.893
24 22 134 0.819
24 23 145 0.774
24 24 134 0.836
24 25 151 0.843
24 26 113 0.744
24 27 145 0.731
24 28 141 0.76
24 29 163 0.704
24 30 146 0.787
24 31 138 0.673
24 32 126 0.706
24 33 137 0.864
24 34 121 0.827
24 35 136 0.709
24 36 130 0.791
24 37 129 0.805
24 38 180 0.65
24 39 131 0.797
24 40 133 0.862
24 41 151 0.886
24 42 139 0.858
24 43 117 0.846
24 44 152 0.755
24 45 177 0.843
24 46 215 0.929
24 47 247 0.864
24 48 337 0.705
25 1 515 0.577
25 2 381 0.66
25 3 265 0.768
25 4 305 0.668
25 5 231 0.817
25 6 234 0.755
25 7 204 0.713
25 8 237 0.77
25 9 181 0.672
25 10 142 0.765
25 11 165 0.889
25 12 161 0.75
25 13 164 0.667
25 14 170 0.774
25 15 187 0.808
25 16 184 0.703
25 17 148 0.79
25 18 152 0.792
25 19 144 0.824
25 20 147 0.862
25 21 142 0.653
25 22 155 0.878
25 23 158 0.843
25 24 169 0.693
25 25 146 0.806
25 26 150 0.867
25 27 144 0.899
25 28 151 0.743
25 29 148 0.859
25 30 135 0.812
25 31 122 0.794
25 32 150 0.763
25 33 145 0.838
25 34 142 0.758
25 35 134 0.845
25 36 149 0.624
25 37 140 0.83
25 38 138 0.679
25 39 147 0.685
25 40 152 0.869
25 41 131 0.839
25 42 155 0.756
25 43 141 0.89
25 44 134 0.806
25 45 183 0.86
25 46 228 0.864
25 47 266 0.75
25 48 351 0.875
26 1 548 0.678
26 2 381 0.359
26 3 299 0.685
26 4 283 0.724
26 5 285 0.522
26 6 237 0.806
26 7 195 0.842
26 8 188 0.698
26 9 192 0.749
26 10 208 0.722
26 11 165 0.657
26 12 182 0.704
26 13 159 0.765
26 14 173 0.52
26 15 189 0.713
26 16 154 0.83
26 17 152 0.758
26 18 166 0.704
26 19 168 0.808
26 20 146 0.719
26 21 146 0.779
26 22 123 0.748
26 23 152 0.692
26 24 149 0.685
26 25 143 0.711
26 26 151 0.855
26 27 143 0.839
26 28 144 0.75
26 29 81 0.674
26 30 116 0.898
26 31 161 0.868
26 32 151 0.719
26 33 147 0.824
26 34 116 0.716
26 35 129 0.601
26 36 164 0.687
26 37 141 0.694
26 38 137 0.795
26 39 137 0.707
26 40 140 0.747
26 41 124 0.746
26 42 114 0.948
26 43 142 0.765
26 44 193 0.86
26 45 183 0.826
26 46 219 0.879
26 47 128 0.56
26 48 122 0.867
27 1 457 0.585
27 2 343 0.749
27 3 339 0.705
27 4 278 0.803
27 5 264 0.757
27 6 219 0.803
27 7 211 0.765
27 8 224 0.762
27 9 175 0.787
27 10 201 0.768
27 11 211 0.634
27 12 188 0.712
27 13 200 0.681
27 14 156 0.49
27 15 186 0.725
27 16 155 0.789
27 17 144 0.75
27 18 159 0.801
27 19 176 0.767
27 20 151 0.806
27 21 177 0.86
27 22 149 0.856
27 23 154 0.787
27 24 155 0.796
27 25 155 0.77
27 26 157 0.799
27 27 125 0.577
27 28 167 0.581
27 29 142 0.722
27 30 167 0.744
27 31 169 0.795
27 32 162 0.772
27 33 151 0.697
27 34 152 0.731
27 35 122 0.782
27 36 160 0.706
27 37 132 0.855
27 38 134 0.892
27 39 145 0.682
27 40 137 0.864
27 41 147 0.758
27 42 136 0.827
27 43 151 0.798
27 44 137 0.833
27 45 180 0.688
27 46 218 0.883
27 47 299 0.886
27 48 298 0.861
28 1 475 0.608
28 2 398 0.694
28 3 331 0.588
28 4 334 0.574
28 5 271 0.547
28 6 218 0.742
28 7 229 0.84
28 8 204 0.844
28 9 195 0.664
28 10 151 0.768
28 11 209 0.76
28 12 204 0.653
28 13 222 0.848
28 14 247 0.334
28 15 201 0.79
28 16 195 0.8
28 17 166 0.766
28 18 201 0.85
28 19 191 0.859
28 20 181 0.843
28 21 173 0.689
28 22 155 0.827
28 23 170 0.697
28 24 173 0.848
28 25 172 0.816
28 26 180 0.777
28 27 155 0.808
28 28 153 0.797
28 29 185 0.743
28 30 152 0.701
28 31 121 0.805
28 32 161 0.792
28 33 171 0.739
28 34 122 0.645
28 35 145 0.851
28 36 143 0.902
28 37 175 0.663
28 38 136 0.881
28 39 150 0.793
28 40 148 0.746
28 41 178 0.762
28 42 143 0.83
28 43 165 0.911
28 44 165 0.86
28 45 176 0.809
28 46 242 0.778
28 47 249 0.895
28 48 355 0.831
29 1 303 0.7
29 2 271 0.756
29 3 359 0.714
29 4 211 0.837
29 5 288 0.806
29 6 248 0.765
29 7 273 0.665
29 8 258 0.781
29 9 200 0.708
29 10 264 0.601
29 11 222 0.848
29 12 251 0.794
29 13 177 0.699
29 14 186 0.818
29 15 194 0.75
29 16 211 0.865
29 17 199 0.69
29 18 199 0.799
29 19 193 0.801
29 20 165 0.812
29 21 175 0.78
29 22 199 0.776
29 23 159 0.869
29 24 181 0.824
29 25 175 0.861
29 26 180 0.866
29 27 169 0.633
29 28 175 0.733
29 29 212 0.877
29 30 210 0.802
29 31 219 0.754
29 32 212 0.684
29 33 166 0.766
29 34 159 0.837
29 35 161 0.711
29 36 184 0.857
29 37 164 0.771
29 38 158 0.743
29 39 168 0.808
29 40 174 0.707
29 41 189 0.889
29 42 177 0.871
29 43 185 0.817
29 44 197 0.859
29 45 208 0.795
29 46 244 0.799
29 47 56 0.792
29 48 50 0.827
30 1 424 0.681
30 2 450 0.731
30 3 381 0.845
30 4 355 0.673
30 5 327 0.578
30 6 311 0.719
30 7 288 0.806
30 8 283 0.669
30 9 295 0.725
30 10 285 0.869
30 11 273 0.827
30 12 203 0.858
30 13 316 0.801
30 14 256 0.895
30 15 281 0.835
30 16 236 0.825
30 17 229 0.864
30 18 236 0.842
30 19 220 0.8
30 20 223 0.835
30 21 205 0.799
30 22 214 0.811
30 23 133 0.885
30 24 201 0.857
30 25 240 0.74
30 26 211 0.686
30 27 219 0.79
30 28 215 0.917
30 29 110 0.938
30 30 112 0.915
30 31 213 0.845
30 32 234 0.708
30 33 222 0.808
30 34 211 0.9
30 35 202 0.75
30 36 194 0.741
30 37 224 0.786
30 38 202 0.861
30 39 201 0.814
30 40 207 0.849
30 41 183 0.767
30 42 212 0.75
30 43 131 0.839
30 44 207 0.814
30 45 194 0.838
30 46 218 0.857
30 47 221 0.887
30 48 337 0.789
31 1 425 0.501
31 2 515 0.561
31 3 463 0.746
31 4 409 0.752
31 5 392 0.796
31 6 385 0.794
31 7 314 0.849
31 8 340 0.853
31 9 369 0.719
31 10 341 0.879
31 11 318 0.774
31 12 369 0.734
31 13 63 0.771
31 14 78 0.829
31 15 292 0.811
31 16 279 0.795
31 17 308 0.644
31 18 322 0.792
31 19 278 0.87
31 20 261 0.796
31 21 274 0.851
31 22 261 0.805
31 23 255 0.829
31 24 300 0.813
31 25 254 0.832
31 26 275 0.797
31 27 254 0.804
31 28 304 0.818
31 29 248 0.745
31 30 258 0.845
31 31 228 0.673
31 32 273 0.839
31 33 198 0.882
31 34 262 0.836
31 35 250 0.858
31 36 264 0.836
31 37 278 0.784
31 38 267 0.852
31 39 253 0.854
31 40 170 0.873
31 41 227 0.826
31 42 275 0.884
31 43 264 0.849
31 44 172 0.809
31 45 255 0.829
31 46 366 0.883
31 47 324 0.861
31 48 325 0.885
32 1 612 0.527
32 2 586 0.563
32 3 547 0.665
32 4 493 0.574
32 5 471 0.556
32 6 517 0.681
32 7 469 0.629
32 8 554 0.693
32 9 456 0.708
32 10 427 0.618
32 11 426 0.799
32 12 343 0.773
32 13 283 0.717
32 14 327 0.641
32 15 285 0.854
32 16 330 0.712
32 17 487 0.815
32 18 277 0.775
32 19 346 0.821
32 20 308 0.805
32 21 380 0.74
32 22 289 0.641
32 23 314 0.801
32 24 313 0.717
32 25 283 0.76
32 26 334 0.741
32 27 311 0.835
32 28 278 0.87
32 29 257 0.82
32 30 406 0.855
32 31 270 0.858
32 32 361 0.76
32 33 318 0.806
32 34 302 0.778
32 35 259 0.888
32 36 354 0.834
32 37 261 0.895
32 38 392 0.864
32 39 356 0.859
32 40 264 0.881
32 41 254 0.888
32 42 381 0.79
32 43 247 0.825
32 44 412 0.867
32 45 446 0.861
32 46 381 0.845
32 47 293 0.834
32 48 355 0.8
