row  column  size-1  circ-1
1 1 440 0.832
1 2 388 0.842
1 3 385 0.766
1 4 538 0.66
1 5 328 0.781
1 6 354 0.775
1 7 386 0.803
1 8 366 0.825
1 9 333 0.729
1 10 366 0.807
1 11 329 0.753
1 12 345 0.826
1 13 260 0.868
1 14 124 0.907
1 15 328 0.839
1 16 325 0.864
1 17 267 0.794
1 18 259 0.732
1 19 295 0.861
1 20 308 0.793
1 21 311 0.723
1 22 304 0.866
1 23 319 0.808
1 24 299 0.843
1 25 311 0.855
1 26 301 0.789
1 27 307 0.77
1 28 324 0.646
1 29 245 0.761
1 30 312 0.873
1 31 295 0.805
1 32 266 0.864
1 33 313 0.84
1 34 356 0.785
1 35 41 0.948
1 36 307 0.824
1 37 316 0.828
1 38 297 0.852
1 39 292 0.875
1 40 296 0.814
1 41 305 0.891
1 42 300 0.817
1 43 371 0.869
1 44 466 0.737
1 45 334 0.838
1 46 489 0.769
1 47 547 0.655
1 48 560 0.826
2 1 333 0.838
2 2 320 0.824
2 3 282 0.845
2 4 304 0.851
2 5 291 0.888
2 6 279 0.815
2 7 238 0.81
2 8 264 0.746
2 9 267 0.845
2 10 246 0.75
2 11 240 0.856
2 12 279 0.666
2 13 267 0.808
2 14 273 0.791
2 15 262 0.698
2 16 301 0.705
2 17 241 0.798
2 18 256 0.711
2 19 283 0.747
2 20 219 0.766
2 21 242 0.786
2 22 244 0.863
2 23 228 0.846
2 24 232 0.734
2 25 234 0.721
2 26 215 0.602
2 27 238 0.773
2 28 196 0.893
2 29 245 0.71
2 30 233 0.865
2 31 230 0.756
2 32 211 0.707
2 33 167 0.761
2 34 211 0.865
2 35 234 0.769
2 36 250 0.874
2 37 232 0.783
2 38 318 0.839
2 39 228 0.741
2 40 303 0.783
2 41 291 0.795
2 42 255 0.813
2 43 272 0.794
2 44 298 0.855
2 45 328 0.662
2 46 325 0.852
2 47 411 0.638
2 48 493 0.889
3 1 346 0.768
3 2 292 0.789
3 3 290 0.76
3 4 260 0.845
3 5 231 0.795
3 6 207 0.724
3 7 216 0.86
3 8 200 0.899
3 9 156 0.758
3 10 232 0.861
3 11 201 0.761
3 12 218 0.84
3 13 18 0.895
3 14 0 0.0
3 15 200 0.742
3 16 222 0.546
3 17 200 0.813
3 18 191 0.616
3 19 223 0.835
3 20 193 0.768
3 21 174 0.894
3 22 198 0.779
3 23 191 0.776
3 24 200 0.827
3 25 190 0.779
3 26 182 0.762
3 27 184 0.697
3 28 201 0.777
3 29 190 0.741
3 30 179 0.834
3 31 188 0.856
3 32 200 0.767
3 33 190 0.893
3 34 196 0.828
3 35 146 0.787
3 36 118 0.807
3 37 215 0.754
3 38 186 0.756
3 39 177 0.824
3 40 209 0.692
3 41 186 0.847
3 42 192 0.749
3 43 240 0.856
3 44 207 0.807
3 45 248 0.689
3 46 282 0.631
3 47 325 0.81
3 48 400 0.709
4 1 406 0.696
4 2 332 0.808
4 3 273 0.71
4 4 287 0.479
4 5 219 0.781
4 6 203 0.801
4 7 220 0.696
4 8 212 0.896
4 9 195 0.8
4 10 202 0.828
4 11 178 0.709
4 12 219 0.624
4 13 201 0.876
4 14 219 0.83
4 15 172 0.783
4 16 167 0.62
4 17 184 0.748
4 18 191 0.859
4 19 142 0.699
4 20 165 0.804
4 21 156 0.805
4 22 170 0.734
4 23 177 0.88
4 24 171 0.879
4 25 135 0.792
4 26 160 0.871
4 27 165 0.889
4 28 153 0.789
4 29 148 0.798
4 30 147 0.862
4 31 155 0.756
4 32 155 0.678
4 33 174 0.81
4 34 158 0.815
4 35 180 0.729
4 36 167 0.85
4 37 186 0.895
4 38 180 0.895
4 39 144 0.867
4 40 135 0.875
4 41 167 0.778
4 42 151 0.826
4 43 208 0.795
4 44 186 0.803
4 45 240 0.823
4 46 263 0.782
4 47 295 0.695
4 48 462 0.779
5 1 420 0.65
5 2 354 0.607
5 3 300 0.698
5 4 250 0.835
5 5 202 0.88
5 6 204 0.764
5 7 191 0.681
5 8 188 0.856
5 9 192 0.699
5 10 172 0.699
5 11 178 0.876
5 12 196 0.734
5 13 162 0.852
5 14 166 0.733
5 15 165 0.597
5 16 203 0.85
5 17 148 0.934
5 18 185 0.85
5 19 159 0.696
5 20 159 0.878
5 21 160 0.706
5 22 139 0.836
5 23 141 0.88
5 24 157 0.715
5 25 148 0.809
5 26 156 0.786
5 27 167 0.7
5 28 138 0.822
5 29 125 0.596
5 30 152 0.803
5 31 171 0.789
5 32 135 0.738
5 33 163 0.841
5 34 147 0.7
5 35 176 0.82
5 36 160 0.884
5 37 160 0.871
5 38 156 0.892
5 39 134 0.859
5 40 162 0.805
5 41 162 0.824
5 42 163 0.829
5 43 223 0.838
5 44 174 0.81
5 45 178 0.779
5 46 258 0.817
5 47 315 0.566
5 48 458 0.783
6 1 411 0.435
6 2 293 0.76
6 3 259 0.811
6 4 265 0.839
6 5 221 0.746
6 6 217 0.917
6 7 204 0.713
6 8 183 0.783
6 9 175 0.797
6 10 178 0.837
6 11 163 0.752
6 12 178 0.709
6 13 188 0.837
6 14 181 0.714
6 15 167 0.862
6 16 165 0.761
6 17 145 0.809
6 18 159 0.633
6 19 123 0.722
6 20 159 0.734
6 21 118 0.785
6 22 157 0.709
6 23 145 0.648
6 24 138 0.573
6 25 151 0.834
6 26 146 0.743
6 27 157 0.741
6 28 148 0.628
6 29 127 0.756
6 30 142 0.769
6 31 135 0.68
6 32 135 0.703
6 33 140 0.813
6 34 142 0.765
6 35 165 0.889
6 36 155 0.789
6 37 139 0.7
6 38 160 0.884
6 39 199 0.776
6 40 126 0.921
6 41 154 0.717
6 42 138 0.585
6 43 188 0.83
6 44 163 0.879
6 45 196 0.797
6 46 221 0.862
6 47 315 0.71
6 48 465 0.67
7 1 353 0.612
7 2 282 0.739
7 3 270 0.628
7 4 269 0.729
7 5 245 0.802
7 6 203 0.785
7 7 188 0.788
7 8 208 0.801
7 9 180 0.874
7 10 195 0.634
7 11 175 0.815
7 12 159 0.878
7 13 172 0.685
7 14 198 0.844
7 15 139 0.795
7 16 156 0.727
7 17 161 0.831
7 18 173 0.832
7 19 160 0.755
7 20 159 0.878
7 21 142 0.804
7 22 136 0.881
7 23 154 0.734
7 24 163 0.813
7 25 149 0.844
7 26 150 0.756
7 27 111 0.759
7 28 130 0.718
7 29 148 0.771
7 30 155 0.847
7 31 145 0.851
7 32 131 0.896
7 33 155 0.827
7 34 139 0.877
7 35 143 0.738
7 36 148 0.782
7 37 166 0.825
7 38 212 0.721
7 39 175 0.639
7 40 175 0.823
7 41 193 0.762
7 42 184 0.616
7 43 145 0.669
7 44 165 0.776
7 45 182 0.684
7 46 230 0.565
7 47 289 0.71
7 48 462 0.69
8 1 296 0.693
8 2 228 0.608
8 3 287 0.784
8 4 217 0.762
8 5 179 0.861
8 6 218 0.833
8 7 181 0.843
8 8 159 0.91
8 9 197 0.825
8 10 170 0.76
8 11 150 0.683
8 12 160 0.745
8 13 198 0.837
8 14 155 0.715
8 15 198 0.684
8 16 159 0.715
8 17 146 0.888
8 18 174 0.81
8 19 163 0.829
8 20 157 0.773
8 21 162 0.882
8 22 148 0.91
8 23 145 0.821
8 24 137 0.618
8 25 133 0.862
8 26 152 0.758
8 27 135 0.784
8 28 140 0.813
8 29 162 0.738
8 30 162 0.79
8 31 135 0.764
8 32 140 0.834
8 33 157 0.867
8 34 132 0.596
8 35 148 0.722
8 36 164 0.863
8 37 153 0.661
8 38 168 0.816
8 39 0 0.0
8 40 0 0.0
8 41 177 0.901
8 42 163 0.759
8 43 177 0.748
8 44 157 0.791
8 45 175 0.711
8 46 269 0.655
8 47 280 0.721
8 48 430 0.698
9 1 349 0.726
9 2 284 0.739
9 3 300 0.792
9 4 243 0.769
9 5 202 0.664
9 6 198 0.788
9 7 176 0.747
9 8 181 0.843
9 9 175 0.89
9 10 175 0.711
9 11 228 0.878
9 12 168 0.846
9 13 164 0.915
9 14 182 0.619
9 15 149 0.688
9 16 170 0.826
9 17 151 0.942
9 18 138 0.773
9 19 149 0.751
9 20 154 0.83
9 21 167 0.803
9 22 153 0.897
9 23 131 0.809
9 24 149 0.733
9 25 142 0.75
9 26 143 0.79
9 27 61 0.817
9 28 49 0.622
9 29 154 0.773
9 30 150 0.793
9 31 129 0.679
9 32 171 0.739
9 33 155 0.756
9 34 149 0.672
9 35 126 0.731
9 36 140 0.793
9 37 139 0.845
9 38 158 0.72
9 39 159 0.91
9 40 164 0.854
9 41 160 0.77
9 42 153 0.746
9 43 168 0.8
9 44 173 0.764
9 45 198 0.874
9 46 220 0.817
9 47 332 0.79
9 48 387 0.779
10 1 383 0.53
10 2 272 0.763
10 3 279 0.781
10 4 237 0.822
10 5 167 0.822
10 6 203 0.769
10 7 179 0.808
10 8 162 0.79
10 9 158 0.815
10 10 168 0.827
10 11 77 0.877
10 12 70 0.826
10 13 171 0.862
10 14 168 0.742
10 15 150 0.828
10 16 161 0.669
10 17 150 0.738
10 18 146 0.869
10 19 162 0.765
10 20 144 0.743
10 21 133 0.821
10 22 147 0.804
10 23 130 0.791
10 24 127 0.619
10 25 148 0.728
10 26 140 0.842
10 27 152 0.784
10 28 147 0.777
10 29 173 0.533
10 30 125 0.708
10 31 150 0.828
10 32 141 0.779
10 33 164 0.854
10 34 145 0.755
10 35 143 0.782
10 36 175 0.815
10 37 158 0.873
10 38 140 0.851
10 39 123 0.6
10 40 126 0.848
10 41 158 0.904
10 42 152 0.773
10 43 179 0.834
10 44 201 0.74
10 45 160 0.806
10 46 248 0.806
10 47 346 0.758
10 48 454 0.733
11 1 352 0.653
11 2 296 0.834
11 3 289 0.643
11 4 247 0.79
11 5 216 0.697
11 6 197 0.768
11 7 164 0.74
11 8 208 0.757
11 9 173 0.806
11 10 183 0.88
11 11 184 0.906
11 12 188 0.788
11 13 119 0.746
11 14 161 0.808
11 15 160 0.915
11 16 140 0.765
11 17 166 0.766
11 18 156 0.72
11 19 192 0.704
11 20 166 0.742
11 21 139 0.858
11 22 156 0.727
11 23 172 0.816
11 24 169 0.84
11 25 187 0.833
11 26 114 0.723
11 27 151 0.717
11 28 143 0.839
11 29 164 0.764
11 30 134 0.836
11 31 155 0.781
11 32 176 0.707
11 33 140 0.785
11 34 175 0.797
11 35 165 0.769
11 36 141 0.827
11 37 149 0.815
11 38 129 0.805
11 39 153 0.789
11 40 137 0.757
11 41 140 0.793
11 42 168 0.855
11 43 180 0.71
11 44 159 0.75
11 45 196 0.764
11 46 239 0.877
11 47 320 0.787
11 48 380 0.856
12 1 320 0.712
12 2 251 0.621
12 3 283 0.555
12 4 233 0.59
12 5 225 0.852
12 6 218 0.816
12 7 161 0.792
12 8 197 0.695
12 9 175 0.808
12 10 177 0.892
12 11 157 0.81
12 12 175 0.733
12 13 168 0.846
12 14 166 0.749
12 15 161 0.727
12 16 168 0.713
12 17 179 0.881
12 18 159 0.66
12 19 164 0.807
12 20 146 0.856
12 21 176 0.794
12 22 145 0.755
12 23 134 0.827
12 24 135 0.821
12 25 163 0.769
12 26 162 0.816
12 27 173 0.806
12 28 178 0.669
12 29 162 0.715
12 30 134 0.778
12 31 162 0.856
12 32 145 0.634
12 33 161 0.8
12 34 98 0.708
12 35 122 0.601
12 36 109 0.757
12 37 156 0.892
12 38 143 0.839
12 39 138 0.744
12 40 146 0.736
12 41 134 0.618
12 42 180 0.838
12 43 137 0.721
12 44 145 0.793
12 45 201 0.692
12 46 222 0.873
12 47 259 0.707
12 48 335 0.645
13 1 378 0.791
13 2 260 0.688
13 3 308 0.584
13 4 252 0.819
13 5 0 0.0
13 6 0 0.0
13 7 196 0.828
13 8 205 0.823
13 9 154 0.689
13 10 202 0.804
13 11 151 0.743
13 12 205 0.767
13 13 176 0.695
13 14 146 0.888
13 15 158 0.823
13 16 163 0.849
13 17 167 0.83
13 18 160 0.645
13 19 169 0.702
13 20 168 0.79
13 21 89 0.797
13 22 165 0.868
13 23 154 0.851
13 24 122 0.956
13 25 158 0.72
13 26 141 0.848
13 27 161 0.75
13 28 171 0.815
13 29 160 0.722
13 30 146 0.806
13 31 182 0.793
13 32 130 0.791
13 33 105 0.673
13 34 166 0.726
13 35 103 0.906
13 36 131 0.916
13 37 146 0.753
13 38 151 0.779
13 39 124 0.738
13 40 147 0.871
13 41 143 0.839
13 42 144 0.836
13 43 225 0.787
13 44 177 0.901
13 45 200 0.722
13 46 208 0.736
13 47 272 0.83
13 48 387 0.851
14 1 341 0.781
14 2 286 0.645
14 3 278 0.591
14 4 276 0.648
14 5 221 0.895
14 6 222 0.655
14 7 162 0.715
14 8 176 0.731
14 9 170 0.744
14 10 174 0.751
14 11 146 0.856
14 12 147 0.853
14 13 176 0.777
14 14 159 0.9
14 15 169 0.92
14 16 169 0.756
14 17 173 0.872
14 18 176 0.82
14 19 163 0.655
14 20 161 0.72
14 21 200 0.838
14 22 159 0.809
14 23 136 0.827
14 24 129 0.716
14 25 169 0.84
14 26 145 0.64
14 27 152 0.748
14 28 170 0.671
14 29 119 0.783
14 30 130 0.646
14 31 101 0.71
14 32 95 0.804
14 33 142 0.792
14 34 150 0.774
14 35 136 0.871
14 36 147 0.748
14 37 161 0.877
14 38 149 0.874
14 39 154 0.695
14 40 138 0.81
14 41 141 0.663
14 42 149 0.776
14 43 195 0.629
14 44 191 0.87
14 45 221 0.738
14 46 234 0.714
14 47 265 0.763
14 48 356 0.873
15 1 308 0.644
15 2 241 0.783
15 3 327 0.65
15 4 266 0.803
15 5 226 0.592
15 6 253 0.829
15 7 172 0.791
15 8 152 0.879
15 9 197 0.791
15 10 164 0.834
15 11 184 0.83
15 12 174 0.768
15 13 170 0.877
15 14 176 0.68
15 15 194 0.864
15 16 154 0.695
15 17 173 0.791
15 18 193 0.737
15 19 165 0.786
15 20 161 0.674
15 21 163 0.849
15 22 153 0.729
15 23 172 0.791
15 24 126 0.778
15 25 179 0.853
15 26 184 0.838
15 27 168 0.793
15 28 151 0.806
15 29 142 0.864
15 30 152 0.671
15 31 160 0.842
15 32 143 0.839
15 33 167 0.822
15 34 148 0.817
15 35 117 0.832
15 36 171 0.87
15 37 180 0.866
15 38 146 0.888
15 39 159 0.633
15 40 155 0.763
15 41 88 0.892
15 42 85 0.833
15 43 171 0.748
15 44 155 0.887
15 45 228 0.788
15 46 221 0.804
15 47 265 0.724
15 48 411 0.732
16 1 292 0.74
16 2 248 0.711
16 3 296 0.678
16 4 302 0.755
16 5 220 0.791
16 6 228 0.797
16 7 257 0.756
16 8 201 0.74
16 9 191 0.79
16 10 186 0.705
16 11 193 0.731
16 12 194 0.796
16 13 196 0.854
16 14 196 0.797
16 15 159 0.82
16 16 171 0.834
16 17 175 0.834
16 18 195 0.783
16 19 154 0.621
16 20 157 0.858
16 21 150 0.715
16 22 162 0.772
16 23 131 0.692
16 24 157 0.62
16 25 182 0.829
16 26 160 0.862
16 27 189 0.752
16 28 156 0.883
16 29 102 0.859
16 30 137 0.846
16 31 162 0.765
16 32 158 0.76
16 33 206 0.688
16 34 180 0.934
16 35 216 0.815
16 36 216 0.905
16 37 165 0.7
16 38 153 0.69
16 39 139 0.868
16 40 156 0.829
16 41 150 0.756
16 42 144 0.845
16 43 212 0.71
16 44 183 0.889
16 45 199 0.809
16 46 247 0.825
16 47 249 0.788
16 48 317 0.737
17 1 397 0.769
17 2 274 0.646
17 3 283 0.519
17 4 305 0.683
17 5 194 0.756
17 6 224 0.683
17 7 159 0.734
17 8 185 0.87
17 9 168 0.884
17 10 188 0.819
17 11 170 0.728
17 12 169 0.723
17 13 156 0.862
17 14 180 0.895
17 15 19 0.916
17 16 26 0.932
17 17 178 0.885
17 18 172 0.794
17 19 154 0.859
17 20 190 0.846
17 21 198 0.802
17 22 128 0.66
17 23 147 0.804
17 24 123 0.874
17 25 184 0.914
17 26 183 0.872
17 27 155 0.684
17 28 164 0.834
17 29 198 0.687
17 30 194 0.813
17 31 149 0.679
17 32 170 0.781
17 33 150 0.828
17 34 187 0.808
17 35 186 0.786
17 36 146 0.761
17 37 163 0.752
17 38 157 0.829
17 39 166 0.817
17 40 142 0.683
17 41 148 0.798
17 42 141 0.787
17 43 146 0.743
17 44 182 0.811
17 45 191 0.807
17 46 220 0.891
17 47 233 0.838
17 48 388 0.719
18 1 382 0.628
18 2 264 0.779
18 3 333 0.678
18 4 297 0.583
18 5 223 0.63
18 6 261 0.776
18 7 241 0.749
18 8 205 0.692
18 9 203 0.85
18 10 168 0.827
18 11 183 0.783
18 12 171 0.755
18 13 153 0.771
18 14 197 0.808
18 15 184 0.805
18 16 180 0.846
18 17 163 0.87
18 18 161 0.889
18 19 151 0.909
18 20 155 0.865
18 21 141 0.779
18 22 177 0.781
18 23 144 0.776
18 24 132 0.846
18 25 163 0.749
18 26 157 0.725
18 27 173 0.663
18 28 210 0.877
18 29 164 0.807
18 30 154 0.765
18 31 192 0.707
18 32 146 0.888
18 33 167 0.737
18 34 165 0.848
18 35 213 0.823
18 36 181 0.879
18 37 181 0.714
18 38 146 0.761
18 39 148 0.771
18 40 143 0.86
18 41 156 0.853
18 42 154 0.686
18 43 174 0.761
18 44 185 0.799
18 45 217 0.711
18 46 234 0.818
18 47 269 0.814
18 48 355 0.658
19 1 351 0.593
19 2 302 0.831
19 3 306 0.675
19 4 311 0.74
19 5 0 0.0
19 6 0 0.0
19 7 41 0.696
19 8 19 -1.0
19 9 249 0.675
19 10 192 0.781
19 11 208 0.73
19 12 173 0.91
19 13 186 0.747
19 14 186 0.839
19 15 174 0.837
19 16 203 0.718
19 17 160 0.788
19 18 167 0.83
19 19 177 0.799
19 20 157 0.867
19 21 179 0.713
19 22 214 0.742
19 23 171 0.842
19 24 192 0.687
19 25 167 0.785
19 26 136 0.692
19 27 198 0.735
19 28 170 0.799
19 29 117 0.61
19 30 218 0.84
19 31 113 0.923
19 32 173 0.771
19 33 195 0.842
19 34 171 0.723
19 35 180 0.795
19 36 195 0.869
19 37 161 0.868
19 38 180 0.874
19 39 148 0.705
19 40 149 0.758
19 41 139 0.768
19 42 144 0.815
19 43 170 0.894
19 44 167 0.811
19 45 197 0.906
19 46 235 0.8
19 47 276 0.815
19 48 345 0.696
20 1 452 0.684
20 2 329 0.575
20 3 332 0.499
20 4 265 0.794
20 5 282 0.693
20 6 265 0.718
20 7 179 0.604
20 8 197 0.737
20 9 194 0.864
20 10 193 0.816
20 11 150 0.82
20 12 225 0.657
20 13 171 0.834
20 14 183 0.808
20 15 149 0.852
20 16 155 0.909
20 17 193 0.683
20 18 169 0.889
20 19 185 0.566
20 20 166 0.865
20 21 171 0.755
20 22 180 0.679
20 23 153 0.897
20 24 183 0.729
20 25 167 0.862
20 26 158 0.835
20 27 147 0.824
20 28 163 0.742
20 29 141 0.848
20 30 114 0.824
20 31 168 0.835
20 32 209 0.754
20 33 188 0.778
20 34 196 0.764
20 35 118 0.756
20 36 200 0.803
20 37 221 0.738
20 38 169 0.911
20 39 159 0.765
20 40 169 0.693
20 41 151 0.864
20 42 154 0.794
20 43 179 0.704
20 44 190 0.803
20 45 183 0.722
20 46 212 0.741
20 47 242 0.801
20 48 264 0.777
21 1 351 0.592
21 2 429 0.497
21 3 354 0.47
21 4 324 0.454
21 5 291 0.551
21 6 223 0.845
21 7 227 0.772
21 8 225 0.699
21 9 216 0.902
21 10 191 0.8
21 11 195 0.817
21 12 259 0.79
21 13 170 0.939
21 14 184 0.739
21 15 189 0.775
21 16 174 0.699
21 17 182 0.681
21 18 178 0.786
21 19 178 0.746
21 20 175 0.804
21 21 169 0.696
21 22 171 0.642
21 23 170 0.75
21 24 100 0.784
21 25 193 0.688
21 26 183 0.852
21 27 183 0.679
21 28 170 0.75
21 29 176 0.76
21 30 201 0.895
21 31 188 0.58
21 32 176 0.709
21 33 186 0.811
21 34 191 0.818
21 35 122 0.674
21 36 186 0.756
21 37 0 0.0
21 38 28 0.943
21 39 172 0.783
21 40 143 0.666
21 41 148 0.753
21 42 216 0.764
21 43 170 0.837
21 44 173 0.86
21 45 207 0.791
21 46 213 0.797
21 47 162 0.797
21 48 237 0.838
22 1 454 0.603
22 2 408 0.451
22 3 413 0.405
22 4 313 0.799
22 5 260 0.823
22 6 218 0.742
22 7 217 0.662
22 8 203 0.805
22 9 195 0.842
22 10 194 0.779
22 11 213 0.492
22 12 198 0.744
22 13 202 0.75
22 14 161 0.819
22 15 175 0.663
22 16 184 0.755
22 17 183 0.773
22 18 171 0.891
22 19 170 0.837
22 20 179 0.79
22 21 207 0.791
22 22 173 0.824
22 23 180 0.866
22 24 171 0.796
22 25 189 0.731
22 26 192 0.619
22 27 186 0.847
22 28 142 0.655
22 29 186 0.829
22 30 181 0.686
22 31 187 0.774
22 32 200 0.758
22 33 187 0.714
22 34 139 0.597
22 35 192 0.733
22 36 129 0.849
22 37 181 0.712
22 38 160 0.755
22 39 152 0.766
22 40 164 0.645
22 41 179 0.808
22 42 177 0.824
22 43 205 0.719
22 44 186 0.658
22 45 209 0.617
22 46 225 0.718
22 47 335 0.493
22 48 336 0.813
23 1 334 0.582
23 2 410 0.388
23 3 346 0.544
23 4 315 0.502
23 5 286 0.779
23 6 272 0.743
23 7 247 0.679
23 8 190 0.865
23 9 224 0.678
23 10 239 0.751
23 11 205 0.661
23 12 178 0.829
23 13 235 0.778
23 14 166 0.825
23 15 190 0.85
23 16 187 0.708
23 17 153 0.837
23 18 200 0.688
23 19 206 0.635
23 20 180 0.838
23 21 129 0.738
23 22 201 0.86
23 23 173 0.689
23 24 138 0.705
23 25 165 0.722
23 26 174 0.829
23 27 172 0.827
23 28 187 0.871
23 29 167 0.814
23 30 163 0.87
23 31 187 0.729
23 32 121 0.728
23 33 187 0.714
23 34 169 0.653
23 35 172 0.855
23 36 166 0.702
23 37 176 0.895
23 38 165 0.839
23 39 153 0.789
23 40 148 0.738
23 41 0 0.0
23 42 22 0.988
23 43 183 0.75
23 44 196 0.804
23 45 200 0.78
23 46 259 0.82
23 47 286 0.835
23 48 334 0.777
24 1 500 0.353
24 2 439 0.289
24 3 369 0.465
24 4 312 0.609
24 5 335 0.597
24 6 229 0.491
24 7 254 0.689
24 8 232 0.69
24 9 172 0.794
24 10 189 0.827
24 11 208 0.828
24 12 201 0.824
24 13 176 0.855
24 14 152 0.819
24 15 161 0.785
24 16 167 0.747
24 17 197 0.84
24 18 164 0.854
24 19 221 0.887
24 20 160 0.825
24 21 162 0.816
24 22 196 0.804
24 23 166 0.825
24 24 186 0.866
24 25 139 0.768
24 26 131 0.605
24 27 157 0.818
24 28 160 0.722
24 29 139 0.779
24 30 141 0.735
24 31 169 0.723
24 32 169 0.708
24 33 184 0.795
24 34 215 0.712
24 35 86 0.872
24 36 138 0.83
24 37 143 0.738
24 38 139 0.868
24 39 192 0.704
24 40 165 0.769
24 41 208 0.828
24 42 204 0.844
24 43 210 0.729
24 44 257 0.702
24 45 250 0.569
24 46 265 0.635
24 47 339 0.583
24 48 411 0.447
25 1 412 0.572
25 2 505 0.475
25 3 430 0.336
25 4 346 0.311
25 5 291 0.739
25 6 279 0.516
25 7 210 0.602
25 8 274 0.577
25 9 122 0.867
25 10 119 0.86
25 11 273 0.687
25 12 232 0.771
25 13 209 0.76
25 14 167 0.83
25 15 208 0.846
25 16 223 0.87
25 17 190 0.796
25 18 192 0.787
25 19 154 0.851
25 20 189 0.746
25 21 149 0.93
25 22 171 0.723
25 23 147 0.804
25 24 177 0.735
25 25 158 0.753
25 26 157 0.867
25 27 176 0.747
25 28 186 0.685
25 29 201 0.711
25 30 170 0.677
25 31 241 0.769
25 32 207 0.791
25 33 197 0.762
25 34 197 0.784
25 35 200 0.838
25 36 200 0.751
25 37 188 0.805
25 38 165 0.86
25 39 186 0.821
25 40 176 0.77
25 41 188 0.876
25 42 179 0.719
25 43 192 0.812
25 44 202 0.75
25 45 249 0.803
25 46 248 0.508
25 47 383 0.584
25 48 482 0.738
26 1 514 0.408
26 2 540 0.264
26 3 452 0.22
26 4 375 0.395
26 5 304 0.646
26 6 274 0.481
26 7 228 0.56
26 8 243 0.725
26 9 225 0.712
26 10 253 0.452
26 11 221 0.664
26 12 197 0.822
26 13 225 0.57
26 14 194 0.75
26 15 247 0.674
26 16 221 0.804
26 17 250 0.812
26 18 198 0.863
26 19 166 0.647
26 20 197 0.642
26 21 176 0.794
26 22 167 0.778
26 23 155 0.678
26 24 173 0.813
26 25 183 0.714
26 26 165 0.752
26 27 159 0.687
26 28 194 0.803
26 29 153 0.897
26 30 171 0.842
26 31 197 0.592
26 32 175 0.834
26 33 197 0.784
26 34 171 0.732
26 35 181 0.862
26 36 188 0.718
26 37 157 0.748
26 38 192 0.749
26 39 192 0.787
26 40 154 0.674
26 41 188 0.771
26 42 193 0.737
26 43 202 0.695
26 44 195 0.824
26 45 244 0.655
26 46 356 0.617
26 47 392 0.457
26 48 452 0.596
27 1 530 0.441
27 2 549 0.407
27 3 421 0.478
27 4 281 0.541
27 5 290 0.578
27 6 303 0.59
27 7 277 0.518
27 8 255 0.534
27 9 240 0.856
27 10 244 0.739
27 11 237 0.748
27 12 208 0.772
27 13 206 0.82
27 14 208 0.772
27 15 194 0.796
27 16 180 0.603
27 17 184 0.761
27 18 191 0.776
27 19 186 0.847
27 20 224 0.704
27 21 192 0.903
27 22 201 0.731
27 23 179 0.861
27 24 182 0.689
27 25 216 0.737
27 26 167 0.7
27 27 208 0.785
27 28 187 0.815
27 29 196 0.846
27 30 178 0.724
27 31 205 0.806
27 32 207 0.686
27 33 199 0.823
27 34 207 0.824
27 35 199 0.859
27 36 198 0.819
27 37 190 0.728
27 38 210 0.802
27 39 195 0.671
27 40 191 0.723
27 41 201 0.824
27 42 211 0.823
27 43 228 0.755
27 44 244 0.728
27 45 219 0.82
27 46 342 0.471
27 47 403 0.622
27 48 414 0.655
28 1 562 0.428
28 2 458 0.312
28 3 489 0.346
28 4 405 0.395
28 5 368 0.372
28 6 365 0.444
28 7 331 0.342
28 8 288 0.679
28 9 261 0.79
28 10 246 0.615
28 11 238 0.678
28 12 233 0.625
28 13 252 0.771
28 14 261 0.646
28 15 152 0.637
28 16 245 0.461
28 17 217 0.687
28 18 124 0.746
28 19 165 0.761
28 20 206 0.774
28 21 267 0.76
28 22 195 0.571
28 23 188 0.764
28 24 202 0.765
28 25 208 0.702
28 26 192 0.758
28 27 182 0.746
28 28 172 0.847
28 29 196 0.794
28 30 198 0.822
28 31 195 0.776
28 32 192 0.603
28 33 198 0.714
28 34 189 0.842
28 35 177 0.796
28 36 196 0.78
28 37 191 0.665
28 38 221 0.746
28 39 194 0.786
28 40 208 0.658
28 41 219 0.712
28 42 223 0.845
28 43 239 0.693
28 44 254 0.723
28 45 273 0.656
28 46 311 0.59
28 47 429 0.637
28 48 648 0.704
29 1 657 0.612
29 2 564 0.304
29 3 498 0.293
29 4 468 0.2
29 5 338 0.491
29 6 326 0.532
29 7 336 0.424
29 8 312 0.659
29 9 255 0.642
29 10 273 0.641
29 11 221 0.705
29 12 288 0.574
29 13 238 0.747
29 14 176 0.737
29 15 320 0.469
29 16 250 0.743
29 17 180 0.858
29 18 273 0.611
29 19 247 0.827
29 20 243 0.648
29 21 206 0.69
29 22 212 0.721
29 23 175 0.724
29 24 228 0.8
29 25 230 0.728
29 26 221 0.767
29 27 179 0.626
29 28 195 0.745
29 29 211 0.726
29 30 224 0.627
29 31 248 0.732
29 32 223 0.663
29 33 216 0.758
29 34 246 0.815
29 35 186 0.74
29 36 203 0.833
29 37 223 0.811
29 38 221 0.827
29 39 215 0.798
29 40 256 0.729
29 41 253 0.622
29 42 256 0.573
29 43 230 0.844
29 44 287 0.488
29 45 291 0.605
29 46 305 0.672
29 47 379 0.581
29 48 523 0.599
30 1 699 0.595
30 2 539 0.311
30 3 572 0.208
30 4 449 0.262
30 5 395 0.466
30 6 422 0.31
30 7 356 0.465
30 8 345 0.545
30 9 335 0.468
30 10 326 0.693
30 11 275 0.601
30 12 295 0.608
30 13 323 0.629
30 14 355 0.559
30 15 334 0.741
30 16 287 0.623
30 17 243 0.646
30 18 267 0.8
30 19 258 0.676
30 20 292 0.645
30 21 212 0.778
30 22 259 0.69
30 23 264 0.692
30 24 274 0.689
30 25 270 0.739
30 26 261 0.679
30 27 228 0.708
30 28 278 0.549
30 29 263 0.589
30 30 250 0.851
30 31 250 0.707
30 32 184 0.812
30 33 247 0.696
30 34 219 0.712
30 35 264 0.814
30 36 246 0.837
30 37 256 0.795
30 38 251 0.664
30 39 246 0.542
30 40 193 0.744
30 41 312 0.755
30 42 278 0.709
30 43 292 0.669
30 44 324 0.742
30 45 345 0.662
30 46 409 0.652
30 47 547 0.576
30 48 468 0.607
31 1 715 0.752
31 2 622 0.418
31 3 629 0.487
31 4 579 0.329
31 5 569 0.447
31 6 473 0.36
31 7 434 0.379
31 8 434 0.583
31 9 439 0.632
31 10 332 0.587
31 11 307 0.621
31 12 383 0.677
31 13 434 0.63
31 14 330 0.633
31 15 344 0.68
31 16 397 0.562
31 17 372 0.797
31 18 283 0.734
31 19 365 0.737
31 20 319 0.814
31 21 389 0.665
31 22 303 0.733
31 23 284 0.603
31 24 367 0.745
31 25 283 0.63
31 26 301 0.668
31 27 415 0.656
31 28 316 0.793
31 29 384 0.581
31 30 288 0.586
31 31 282 0.676
31 32 273 0.733
31 33 351 0.741
31 34 329 0.809
31 35 266 0.732
31 36 284 0.755
31 37 263 0.808
31 38 275 0.704
31 39 312 0.747
31 40 280 0.698
31 41 296 0.721
31 42 361 0.735
31 43 360 0.65
31 44 424 0.824
31 45 451 0.477
31 46 526 0.409
31 47 584 0.612
31 48 538 0.678
32 1 702 0.717
32 2 698 0.657
32 3 696 0.587
32 4 696 0.659
32 5 700 0.529
32 6 539 0.473
32 7 427 0.344
32 8 455 0.337
32 9 624 0.551
32 10 446 0.545
32 11 364 0.624
32 12 423 0.539
32 13 436 0.464
32 14 51 0.407
32 15 351 0.75
32 16 388 0.607
32 17 342 0.614
32 18 345 0.618
32 19 406 0.515
32 20 357 0.61
32 21 394 0.565
32 22 316 0.555
32 23 335 0.692
32 24 294 0.723
32 25 353 0.434
32 26 351 0.66
32 27 298 0.62
32 28 358 0.574
32 29 408 0.664
32 30 411 0.376
32 31 418 0.724
32 32 404 0.463
32 33 332 0.725
32 34 411 0.469
32 35 380 0.605
32 36 377 0.824
32 37 366 0.594
32 38 402 0.631
32 39 406 0.563
32 40 423 0.551
32 41 420 0.714
32 42 391 0.428
32 43 350 0.443
32 44 479 0.797
32 45 561 0.697
32 46 552 0.37
32 47 500 0.334
32 48 545 0.456
