row  column  size-1  circ-1
1 1 560 0.714
1 2 462 0.643
1 3 205 0.731
1 4 391 0.643
1 5 365 0.757
1 6 338 0.829
1 7 386 0.825
1 8 312 0.864
1 9 292 0.789
1 10 276 0.871
1 11 373 0.828
1 12 345 0.88
1 13 383 0.863
1 14 451 0.829
1 15 152 0.861
1 16 120 0.761
1 17 304 0.863
1 18 363 0.793
1 19 131 0.849
1 20 181 0.871
1 21 353 0.907
1 22 371 0.842
1 23 242 0.684
1 24 304 0.851
1 25 326 0.826
1 26 306 0.871
1 27 301 0.879
1 28 338 0.842
1 29 275 0.877
1 30 331 0.775
1 31 330 0.871
1 32 275 0.797
1 33 285 0.832
1 34 318 0.839
1 35 318 0.853
1 36 357 0.695
1 37 321 0.833
1 38 322 0.841
1 39 312 0.864
1 40 352 0.774
1 41 108 0.812
1 42 97 0.832
1 43 388 0.848
1 44 364 0.826
1 45 69 0.89
1 46 21 0.752
1 47 415 0.813
1 48 559 0.777
2 1 362 0.798
2 2 231 0.84
2 3 254 0.67
2 4 197 0.815
2 5 200 0.617
2 6 280 0.741
2 7 209 0.754
2 8 247 0.899
2 9 243 0.867
2 10 288 0.703
2 11 203 0.858
2 12 280 0.812
2 13 246 0.77
2 14 264 0.851
2 15 263 0.878
2 16 222 0.884
2 17 272 0.83
2 18 244 0.815
2 19 254 0.729
2 20 233 0.88
2 21 261 0.888
2 22 262 0.715
2 23 243 0.755
2 24 233 0.799
2 25 222 0.808
2 26 238 0.832
2 27 232 0.844
2 28 215 0.805
2 29 153 0.76
2 30 206 0.765
2 31 208 0.772
2 32 231 0.898
2 33 230 0.814
2 34 217 0.799
2 35 218 0.816
2 36 191 0.8
2 37 202 0.828
2 38 221 0.851
2 39 188 0.788
2 40 270 0.855
2 41 251 0.78
2 42 259 0.805
2 43 204 0.862
2 44 166 0.64
2 45 249 0.864
2 46 259 0.899
2 47 277 0.777
2 48 400 0.824
3 1 361 0.814
3 2 247 0.906
3 3 178 0.811
3 4 218 0.826
3 5 152 0.852
3 6 180 0.745
3 7 168 0.677
3 8 161 0.767
3 9 209 0.782
3 10 216 0.818
3 11 202 0.721
3 12 205 0.755
3 13 210 0.861
3 14 183 0.687
3 15 97 0.783
3 16 137 0.824
3 17 221 0.851
3 18 184 0.885
3 19 231 0.587
3 20 216 0.779
3 21 159 0.765
3 22 186 0.811
3 23 186 0.74
3 24 186 0.821
3 25 171 0.779
3 26 163 0.759
3 27 199 0.769
3 28 155 0.789
3 29 163 0.683
3 30 149 0.883
3 31 165 0.752
3 32 169 0.832
3 33 181 0.47
3 34 125 0.832
3 35 167 0.685
3 36 148 0.715
3 37 134 0.669
3 38 133 0.772
3 39 168 0.735
3 40 162 0.693
3 41 212 0.869
3 42 132 0.758
3 43 163 0.879
3 44 160 0.706
3 45 161 0.856
3 46 195 0.861
3 47 215 0.789
3 48 263 0.871
4 1 442 0.718
4 2 232 0.805
4 3 192 0.781
4 4 136 0.881
4 5 157 0.644
4 6 150 0.781
4 7 179 0.692
4 8 245 0.79
4 9 193 0.86
4 10 207 0.849
4 11 179 0.713
4 12 161 0.711
4 13 116 0.735
4 14 185 0.687
4 15 239 0.783
4 16 199 0.704
4 17 156 0.616
4 18 158 0.529
4 19 139 0.739
4 20 184 0.748
4 21 162 0.569
4 22 124 0.655
4 23 120 0.853
4 24 124 0.591
4 25 156 0.805
4 26 111 0.763
4 27 155 0.713
4 28 177 0.796
4 29 165 0.728
4 30 94 0.737
4 31 152 0.629
4 32 144 0.733
4 33 134 0.647
4 34 131 0.639
4 35 91 0.757
4 36 111 0.812
4 37 126 0.724
4 38 136 0.77
4 39 166 0.828
4 40 167 0.781
4 41 168 0.726
4 42 120 0.625
4 43 144 0.665
4 44 152 0.869
4 45 148 0.855
4 46 137 0.776
4 47 61 0.747
4 48 231 0.882
5 1 389 0.557
5 2 275 0.659
5 3 288 0.775
5 4 140 0.758
5 5 149 0.694
5 6 116 0.92
5 7 198 0.687
5 8 220 0.865
5 9 180 0.874
5 10 151 0.736
5 11 199 0.69
5 12 208 0.772
5 13 200 0.82
5 14 196 0.771
5 15 85 0.85
5 16 76 0.599
5 17 197 0.781
5 18 146 0.674
5 19 79 0.913
5 20 77 0.807
5 21 134 0.859
5 22 155 0.773
5 23 157 0.758
5 24 111 0.534
5 25 125 0.823
5 26 127 0.929
5 27 123 0.628
5 28 140 0.793
5 29 105 0.738
5 30 118 0.777
5 31 130 0.701
5 32 136 0.685
5 33 113 0.886
5 34 135 0.875
5 35 102 0.799
5 36 112 0.674
5 37 123 0.759
5 38 101 0.702
5 39 111 0.685
5 40 149 0.835
5 41 139 0.836
5 42 140 0.793
5 43 129 0.776
5 44 134 0.638
5 45 113 0.705
5 46 225 0.781
5 47 199 0.878
5 48 305 0.847
6 1 435 0.813
6 2 301 0.591
6 3 181 0.789
6 4 160 0.78
6 5 166 0.817
6 6 204 0.708
6 7 202 0.715
6 8 199 0.852
6 9 179 0.678
6 10 207 0.732
6 11 176 0.784
6 12 166 0.773
6 13 151 0.779
6 14 140 0.712
6 15 143 0.763
6 16 194 0.779
6 17 183 0.699
6 18 175 0.691
6 19 138 0.801
6 20 147 0.796
6 21 143 0.697
6 22 153 0.729
6 23 139 0.815
6 24 152 0.773
6 25 155 0.865
6 26 155 0.856
6 27 138 0.818
6 28 138 0.689
6 29 120 0.749
6 30 151 0.864
6 31 142 0.833
6 32 143 0.893
6 33 122 0.737
6 34 117 0.64
6 35 140 0.874
6 36 119 0.588
6 37 123 0.704
6 38 130 0.782
6 39 134 0.806
6 40 112 0.641
6 41 116 0.691
6 42 138 0.918
6 43 137 0.795
6 44 82 0.662
6 45 153 0.789
6 46 170 0.818
6 47 205 0.799
6 48 311 0.821
7 1 466 0.619
7 2 250 0.725
7 3 191 0.87
7 4 171 0.755
7 5 157 0.773
7 6 248 0.694
7 7 207 0.849
7 8 168 0.624
7 9 166 0.773
7 10 142 0.587
7 11 200 0.696
7 12 136 0.818
7 13 195 0.617
7 14 189 0.759
7 15 122 0.681
7 16 160 0.854
7 17 154 0.639
7 18 144 0.761
7 19 124 0.848
7 20 153 0.771
7 21 118 0.829
7 22 122 0.667
7 23 119 0.716
7 24 136 0.744
7 25 134 0.859
7 26 113 0.817
7 27 128 0.82
7 28 120 0.769
7 29 132 0.766
7 30 129 0.805
7 31 126 0.635
7 32 146 0.548
7 33 130 0.6
7 34 110 0.828
7 35 75 0.75
7 36 99 0.823
7 37 96 0.686
7 38 97 0.751
7 39 125 0.752
7 40 83 0.6
7 41 110 0.795
7 42 89 0.689
7 43 134 0.63
7 44 130 0.763
7 45 116 0.806
7 46 156 0.786
7 47 183 0.76
7 48 307 0.836
8 1 460 0.629
8 2 292 0.74
8 3 186 0.747
8 4 180 0.754
8 5 328 0.654
8 6 242 0.746
8 7 247 0.711
8 8 154 0.659
8 9 187 0.833
8 10 198 0.744
8 11 171 0.673
8 12 197 0.731
8 13 157 0.826
8 14 168 0.808
8 15 155 0.808
8 16 137 0.804
8 17 158 0.823
8 18 141 0.798
8 19 127 0.903
8 20 130 0.803
8 21 127 0.784
8 22 107 0.782
8 23 105 0.823
8 24 133 0.8
8 25 139 0.815
8 26 129 0.73
8 27 100 0.774
8 28 110 0.852
8 29 126 0.79
8 30 120 0.877
8 31 105 0.813
8 32 145 0.774
8 33 131 0.639
8 34 111 0.821
8 35 134 0.806
8 36 112 0.757
8 37 127 0.73
8 38 115 0.818
8 39 112 0.853
8 40 129 0.665
8 41 134 0.715
8 42 125 0.752
8 43 168 0.758
8 44 156 0.75
8 45 122 0.803
8 46 138 0.852
8 47 218 0.703
8 48 328 0.786
9 1 479 0.558
9 2 310 0.537
9 3 324 0.631
9 4 229 0.875
9 5 264 0.721
9 6 207 0.638
9 7 204 0.629
9 8 158 0.86
9 9 210 0.682
9 10 169 0.753
9 11 143 0.893
9 12 163 0.742
9 13 159 0.633
9 14 153 0.816
9 15 64 0.825
9 16 74 0.802
9 17 152 0.811
9 18 167 0.715
9 19 140 0.821
9 20 135 0.784
9 21 113 0.901
9 22 142 0.854
9 23 105 0.625
9 24 89 0.636
9 25 148 0.85
9 26 110 0.616
9 27 129 0.836
9 28 126 0.689
9 29 122 0.782
9 30 150 0.82
9 31 138 0.861
9 32 123 0.925
9 33 130 0.924
9 34 138 0.83
9 35 115 0.668
9 36 103 0.696
9 37 85 0.752
9 38 123 0.855
9 39 114 0.679
9 40 111 0.573
9 41 111 0.881
9 42 118 0.888
9 43 160 0.571
9 44 144 0.776
9 45 56 0.911
9 46 78 0.721
9 47 232 0.708
9 48 309 0.85
10 1 400 0.621
10 2 376 0.524
10 3 310 0.731
10 4 266 0.716
10 5 241 0.763
10 6 219 0.813
10 7 211 0.759
10 8 185 0.603
10 9 183 0.826
10 10 145 0.882
10 11 192 0.721
10 12 172 0.783
10 13 154 0.81
10 14 169 0.798
10 15 163 0.849
10 16 158 0.72
10 17 152 0.852
10 18 136 0.789
10 19 153 0.753
10 20 138 0.801
10 21 151 0.855
10 22 142 0.758
10 23 144 0.832
10 24 121 0.767
10 25 124 0.72
10 26 136 0.849
10 27 140 0.793
10 28 120 0.79
10 29 105 0.884
10 30 121 0.96
10 31 111 0.835
10 32 126 0.758
10 33 139 0.868
10 34 105 0.912
10 35 140 0.801
10 36 119 0.783
10 37 138 0.852
10 38 162 0.779
10 39 140 0.897
10 40 131 0.76
10 41 140 0.793
10 42 132 0.747
10 43 130 0.736
10 44 177 0.871
10 45 190 0.81
10 46 148 0.746
10 47 199 0.834
10 48 274 0.723
11 1 451 0.531
11 2 360 0.703
11 3 155 0.678
11 4 0 0.0
11 5 273 0.641
11 6 227 0.637
11 7 161 0.711
11 8 151 0.681
11 9 134 0.685
11 10 138 0.839
11 11 173 0.675
11 12 174 0.775
11 13 192 0.866
11 14 149 0.803
11 15 148 0.738
11 16 146 0.879
11 17 160 0.884
11 18 156 0.743
11 19 184 0.695
11 20 154 0.822
11 21 173 0.788
11 22 174 0.818
11 23 150 0.837
11 24 167 0.771
11 25 128 0.618
11 26 116 0.802
11 27 151 0.806
11 28 151 0.834
11 29 150 0.82
11 30 138 0.861
11 31 137 0.824
11 32 121 0.885
11 33 132 0.758
11 34 147 0.885
11 35 142 0.758
11 36 138 0.712
11 37 150 0.738
11 38 142 0.833
11 39 138 0.77
11 40 138 0.884
11 41 125 0.869
11 42 131 0.753
11 43 96 0.722
11 44 119 0.594
11 45 164 0.58
11 46 197 0.619
11 47 197 0.746
11 48 325 0.804
12 1 449 0.563
12 2 361 0.685
12 3 313 0.818
12 4 198 0.706
12 5 225 0.657
12 6 229 0.627
12 7 181 0.809
12 8 165 0.88
12 9 149 0.823
12 10 143 0.848
12 11 180 0.747
12 12 160 0.584
12 13 145 0.821
12 14 156 0.87
12 15 173 0.932
12 16 136 0.744
12 17 127 0.903
12 18 135 0.875
12 19 137 0.846
12 20 140 0.83
12 21 134 0.733
12 22 164 0.807
12 23 120 0.741
12 24 157 0.678
12 25 165 0.908
12 26 138 0.789
12 27 137 0.888
12 28 143 0.645
12 29 154 0.744
12 30 131 0.839
12 31 105 0.848
12 32 82 0.889
12 33 134 0.759
12 34 126 0.656
12 35 101 0.691
12 36 142 0.769
12 37 141 0.871
12 38 131 0.862
12 39 121 0.518
12 40 136 0.881
12 41 131 0.749
12 42 128 0.842
12 43 136 0.77
12 44 139 0.776
12 45 177 0.781
12 46 214 0.788
12 47 249 0.825
12 48 347 0.818
13 1 391 0.695
13 2 341 0.688
13 3 283 0.798
13 4 252 0.763
13 5 225 0.859
13 6 213 0.608
13 7 174 0.659
13 8 142 0.692
13 9 178 0.829
13 10 153 0.833
13 11 164 0.781
13 12 159 0.848
13 13 129 0.805
13 14 203 0.785
13 15 101 0.877
13 16 159 0.828
13 17 80 0.526
13 18 65 0.852
13 19 69 0.815
13 20 138 0.789
13 21 84 0.893
13 22 160 0.834
13 23 143 0.72
13 24 163 0.6
13 25 109 0.544
13 26 166 0.853
13 27 151 0.909
13 28 147 0.812
13 29 93 0.808
13 30 148 0.746
13 31 138 0.751
13 32 153 0.771
13 33 150 0.88
13 34 139 0.633
13 35 135 0.703
13 36 90 0.586
13 37 76 0.735
13 38 80 0.811
13 39 133 0.772
13 40 109 0.757
13 41 98 0.84
13 42 91 0.815
13 43 130 0.833
13 44 125 0.596
13 45 30 0.877
13 46 33 0.611
13 47 265 0.79
13 48 299 0.74
14 1 340 0.711
14 2 228 0.68
14 3 307 0.755
14 4 238 0.803
14 5 200 0.708
14 6 236 0.702
14 7 172 0.659
14 8 179 0.79
14 9 178 0.915
14 10 149 0.776
14 11 159 0.681
14 12 161 0.695
14 13 166 0.689
14 14 179 0.69
14 15 147 0.918
14 16 178 0.876
14 17 148 0.779
14 18 189 0.737
14 19 178 0.715
14 20 189 0.768
14 21 171 0.903
14 22 164 0.764
14 23 178 0.762
14 24 142 0.776
14 25 175 0.711
14 26 177 0.88
14 27 162 0.895
14 28 139 0.807
14 29 154 0.851
14 30 121 0.91
14 31 144 0.845
14 32 113 0.68
14 33 139 0.868
14 34 132 0.763
14 35 113 0.875
14 36 124 0.825
14 37 150 0.88
14 38 148 0.801
14 39 135 0.821
14 40 131 0.862
14 41 132 0.766
14 42 146 0.771
14 43 129 0.644
14 44 142 0.655
14 45 147 0.734
14 46 183 0.76
14 47 220 0.749
14 48 347 0.737
15 1 408 0.703
15 2 307 0.76
15 3 306 0.572
15 4 250 0.835
15 5 204 0.757
15 6 195 0.783
15 7 159 0.857
15 8 177 0.868
15 9 186 0.763
15 10 172 0.705
15 11 164 0.639
15 12 157 0.78
15 13 179 0.834
15 14 168 0.79
15 15 187 0.702
15 16 183 0.767
15 17 165 0.86
15 18 183 0.833
15 19 123 0.797
15 20 204 0.812
15 21 189 0.731
15 22 204 0.829
15 23 172 0.82
15 24 186 0.711
15 25 163 0.87
15 26 172 0.827
15 27 158 0.843
15 28 172 0.759
15 29 101 0.76
15 30 143 0.883
15 31 148 0.859
15 32 159 0.891
15 33 143 0.883
15 34 143 0.86
15 35 135 0.68
15 36 137 0.714
15 37 154 0.802
15 38 122 0.794
15 39 136 0.702
15 40 140 0.813
15 41 121 0.678
15 42 118 0.609
15 43 110 0.828
15 44 118 0.692
15 45 144 0.671
15 46 149 0.544
15 47 253 0.807
15 48 229 0.84
16 1 472 0.546
16 2 264 0.757
16 3 293 0.773
16 4 239 0.554
16 5 218 0.6
16 6 231 0.801
16 7 177 0.88
16 8 175 0.711
16 9 139 0.7
16 10 168 0.655
16 11 163 0.518
16 12 159 0.741
16 13 157 0.81
16 14 156 0.645
16 15 160 0.806
16 16 185 0.843
16 17 189 0.816
16 18 185 0.843
16 19 169 0.787
16 20 184 0.739
16 21 194 0.82
16 22 176 0.839
16 23 164 0.731
16 24 176 0.82
16 25 147 0.885
16 26 149 0.787
16 27 112 0.843
16 28 161 0.88
16 29 157 0.791
16 30 167 0.858
16 31 154 0.551
16 32 135 0.696
16 33 159 0.82
16 34 124 0.872
16 35 129 0.882
16 36 133 0.899
16 37 129 0.849
16 38 117 0.813
16 39 150 0.889
16 40 150 0.683
16 41 137 0.795
16 42 131 0.724
16 43 126 0.679
16 44 137 0.846
16 45 175 0.711
16 46 226 0.662
16 47 188 0.704
16 48 222 0.831
17 1 448 0.745
17 2 290 0.718
17 3 280 0.623
17 4 266 0.692
17 5 236 0.667
17 6 207 0.65
17 7 167 0.87
17 8 155 0.781
17 9 159 0.602
17 10 166 0.611
17 11 194 0.786
17 12 165 0.794
17 13 212 0.73
17 14 182 0.731
17 15 90 0.749
17 16 75 0.932
17 17 216 0.642
17 18 160 0.834
17 19 180 0.702
17 20 169 0.88
17 21 30 0.907
17 22 42 0.888
17 23 149 0.865
17 24 162 0.852
17 25 181 0.714
17 26 184 0.805
17 27 165 0.898
17 28 153 0.771
17 29 125 0.733
17 30 164 0.764
17 31 165 0.82
17 32 159 0.734
17 33 154 0.711
17 34 152 0.879
17 35 147 0.766
17 36 142 0.758
17 37 136 0.709
17 38 130 0.687
17 39 136 0.81
17 40 56 0.638
17 41 105 0.79
17 42 113 0.698
17 43 144 0.867
17 44 135 0.812
17 45 137 0.5
17 46 56 0.873
17 47 252 0.749
17 48 276 0.741
18 1 453 0.505
18 2 351 0.517
18 3 319 0.688
18 4 246 0.75
18 5 226 0.829
18 6 165 0.82
18 7 188 0.602
18 8 161 0.605
18 9 162 0.882
18 10 195 0.586
18 11 192 0.749
18 12 190 0.803
18 13 234 0.733
18 14 157 0.838
18 15 147 0.672
18 16 184 0.691
18 17 190 0.711
18 18 198 0.72
18 19 181 0.809
18 20 187 0.729
18 21 192 0.794
18 22 188 0.58
18 23 176 0.77
18 24 162 0.755
18 25 144 0.636
18 26 161 0.767
18 27 107 0.805
18 28 153 0.854
18 29 184 0.82
18 30 155 0.869
18 31 152 0.811
18 32 162 0.927
18 33 140 0.737
18 34 148 0.809
18 35 145 0.863
18 36 154 0.851
18 37 140 0.842
18 38 128 0.676
18 39 130 0.824
18 40 146 0.686
18 41 139 0.669
18 42 139 0.836
18 43 129 0.629
18 44 142 0.758
18 45 167 0.841
18 46 175 0.733
18 47 234 0.662
18 48 270 0.72
19 1 519 0.663
19 2 377 0.604
19 3 334 0.525
19 4 310 0.571
19 5 198 0.779
19 6 208 0.641
19 7 177 0.732
19 8 195 0.664
19 9 160 0.788
19 10 183 0.808
19 11 210 0.764
19 12 161 0.76
19 13 169 0.851
19 14 231 0.801
19 15 183 0.608
19 16 161 0.767
19 17 124 0.774
19 18 115 0.865
19 19 180 0.732
19 20 210 0.773
19 21 167 0.754
19 22 193 0.794
19 23 170 0.697
19 24 175 0.87
19 25 167 0.744
19 26 145 0.707
19 27 155 0.763
19 28 175 0.772
19 29 133 0.8
19 30 133 0.821
19 31 134 0.882
19 32 162 0.895
19 33 155 0.878
19 34 157 0.773
19 35 143 0.728
19 36 148 0.705
19 37 137 0.833
19 38 137 0.833
19 39 139 0.749
19 40 148 0.659
19 41 148 0.738
19 42 149 0.803
19 43 150 0.724
19 44 118 0.636
19 45 150 0.575
19 46 166 0.681
19 47 233 0.67
19 48 292 0.742
20 1 493 0.64
20 2 355 0.702
20 3 320 0.537
20 4 289 0.727
20 5 197 0.746
20 6 191 0.73
20 7 183 0.767
20 8 169 0.777
20 9 177 0.764
20 10 167 0.754
20 11 198 0.826
20 12 188 0.692
20 13 190 0.796
20 14 221 0.82
20 15 213 0.622
20 16 218 0.833
20 17 207 0.875
20 18 196 0.667
20 19 181 0.606
20 20 167 0.796
20 21 178 0.803
20 22 145 0.615
20 23 189 0.707
20 24 157 0.658
20 25 114 0.723
20 26 108 0.872
20 27 173 0.725
20 28 169 0.777
20 29 153 0.771
20 30 180 0.866
20 31 122 0.803
20 32 138 0.894
20 33 161 0.889
20 34 149 0.611
20 35 134 0.868
20 36 147 0.824
20 37 149 0.874
20 38 152 0.686
20 39 135 0.888
20 40 133 0.753
20 41 145 0.774
20 42 148 0.763
20 43 149 0.758
20 44 138 0.666
20 45 158 0.76
20 46 185 0.736
20 47 259 0.69
20 48 305 0.755
21 1 336 0.476
21 2 322 0.614
21 3 363 0.589
21 4 262 0.808
21 5 144 0.677
21 6 213 0.629
21 7 228 0.523
21 8 199 0.834
21 9 177 0.705
21 10 152 0.861
21 11 177 0.705
21 12 146 0.65
21 13 120 0.679
21 14 149 0.758
21 15 104 0.865
21 16 176 0.64
21 17 218 0.787
21 18 213 0.669
21 19 165 0.758
21 20 181 0.758
21 21 219 0.775
21 22 190 0.846
21 23 195 0.704
21 24 151 0.909
21 25 184 0.873
21 26 176 0.82
21 27 140 0.842
21 28 110 0.862
21 29 181 0.862
21 30 188 0.727
21 31 149 0.844
21 32 155 0.844
21 33 179 0.797
21 34 154 0.842
21 35 155 0.856
21 36 129 0.749
21 37 135 0.843
21 38 125 0.792
21 39 149 0.726
21 40 148 0.868
21 41 109 0.891
21 42 109 0.869
21 43 134 0.624
21 44 131 0.809
21 45 42 0.554
21 46 171 0.779
21 47 217 0.762
21 48 308 0.775
22 1 522 0.472
22 2 483 0.395
22 3 339 0.507
22 4 353 0.325
22 5 208 0.578
22 6 181 0.714
22 7 162 0.626
22 8 165 0.487
22 9 233 0.474
22 10 199 0.859
22 11 183 0.735
22 12 231 0.78
22 13 214 0.62
22 14 245 0.705
22 15 160 0.825
22 16 151 0.719
22 17 174 0.826
22 18 220 0.876
22 19 206 0.78
22 20 162 0.797
22 21 148 0.712
22 22 185 0.752
22 23 183 0.826
22 24 192 0.707
22 25 177 0.788
22 26 159 0.783
22 27 162 0.659
22 28 213 0.912
22 29 170 0.865
22 30 153 0.837
22 31 186 0.875
22 32 195 0.745
22 33 159 0.828
22 34 168 0.855
22 35 146 0.835
22 36 149 0.795
22 37 174 0.792
22 38 149 0.874
22 39 131 0.83
22 40 115 0.851
22 41 140 0.821
22 42 132 0.644
22 43 149 0.776
22 44 166 0.809
22 45 151 0.549
22 46 215 0.776
22 47 247 0.864
22 48 317 0.694
23 1 378 0.338
23 2 471 0.308
23 3 363 0.291
23 4 358 0.54
23 5 219 0.781
23 6 244 0.564
23 7 176 0.675
23 8 60 0.313
23 9 211 0.686
23 10 187 0.744
23 11 169 0.615
23 12 198 0.668
23 13 235 0.653
23 14 188 0.684
23 15 177 0.67
23 16 182 0.762
23 17 27 0.836
23 18 25 0.821
23 19 191 0.751
23 20 210 0.758
23 21 140 0.821
23 22 149 0.688
23 23 189 0.869
23 24 166 0.711
23 25 172 0.801
23 26 173 0.747
23 27 161 0.859
23 28 176 0.875
23 29 168 0.704
23 30 198 0.759
23 31 155 0.739
23 32 171 0.842
23 33 56 0.629
23 34 156 0.786
23 35 124 0.738
23 36 160 0.78
23 37 160 0.814
23 38 141 0.88
23 39 24 0.789
23 40 135 0.738
23 41 111 0.845
23 42 158 0.713
23 43 130 0.794
23 44 152 0.766
23 45 187 0.844
23 46 224 0.714
23 47 256 0.638
23 48 301 0.626
24 1 631 0.665
24 2 547 0.26
24 3 404 0.428
24 4 383 0.393
24 5 287 0.739
24 6 258 0.66
24 7 209 0.681
24 8 210 0.764
24 9 180 0.784
24 10 159 0.887
24 11 203 0.825
24 12 210 0.786
24 13 232 0.737
24 14 187 0.742
24 15 119 0.783
24 16 205 0.799
24 17 192 0.794
24 18 221 0.758
24 19 188 0.739
24 20 203 0.712
24 21 158 0.77
24 22 202 0.63
24 23 137 0.567
24 24 157 0.658
24 25 184 0.83
24 26 168 0.719
24 27 188 0.856
24 28 154 0.768
24 29 139 0.836
24 30 158 0.7
24 31 88 0.892
24 32 188 0.788
24 33 153 0.845
24 34 199 0.724
24 35 171 0.642
24 36 152 0.731
24 37 149 0.815
24 38 153 0.907
24 39 138 0.83
24 40 156 0.704
24 41 130 0.687
24 42 140 0.624
24 43 122 0.834
24 44 170 0.792
24 45 208 0.757
24 46 222 0.801
24 47 266 0.709
24 48 389 0.751
25 1 617 0.432
25 2 505 0.423
25 3 381 0.329
25 4 407 0.283
25 5 315 0.628
25 6 266 0.603
25 7 159 0.724
25 8 162 0.722
25 9 173 0.764
25 10 166 0.836
25 11 147 0.766
25 12 157 0.549
25 13 77 0.547
25 14 91 0.735
25 15 118 0.652
25 16 142 0.709
25 17 80 0.959
25 18 93 0.742
25 19 187 0.751
25 20 180 0.77
25 21 164 0.771
25 22 201 0.817
25 23 173 0.824
25 24 0 0.0
25 25 224 0.771
25 26 180 0.688
25 27 187 0.714
25 28 150 0.763
25 29 176 0.611
25 30 164 0.884
25 31 192 0.719
25 32 157 0.826
25 33 170 0.837
25 34 172 0.884
25 35 164 0.778
25 36 186 0.786
25 37 137 0.846
25 38 134 0.906
25 39 157 0.791
25 40 153 0.746
25 41 127 0.737
25 42 108 0.846
25 43 160 0.762
25 44 150 0.506
25 45 143 0.756
25 46 192 0.742
25 47 260 0.547
25 48 341 0.678
26 1 287 0.362
26 2 240 0.463
26 3 429 0.277
26 4 419 0.204
26 5 399 0.421
26 6 316 0.43
26 7 254 0.587
26 8 233 0.477
26 9 222 0.679
26 10 208 0.691
26 11 245 0.631
26 12 235 0.778
26 13 0 0.0
26 14 0 0.0
26 15 158 0.852
26 16 201 0.725
26 17 226 0.684
26 18 218 0.601
26 19 198 0.714
26 20 159 0.638
26 21 180 0.795
26 22 181 0.736
26 23 130 0.677
26 24 210 0.786
26 25 179 0.728
26 26 154 0.776
26 27 164 0.634
26 28 138 0.83
26 29 160 0.814
26 30 172 0.884
26 31 157 0.791
26 32 179 0.766
26 33 197 0.678
26 34 188 0.698
26 35 172 0.776
26 36 160 0.834
26 37 165 0.761
26 38 177 0.67
26 39 121 0.695
26 40 161 0.792
26 41 148 0.753
26 42 132 0.815
26 43 158 0.736
26 44 197 0.689
26 45 208 0.871
26 46 238 0.7
26 47 265 0.774
26 48 319 0.737
27 1 632 0.524
27 2 414 0.34
27 3 371 0.399
27 4 406 0.261
27 5 418 0.431
27 6 335 0.45
27 7 224 0.748
27 8 178 0.674
27 9 226 0.429
27 10 197 0.794
27 11 211 0.726
27 12 247 0.734
27 13 191 0.843
27 14 198 0.663
27 15 214 0.683
27 16 181 0.653
27 17 159 0.718
27 18 107 0.829
27 19 199 0.724
27 20 210 0.579
27 21 170 0.677
27 22 198 0.837
27 23 154 0.89
27 24 199 0.712
27 25 202 0.682
27 26 204 0.773
27 27 169 0.753
27 28 164 0.8
27 29 168 0.819
27 30 166 0.594
27 31 187 0.86
27 32 191 0.676
27 33 0 0.0
27 34 165 0.794
27 35 174 0.606
27 36 169 0.746
27 37 167 0.87
27 38 177 0.851
27 39 135 0.658
27 40 112 0.853
27 41 172 0.809
27 42 196 0.627
27 43 147 0.832
27 44 198 0.622
27 45 132 0.888
27 46 220 0.528
27 47 273 0.568
27 48 284 0.757
28 1 678 0.534
28 2 477 0.263
28 3 451 0.25
28 4 397 0.394
28 5 371 0.36
28 6 329 0.594
28 7 308 0.475
28 8 252 0.544
28 9 256 0.729
28 10 221 0.782
28 11 238 0.685
28 12 188 0.788
28 13 222 0.801
28 14 224 0.659
28 15 215 0.663
28 16 242 0.672
28 17 235 0.706
28 18 252 0.695
28 19 176 0.701
28 20 269 0.626
28 21 221 0.713
28 22 192 0.848
28 23 239 0.807
28 24 175 0.797
28 25 194 0.686
28 26 179 0.815
28 27 176 0.784
28 28 166 0.817
28 29 205 0.77
28 30 183 0.72
28 31 174 0.785
28 32 183 0.767
28 33 196 0.764
28 34 191 0.783
28 35 176 0.82
28 36 203 0.815
28 37 190 0.726
28 38 174 0.768
28 39 204 0.748
28 40 183 0.729
28 41 150 0.699
28 42 159 0.718
28 43 183 0.841
28 44 208 0.523
28 45 245 0.874
28 46 266 0.833
28 47 330 0.712
28 48 368 0.708
29 1 697 0.575
29 2 519 0.408
29 3 355 0.11
29 4 156 0.334
29 5 406 0.615
29 6 375 0.361
29 7 391 0.396
29 8 295 0.669
29 9 297 0.543
29 10 296 0.405
29 11 196 0.627
29 12 127 0.51
29 13 252 0.66
29 14 262 0.691
29 15 155 0.739
29 16 153 0.597
29 17 272 0.673
29 18 245 0.75
29 19 240 0.649
29 20 215 0.798
29 21 213 0.797
29 22 236 0.741
29 23 213 0.838
29 24 188 0.692
29 25 229 0.681
29 26 217 0.738
29 27 222 0.679
29 28 214 0.852
29 29 217 0.618
29 30 191 0.715
29 31 181 0.752
29 32 187 0.72
29 33 229 0.693
29 34 199 0.62
29 35 225 0.867
29 36 192 0.771
29 37 188 0.812
29 38 180 0.805
29 39 166 0.773
29 40 169 0.714
29 41 186 0.756
29 42 204 0.708
29 43 209 0.798
29 44 204 0.716
29 45 247 0.796
29 46 274 0.683
29 47 298 0.786
29 48 386 0.449
30 1 732 0.833
30 2 469 0.333
30 3 521 0.438
30 4 556 0.298
30 5 489 0.243
30 6 458 0.338
30 7 459 0.263
30 8 361 0.493
30 9 392 0.401
30 10 294 0.561
30 11 350 0.686
30 12 297 0.685
30 13 296 0.828
30 14 290 0.658
30 15 256 0.755
30 16 332 0.721
30 17 302 0.791
30 18 320 0.728
30 19 291 0.686
30 20 269 0.772
30 21 229 0.725
30 22 265 0.768
30 23 224 0.856
30 24 222 0.801
30 25 249 0.622
30 26 243 0.635
30 27 218 0.85
30 28 281 0.794
30 29 252 0.552
30 30 235 0.704
30 31 246 0.758
30 32 253 0.737
30 33 281 0.702
30 34 221 0.827
30 35 257 0.732
30 36 236 0.842
30 37 239 0.681
30 38 190 0.828
30 39 245 0.747
30 40 196 0.49
30 41 207 0.726
30 42 215 0.641
30 43 215 0.693
30 44 260 0.82
30 45 251 0.786
30 46 323 0.58
30 47 306 0.707
30 48 443 0.63
31 1 734 0.726
31 2 688 0.589
31 3 694 0.51
31 4 615 0.412
31 5 531 0.393
31 6 533 0.35
31 7 481 0.436
31 8 455 0.396
31 9 441 0.183
31 10 370 0.589
31 11 378 0.425
31 12 413 0.384
31 13 406 0.512
31 14 323 0.703
31 15 282 0.689
31 16 345 0.396
31 17 254 0.52
31 18 305 0.799
31 19 355 0.544
31 20 322 0.642
31 21 318 0.697
31 22 171 0.796
31 23 307 0.755
31 24 298 0.721
31 25 281 0.68
31 26 275 0.746
31 27 271 0.747
31 28 304 0.74
31 29 259 0.622
31 30 340 0.571
31 31 332 0.822
31 32 299 0.77
31 33 13 0.956
31 34 11 0.78
31 35 303 0.75
31 36 288 0.742
31 37 288 0.641
31 38 286 0.732
31 39 250 0.819
31 40 258 0.656
31 41 236 0.767
31 42 307 0.747
31 43 287 0.795
31 44 270 0.73
31 45 247 0.603
31 46 257 0.673
31 47 431 0.582
31 48 444 0.673
32 1 746 0.912
32 2 738 0.833
32 3 727 0.753
32 4 719 0.737
32 5 699 0.596
32 6 685 0.498
32 7 672 0.556
32 8 649 0.407
32 9 677 0.438
32 10 649 0.561
32 11 577 0.43
32 12 623 0.463
32 13 451 0.259
32 14 516 0.498
32 15 561 0.612
32 16 491 0.329
32 17 638 0.429
32 18 423 0.609
32 19 312 0.53
32 20 401 0.365
32 21 382 0.799
32 22 378 0.591
32 23 540 0.629
32 24 506 0.589
32 25 520 0.589
32 26 516 0.65
32 27 479 0.593
32 28 531 0.611
32 29 523 0.773
32 30 518 0.534
32 31 477 0.611
32 32 451 0.543
32 33 470 0.669
32 34 258 0.66
32 35 533 0.66
32 36 474 0.726
32 37 469 0.733
32 38 445 0.685
32 39 463 0.709
32 40 408 0.717
32 41 479 0.835
32 42 491 0.678
32 43 443 0.655
32 44 461 0.673
32 45 430 0.689
32 46 507 0.676
32 47 570 0.497
32 48 559 0.522
