row  column  size-1  circ-1
1 1 732 0.856
1 2 714 0.748
1 3 730 0.826
1 4 563 0.645
1 5 646 0.729
1 6 539 0.678
1 7 545 0.66
1 8 555 0.8
1 9 373 0.598
1 10 359 0.814
1 11 521 0.719
1 12 480 0.731
1 13 419 0.594
1 14 429 0.828
1 15 439 0.657
1 16 465 0.85
1 17 425 0.816
1 18 444 0.694
1 19 292 0.765
1 20 447 0.785
1 21 343 0.745
1 22 436 0.764
1 23 438 0.822
1 24 398 0.749
1 25 398 0.87
1 26 408 0.777
1 27 396 0.834
1 28 385 0.761
1 29 402 0.811
1 30 433 0.749
1 31 397 0.836
1 32 405 0.726
1 33 408 0.731
1 34 428 0.744
1 35 390 0.76
1 36 379 0.615
1 37 465 0.815
1 38 409 0.778
1 39 412 0.732
1 40 418 0.802
1 41 391 0.746
1 42 437 0.822
1 43 462 0.81
1 44 522 0.83
1 45 521 0.741
1 46 515 0.608
1 47 602 0.825
1 48 661 0.635
2 1 558 0.649
2 2 591 0.652
2 3 23 0.268
2 4 176 0.329
2 5 564 0.546
2 6 480 0.595
2 7 444 0.706
2 8 438 0.608
2 9 458 0.772
2 10 425 0.797
2 11 0 0.0
2 12 281 0.806
2 13 414 0.768
2 14 403 0.801
2 15 0 0.0
2 16 419 0.74
2 17 63 0.697
2 18 71 0.591
2 19 0 0.0
2 20 52 0.736
2 21 391 0.799
2 22 352 0.774
2 23 0 0.0
2 24 332 0.841
2 25 281 0.821
2 26 307 0.812
2 27 235 0.637
2 28 219 0.879
2 29 281 0.835
2 30 290 0.789
2 31 287 0.678
2 32 299 0.733
2 33 260 0.765
2 34 262 0.814
2 35 293 0.8
2 36 296 0.794
2 37 310 0.804
2 38 328 0.786
2 39 342 0.688
2 40 323 0.756
2 41 352 0.73
2 42 359 0.636
2 43 330 0.778
2 44 359 0.779
2 45 89 0.773
2 46 76 0.924
2 47 409 0.647
2 48 567 0.675
3 1 470 0.471
3 2 521 0.782
3 3 495 0.754
3 4 503 0.622
3 5 474 0.507
3 6 347 0.563
3 7 432 0.514
3 8 337 0.587
3 9 357 0.465
3 10 349 0.553
3 11 406 0.873
3 12 337 0.72
3 13 343 0.761
3 14 340 0.784
3 15 368 0.674
3 16 312 0.796
3 17 280 0.746
3 18 309 0.763
3 19 318 0.875
3 20 313 0.762
3 21 235 0.631
3 22 273 0.812
3 23 305 0.833
3 24 259 0.865
3 25 266 0.791
3 26 267 0.8
3 27 215 0.846
3 28 262 0.836
3 29 274 0.73
3 30 265 0.794
3 31 278 0.594
3 32 274 0.608
3 33 244 0.787
3 34 257 0.724
3 35 257 0.784
3 36 246 0.86
3 37 272 0.8
3 38 289 0.662
3 39 301 0.7
3 40 261 0.79
3 41 250 0.743
3 42 301 0.77
3 43 315 0.825
3 44 334 0.795
3 45 338 0.774
3 46 351 0.739
3 47 390 0.771
3 48 499 0.81
4 1 685 0.698
4 2 531 0.457
4 3 465 0.504
4 4 329 0.472
4 5 466 0.611
4 6 373 0.688
4 7 390 0.753
4 8 396 0.776
4 9 318 0.774
4 10 373 0.828
4 11 322 0.684
4 12 297 0.846
4 13 305 0.668
4 14 310 0.905
4 15 294 0.795
4 16 266 0.805
4 17 224 0.678
4 18 311 0.877
4 19 259 0.749
4 20 258 0.793
4 21 260 0.845
4 22 193 0.791
4 23 221 0.895
4 24 246 0.718
4 25 208 0.772
4 26 223 0.795
4 27 250 0.768
4 28 223 0.877
4 29 233 0.815
4 30 257 0.858
4 31 74 0.693
4 32 60 0.804
4 33 249 0.888
4 34 189 0.816
4 35 199 0.799
4 36 255 0.642
4 37 216 0.809
4 38 190 0.813
4 39 224 0.771
4 40 252 0.825
4 41 221 0.788
4 42 243 0.715
4 43 241 0.843
4 44 273 0.824
4 45 260 0.845
4 46 283 0.841
4 47 304 0.712
4 48 502 0.824
5 1 634 0.634
5 2 515 0.528
5 3 430 0.396
5 4 442 0.433
5 5 377 0.761
5 6 393 0.609
5 7 278 0.824
5 8 275 0.762
5 9 276 0.833
5 10 322 0.726
5 11 311 0.841
5 12 297 0.618
5 13 270 0.803
5 14 268 0.758
5 15 279 0.8
5 16 239 0.748
5 17 241 0.798
5 18 207 0.655
5 19 222 0.729
5 20 248 0.877
5 21 179 0.89
5 22 200 0.708
5 23 212 0.702
5 24 213 0.7
5 25 194 0.786
5 26 226 0.784
5 27 185 0.89
5 28 204 0.641
5 29 203 0.696
5 30 195 0.739
5 31 243 0.654
5 32 245 0.728
5 33 221 0.862
5 34 202 0.854
5 35 232 0.861
5 36 225 0.859
5 37 257 0.685
5 38 210 0.826
5 39 212 0.81
5 40 221 0.657
5 41 253 0.696
5 42 238 0.826
5 43 238 0.866
5 44 229 0.699
5 45 288 0.826
5 46 284 0.795
5 47 364 0.555
5 48 525 0.614
6 1 608 0.64
6 2 538 0.554
6 3 475 0.676
6 4 430 0.588
6 5 67 0.727
6 6 50 0.603
6 7 330 0.716
6 8 313 0.793
6 9 55 0.709
6 10 91 0.615
6 11 206 0.64
6 12 204 0.646
6 13 251 0.746
6 14 259 0.871
6 15 186 0.891
6 16 195 0.877
6 17 201 0.876
6 18 201 0.725
6 19 211 0.816
6 20 213 0.797
6 21 184 0.846
6 22 231 0.786
6 23 163 0.821
6 24 161 0.839
6 25 162 0.805
6 26 182 0.884
6 27 162 0.844
6 28 188 0.896
6 29 178 0.811
6 30 165 0.745
6 31 188 0.856
6 32 208 0.653
6 33 79 0.764
6 34 67 0.864
6 35 185 0.707
6 36 186 0.677
6 37 53 0.975
6 38 43 0.867
6 39 200 0.758
6 40 227 0.675
6 41 218 0.66
6 42 226 0.734
6 43 204 0.897
6 44 246 0.764
6 45 72 0.633
6 46 90 0.599
6 47 398 0.662
6 48 460 0.696
7 1 547 0.544
7 2 458 0.531
7 3 381 0.447
7 4 348 0.577
7 5 373 0.447
7 6 342 0.778
7 7 313 0.74
7 8 326 0.73
7 9 280 0.757
7 10 240 0.732
7 11 278 0.674
7 12 223 0.87
7 13 229 0.688
7 14 219 0.797
7 15 190 0.796
7 16 212 0.765
7 17 215 0.863
7 18 206 0.852
7 19 170 0.757
7 20 192 0.608
7 21 218 0.778
7 22 127 0.719
7 23 214 0.801
7 24 196 0.846
7 25 165 0.722
7 26 144 0.505
7 27 156 0.883
7 28 192 0.679
7 29 173 0.725
7 30 141 0.672
7 31 178 0.856
7 32 134 0.845
7 33 173 0.872
7 34 211 0.753
7 35 103 0.935
7 36 140 0.765
7 37 194 0.72
7 38 215 0.464
7 39 192 0.812
7 40 209 0.865
7 41 232 0.802
7 42 206 0.682
7 43 213 0.863
7 44 231 0.857
7 45 236 0.825
7 46 280 0.772
7 47 356 0.513
7 48 464 0.616
8 1 593 0.683
8 2 496 0.415
8 3 417 0.616
8 4 374 0.652
8 5 351 0.645
8 6 334 0.654
8 7 316 0.545
8 8 290 0.773
8 9 161 0.598
8 10 230 0.672
8 11 196 0.632
8 12 236 0.883
8 13 196 0.846
8 14 208 0.861
8 15 158 0.676
8 16 219 0.745
8 17 178 0.793
8 18 189 0.702
8 19 163 0.71
8 20 172 0.801
8 21 94 0.759
8 22 105 0.781
8 23 206 0.86
8 24 192 0.707
8 25 131 0.849
8 26 203 0.667
8 27 139 0.807
8 28 171 0.862
8 29 147 0.663
8 30 190 0.828
8 31 200 0.758
8 32 173 0.74
8 33 174 0.792
8 34 176 0.839
8 35 180 0.795
8 36 191 0.815
8 37 169 0.813
8 38 185 0.701
8 39 227 0.658
8 40 189 0.824
8 41 187 0.76
8 42 178 0.876
8 43 232 0.789
8 44 261 0.677
8 45 252 0.896
8 46 288 0.737
8 47 341 0.565
8 48 508 0.452
9 1 440 0.458
9 2 459 0.53
9 3 426 0.546
9 4 391 0.578
9 5 369 0.777
9 6 329 0.688
9 7 300 0.75
9 8 290 0.82
9 9 229 0.536
9 10 187 0.662
9 11 224 0.668
9 12 248 0.737
9 13 230 0.762
9 14 210 0.836
9 15 212 0.75
9 16 213 0.769
9 17 215 0.863
9 18 189 0.737
9 19 201 0.671
9 20 224 0.873
9 21 169 0.821
9 22 163 0.683
9 23 223 0.845
9 24 185 0.462
9 25 185 0.765
9 26 185 0.809
9 27 142 0.641
9 28 162 0.639
9 29 195 0.76
9 30 161 0.785
9 31 134 0.751
9 32 144 0.867
9 33 161 0.847
9 34 175 0.87
9 35 182 0.829
9 36 155 0.715
9 37 196 0.78
9 38 184 0.49
9 39 185 0.564
9 40 192 0.771
9 41 201 0.857
9 42 180 0.795
9 43 200 0.7
9 44 215 0.782
9 45 239 0.792
9 46 269 0.7
9 47 305 0.692
9 48 411 0.762
10 1 554 0.472
10 2 434 0.479
10 3 176 0.348
10 4 202 0.259
10 5 82 0.635
10 6 93 0.783
10 7 245 0.769
10 8 234 0.781
10 9 72 0.909
10 10 98 0.635
10 11 212 0.689
10 12 220 0.883
10 13 28 0.667
10 14 49 0.885
10 15 200 0.728
10 16 192 0.837
10 17 165 0.691
10 18 196 0.604
10 19 180 0.754
10 20 175 0.749
10 21 164 0.687
10 22 164 0.764
10 23 219 0.837
10 24 188 0.856
10 25 165 0.752
10 26 164 0.724
10 27 161 0.487
10 28 135 0.784
10 29 175 0.772
10 30 167 0.651
10 31 168 0.835
10 32 191 0.668
10 33 175 0.772
10 34 169 0.88
10 35 126 0.852
10 36 129 0.776
10 37 108 0.91
10 38 119 0.716
10 39 167 0.761
10 40 195 0.888
10 41 163 0.87
10 42 178 0.864
10 43 188 0.876
10 44 224 0.783
10 45 56 0.629
10 46 70 0.677
10 47 199 0.642
10 48 432 0.619
11 1 446 0.696
11 2 423 0.739
11 3 342 0.754
11 4 373 0.672
11 5 325 0.761
11 6 243 0.818
11 7 273 0.513
11 8 250 0.806
11 9 257 0.805
11 10 249 0.68
11 11 220 0.848
11 12 215 0.746
11 13 201 0.615
11 14 203 0.769
11 15 220 0.567
11 16 186 0.903
11 17 205 0.841
11 18 183 0.647
11 19 196 0.846
11 20 199 0.724
11 21 147 0.871
11 22 185 0.546
11 23 171 0.71
11 24 126 0.635
11 25 201 0.868
11 26 192 0.581
11 27 116 0.825
11 28 111 0.802
11 29 150 0.817
11 30 161 0.75
11 31 159 0.837
11 32 145 0.682
11 33 163 0.802
11 34 178 0.837
11 35 176 0.82
11 36 173 0.795
11 37 188 0.628
11 38 191 0.774
11 39 159 0.793
11 40 0 0.0
11 41 164 0.764
11 42 179 0.85
11 43 181 0.851
11 44 207 0.875
11 45 204 0.826
11 46 272 0.708
11 47 283 0.729
11 48 385 0.646
12 1 535 0.584
12 2 402 0.583
12 3 335 0.835
12 4 380 0.659
12 5 253 0.801
12 6 233 0.729
12 7 301 0.814
12 8 271 0.753
12 9 200 0.827
12 10 241 0.877
12 11 230 0.667
12 12 220 0.807
12 13 198 0.805
12 14 221 0.73
12 15 202 0.811
12 16 208 0.801
12 17 138 0.801
12 18 119 0.763
12 19 200 0.764
12 20 183 0.76
12 21 129 0.858
12 22 131 0.8
12 23 195 0.8
12 24 152 0.861
12 25 160 0.613
12 26 199 0.724
12 27 173 0.689
12 28 164 0.796
12 29 135 0.656
12 30 162 0.709
12 31 185 0.775
12 32 155 0.706
12 33 187 0.815
12 34 135 0.72
12 35 164 0.771
12 36 159 0.809
12 37 148 0.782
12 38 155 0.847
12 39 183 0.674
12 40 182 0.84
12 41 194 0.712
12 42 170 0.845
12 43 59 0.883
12 44 39 0.736
12 45 229 0.85
12 46 232 0.886
12 47 262 0.799
12 48 382 0.681
13 1 467 0.678
13 2 380 0.71
13 3 304 0.604
13 4 332 0.721
13 5 311 0.755
13 6 276 0.638
13 7 256 0.748
13 8 280 0.734
13 9 124 0.774
13 10 128 0.842
13 11 229 0.81
13 12 221 0.773
13 13 182 0.829
13 14 223 0.739
13 15 159 0.878
13 16 146 0.459
13 17 164 0.58
13 18 179 0.641
13 19 229 0.85
13 20 196 0.688
13 21 176 0.817
13 22 134 0.759
13 23 187 0.694
13 24 180 0.747
13 25 189 0.792
13 26 171 0.804
13 27 161 0.898
13 28 181 0.758
13 29 168 0.884
13 30 155 0.789
13 31 201 0.725
13 32 171 0.745
13 33 174 0.885
13 34 170 0.767
13 35 177 0.806
13 36 156 0.674
13 37 178 0.821
13 38 172 0.82
13 39 164 0.664
13 40 174 0.865
13 41 163 0.841
13 42 171 0.842
13 43 192 0.787
13 44 186 0.875
13 45 193 0.852
13 46 224 0.838
13 47 246 0.726
13 48 387 0.707
14 1 455 0.699
14 2 366 0.692
14 3 231 0.591
14 4 177 0.665
14 5 306 0.664
14 6 273 0.758
14 7 238 0.739
14 8 208 0.898
14 9 252 0.763
14 10 81 0.849
14 11 182 0.803
14 12 147 0.894
14 13 94 0.728
14 14 46 0.563
14 15 232 0.844
14 16 190 0.914
14 17 181 0.843
14 18 180 0.777
14 19 150 0.8
14 20 189 0.775
14 21 202 0.701
14 22 0 0.0
14 23 183 0.826
14 24 187 0.852
14 25 53 0.659
14 26 63 0.892
14 27 185 0.832
14 28 165 0.839
14 29 138 0.729
14 30 151 0.69
14 31 0 0.0
14 32 0 0.0
14 33 61 0.787
14 34 63 0.858
14 35 151 0.703
14 36 136 0.751
14 37 164 0.938
14 38 157 0.773
14 39 140 0.821
14 40 177 0.851
14 41 169 0.832
14 42 171 0.823
14 43 203 0.84
14 44 188 0.764
14 45 69 0.939
14 46 47 0.864
14 47 263 0.762
14 48 356 0.675
15 1 512 0.789
15 2 374 0.748
15 3 358 0.722
15 4 326 0.703
15 5 205 0.79
15 6 292 0.752
15 7 233 0.737
15 8 210 0.764
15 9 229 0.767
15 10 229 0.758
15 11 175 0.797
15 12 224 0.768
15 13 204 0.748
15 14 218 0.69
15 15 167 0.785
15 16 191 0.851
15 17 187 0.815
15 18 173 0.788
15 19 169 0.889
15 20 169 0.739
15 21 184 0.664
15 22 171 0.673
15 23 168 0.704
15 24 176 0.686
15 25 171 0.695
15 26 160 0.915
15 27 176 0.737
15 28 136 0.93
15 29 153 0.875
15 30 170 0.691
15 31 107 0.678
15 32 132 0.722
15 33 188 0.819
15 34 159 0.734
15 35 132 0.833
15 36 154 0.717
15 37 154 0.89
15 38 156 0.862
15 39 148 0.9
15 40 39 0.824
15 41 161 0.792
15 42 163 0.704
15 43 154 0.903
15 44 188 0.884
15 45 198 0.882
15 46 192 0.679
15 47 253 0.766
15 48 337 0.789
16 1 474 0.663
16 2 318 0.767
16 3 369 0.68
16 4 296 0.643
16 5 254 0.798
16 6 265 0.694
16 7 276 0.663
16 8 239 0.783
16 9 248 0.844
16 10 203 0.833
16 11 151 0.787
16 12 172 0.847
16 13 197 0.746
16 14 161 0.774
16 15 183 0.86
16 16 168 0.751
16 17 119 0.586
16 18 120 0.474
16 19 188 0.876
16 20 195 0.754
16 21 177 0.832
16 22 192 0.641
16 23 169 0.851
16 24 162 0.797
16 25 175 0.808
16 26 171 0.571
16 27 49 0.901
16 28 54 0.795
16 29 180 0.802
16 30 155 0.8
16 31 172 0.835
16 32 176 0.623
16 33 122 0.825
16 34 144 0.733
16 35 154 0.613
16 36 164 0.884
16 37 145 0.691
16 38 140 0.851
16 39 152 0.831
16 40 155 0.715
16 41 148 0.728
16 42 175 0.842
16 43 166 0.895
16 44 170 0.818
16 45 179 0.89
16 46 195 0.835
16 47 240 0.817
16 48 328 0.701
17 1 435 0.616
17 2 314 0.552
17 3 277 0.659
17 4 263 0.76
17 5 260 0.539
17 6 279 0.756
17 7 260 0.698
17 8 266 0.607
17 9 113 0.826
17 10 140 0.781
17 11 238 0.715
17 12 234 0.876
17 13 199 0.816
17 14 172 0.801
17 15 200 0.708
17 16 167 0.822
17 17 173 0.852
17 18 169 0.832
17 19 155 0.865
17 20 186 0.858
17 21 170 0.818
17 22 153 0.655
17 23 151 0.719
17 24 181 0.824
17 25 174 0.751
17 26 196 0.764
17 27 179 0.842
17 28 193 0.86
17 29 140 0.765
17 30 166 0.669
17 31 149 0.644
17 32 155 0.827
17 33 169 0.777
17 34 159 0.857
17 35 149 0.803
17 36 158 0.778
17 37 151 0.761
17 38 157 0.699
17 39 142 0.845
17 40 159 0.848
17 41 161 0.811
17 42 153 0.789
17 43 176 0.866
17 44 181 0.871
17 45 180 0.77
17 46 207 0.759
17 47 204 0.681
17 48 335 0.863
18 1 462 0.783
18 2 335 0.779
18 3 0 0.0
18 4 367 0.851
18 5 88 0.618
18 6 70 0.797
18 7 0 0.0
18 8 0 0.0
18 9 242 0.814
18 10 211 0.837
18 11 0 0.0
18 12 194 0.706
18 13 165 0.677
18 14 141 0.848
18 15 0 0.0
18 16 183 0.773
18 17 161 0.792
18 18 151 0.688
18 19 168 0.835
18 20 180 0.82
18 21 35 0.851
18 22 53 0.957
18 23 117 0.944
18 24 95 0.851
18 25 59 0.849
18 26 79 0.857
18 27 182 0.704
18 28 185 0.835
18 29 53 0.75
18 30 59 0.898
18 31 128 0.885
18 32 150 0.912
18 33 48 0.967
18 34 50 0.827
18 35 136 0.616
18 36 161 0.767
18 37 41 0.866
18 38 39 0.824
18 39 154 0.466
18 40 148 0.847
18 41 35 0.947
18 42 48 0.924
18 43 164 0.846
18 44 173 0.764
18 45 192 0.781
18 46 191 0.818
18 47 237 0.736
18 48 304 0.822
19 1 446 0.767
19 2 316 0.884
19 3 292 0.73
19 4 264 0.697
19 5 227 0.626
19 6 242 0.823
19 7 223 0.811
19 8 211 0.79
19 9 199 0.677
19 10 185 0.687
19 11 199 0.776
19 12 194 0.856
19 13 197 0.731
19 14 169 0.77
19 15 182 0.725
19 16 195 0.842
19 17 166 0.675
19 18 170 0.837
19 19 171 0.789
19 20 165 0.786
19 21 181 0.765
19 22 189 0.889
19 23 187 0.908
19 24 192 0.848
19 25 206 0.709
19 26 186 0.796
19 27 145 0.691
19 28 137 0.795
19 29 145 0.731
19 30 158 0.804
19 31 141 0.672
19 32 135 0.68
19 33 164 0.789
19 34 154 0.83
19 35 119 0.629
19 36 136 0.818
19 37 141 0.827
19 38 159 0.652
19 39 142 0.833
19 40 117 0.649
19 41 142 0.699
19 42 142 0.758
19 43 146 0.818
19 44 164 0.815
19 45 190 0.836
19 46 211 0.892
19 47 219 0.803
19 48 366 0.787
20 1 419 0.797
20 2 368 0.674
20 3 343 0.713
20 4 309 0.75
20 5 311 0.75
20 6 263 0.718
20 7 203 0.642
20 8 200 0.764
20 9 254 0.769
20 10 205 0.761
20 11 184 0.802
20 12 198 0.844
20 13 182 0.793
20 14 185 0.695
20 15 153 0.614
20 16 205 0.752
20 17 153 0.69
20 18 165 0.769
20 19 165 0.839
20 20 196 0.828
20 21 0 0.0
20 22 0 0.0
20 23 169 0.763
20 24 186 0.903
20 25 109 0.481
20 26 86 0.423
20 27 58 0.943
20 28 61 0.898
20 29 78 0.889
20 30 134 0.786
20 31 195 0.877
20 32 151 0.736
20 33 140 0.842
20 34 122 0.595
20 35 151 0.726
20 36 126 0.666
20 37 141 0.827
20 38 129 0.858
20 39 142 0.758
20 40 143 0.839
20 41 148 0.79
20 42 141 0.752
20 43 135 0.884
20 44 169 0.77
20 45 165 0.745
20 46 179 0.834
20 47 226 0.655
20 48 542 0.3
21 1 453 0.685
21 2 340 0.722
21 3 328 0.837
21 4 298 0.762
21 5 270 0.817
21 6 243 0.611
21 7 267 0.802
21 8 199 0.724
21 9 209 0.789
21 10 192 0.794
21 11 199 0.799
21 12 179 0.743
21 13 175 0.691
21 14 176 0.737
21 15 143 0.771
21 16 153 0.816
21 17 140 0.801
21 18 130 0.833
21 19 143 0.756
21 20 154 0.851
21 21 187 0.774
21 22 171 0.891
21 23 171 0.823
21 24 166 0.836
21 25 175 0.908
21 26 134 0.892
21 27 162 0.709
21 28 171 0.85
21 29 145 0.793
21 30 158 0.71
21 31 149 0.743
21 32 150 0.849
21 33 145 0.626
21 34 147 0.812
21 35 154 0.903
21 36 122 0.821
21 37 153 0.907
21 38 145 0.821
21 39 125 0.879
21 40 139 0.858
21 41 132 0.938
21 42 154 0.751
21 43 170 0.894
21 44 149 0.803
21 45 165 0.868
21 46 196 0.771
21 47 190 0.672
21 48 355 0.572
22 1 490 0.756
22 2 331 0.73
22 3 345 0.692
22 4 329 0.606
22 5 82 0.488
22 6 113 0.597
22 7 213 0.667
22 8 243 0.79
22 9 59 0.936
22 10 65 0.82
22 11 183 0.776
22 12 198 0.874
22 13 210 0.795
22 14 153 0.597
22 15 178 0.63
22 16 159 0.848
22 17 143 0.83
22 18 151 0.822
22 19 180 0.795
22 20 140 0.673
22 21 153 0.866
22 22 162 0.882
22 23 91 0.922
22 24 66 0.949
22 25 46 0.885
22 26 49 0.885
22 27 144 0.795
22 28 145 0.829
22 29 97 0.88
22 30 128 0.82
22 31 138 0.679
22 32 130 0.694
22 33 143 0.801
22 34 146 0.835
22 35 135 0.804
22 36 126 0.886
22 37 110 0.852
22 38 150 0.771
22 39 125 0.81
22 40 111 0.87
22 41 43 0.927
22 42 40 0.906
22 43 146 0.729
22 44 158 0.913
22 45 172 0.847
22 46 174 0.735
22 47 247 0.825
22 48 309 0.714
23 1 348 0.728
23 2 360 0.777
23 3 347 0.705
23 4 269 0.601
23 5 279 0.851
23 6 251 0.728
23 7 212 0.661
23 8 163 0.81
23 9 198 0.487
23 10 193 0.652
23 11 161 0.615
23 12 182 0.603
23 13 171 0.85
23 14 180 0.838
23 15 192 0.903
23 16 160 0.834
23 17 154 0.83
23 18 155 0.878
23 19 146 0.856
23 20 143 0.782
23 21 183 0.685
23 22 175 0.921
23 23 142 0.824
23 24 152 0.598
23 25 150 0.756
23 26 149 0.852
23 27 173 0.605
23 28 136 0.798
23 29 142 0.765
23 30 125 0.823
23 31 108 0.781
23 32 152 0.8
23 33 133 0.83
23 34 152 0.766
23 35 101 0.815
23 36 131 0.818
23 37 143 0.612
23 38 126 0.838
23 39 156 0.902
23 40 107 0.839
23 41 143 0.738
23 42 131 0.906
23 43 163 0.879
23 44 153 0.816
23 45 170 0.845
23 46 208 0.835
23 47 231 0.786
23 48 340 0.778
24 1 505 0.624
24 2 347 0.813
24 3 322 0.774
24 4 305 0.705
24 5 260 0.814
24 6 271 0.806
24 7 238 0.788
24 8 226 0.8
24 9 225 0.812
24 10 201 0.8
24 11 181 0.843
24 12 154 0.81
24 13 165 0.677
24 14 217 0.753
24 15 136 0.716
24 16 181 0.824
24 17 142 0.804
24 18 121 0.837
24 19 146 0.844
24 20 148 0.668
24 21 0 0.0
24 22 0 0.0
24 23 167 0.771
24 24 151 0.761
24 25 157 0.655
24 26 158 0.753
24 27 52 0.766
24 28 44 0.863
24 29 178 0.885
24 30 166 0.726
24 31 133 0.862
24 32 162 0.873
24 33 133 0.852
24 34 153 0.736
24 35 118 0.829
24 36 107 0.782
24 37 110 0.732
24 38 135 0.72
24 39 113 0.912
24 40 119 0.743
24 41 158 0.778
24 42 146 0.835
24 43 129 0.705
24 44 145 0.882
24 45 174 0.865
24 46 184 0.838
24 47 233 0.824
24 48 366 0.748
25 1 475 0.817
25 2 320 0.794
25 3 331 0.795
25 4 311 0.657
25 5 297 0.778
25 6 292 0.884
25 7 254 0.825
25 8 218 0.803
25 9 169 0.84
25 10 210 0.88
25 11 176 0.744
25 12 191 0.645
25 13 182 0.803
25 14 175 0.727
25 15 172 0.827
25 16 150 0.738
25 17 176 0.77
25 18 169 0.88
25 19 168 0.827
25 20 171 0.765
25 21 146 0.743
25 22 186 0.74
25 23 159 0.672
25 24 154 0.794
25 25 141 0.71
25 26 152 0.84
25 27 159 0.646
25 28 141 0.591
25 29 113 0.794
25 30 137 0.638
25 31 135 0.623
25 32 126 0.758
25 33 141 0.738
25 34 150 0.677
25 35 122 0.834
25 36 127 0.868
25 37 124 0.848
25 38 141 0.771
25 39 117 0.75
25 40 146 0.856
25 41 161 0.859
25 42 172 0.766
25 43 146 0.779
25 44 163 0.849
25 45 160 0.806
25 46 177 0.851
25 47 257 0.745
25 48 402 0.839
26 1 491 0.756
26 2 330 0.798
26 3 286 0.52
26 4 225 0.625
26 5 52 0.811
26 6 72 0.542
26 7 178 0.73
26 8 151 0.768
26 9 151 0.71
26 10 178 0.811
26 11 189 0.918
26 12 184 0.788
26 13 167 0.715
26 14 171 0.695
26 15 181 0.758
26 16 162 0.856
26 17 205 0.666
26 18 166 0.766
26 19 166 0.749
26 20 151 0.771
26 21 145 0.873
26 22 146 0.753
26 23 173 0.86
26 24 155 0.699
26 25 39 1.0
26 26 51 0.981
26 27 117 0.846
26 28 119 0.846
26 29 155 0.789
26 30 139 0.647
26 31 153 0.816
26 32 146 0.869
26 33 40 0.862
26 34 35 0.809
26 35 126 0.829
26 36 137 0.647
26 37 143 0.81
26 38 143 0.604
26 39 115 0.841
26 40 127 0.893
26 41 34 0.871
26 42 36 0.996
26 43 182 0.884
26 44 165 0.769
26 45 164 0.863
26 46 223 0.795
26 47 204 0.748
26 48 338 0.639
27 1 377 0.601
27 2 338 0.834
27 3 322 0.784
27 4 279 0.781
27 5 279 0.749
27 6 207 0.704
27 7 224 0.722
27 8 255 0.792
27 9 172 0.791
27 10 194 0.729
27 11 181 0.879
27 12 161 0.733
27 13 189 0.824
27 14 147 0.862
27 15 168 0.758
27 16 110 0.679
27 17 172 0.699
27 18 165 0.697
27 19 164 0.834
27 20 170 0.757
27 21 151 0.806
27 22 165 0.745
27 23 156 0.794
27 24 139 0.776
27 25 192 0.758
27 26 157 0.658
27 27 172 0.816
27 28 138 0.643
27 29 144 0.662
27 30 162 0.816
27 31 134 0.767
27 32 140 0.874
27 33 124 0.816
27 34 150 0.722
27 35 116 0.716
27 36 123 0.925
27 37 144 0.857
27 38 148 0.868
27 39 138 0.908
27 40 145 0.829
27 41 155 0.847
27 42 157 0.765
27 43 148 0.868
27 44 160 0.788
27 45 158 0.831
27 46 204 0.696
27 47 227 0.81
27 48 384 0.796
28 1 556 0.719
28 2 409 0.774
28 3 363 0.788
28 4 308 0.631
28 5 204 0.702
28 6 241 0.792
28 7 244 0.575
28 8 226 0.784
28 9 222 0.684
28 10 216 0.818
28 11 186 0.763
28 12 197 0.781
28 13 181 0.758
28 14 154 0.758
28 15 179 0.823
28 16 162 0.779
28 17 153 0.845
28 18 169 0.821
28 19 142 0.677
28 20 165 0.812
28 21 196 0.811
28 22 180 0.738
28 23 135 0.665
28 24 159 0.731
28 25 128 0.875
28 26 131 0.839
28 27 50 0.919
28 28 10 0.462
28 29 169 0.746
28 30 162 0.772
28 31 186 0.677
28 32 175 0.823
28 33 146 0.827
28 34 122 0.742
28 35 126 0.778
28 36 128 0.743
28 37 146 0.835
28 38 147 0.804
28 39 155 0.753
28 40 167 0.879
28 41 134 0.859
28 42 133 0.582
28 43 175 0.804
28 44 176 0.839
28 45 187 0.714
28 46 198 0.826
28 47 254 0.711
28 48 370 0.571
29 1 543 0.695
29 2 362 0.629
29 3 343 0.722
29 4 352 0.769
29 5 284 0.844
29 6 266 0.826
29 7 185 0.775
29 8 167 0.85
29 9 213 0.881
29 10 240 0.696
29 11 203 0.652
29 12 235 0.809
29 13 215 0.897
29 14 201 0.784
29 15 193 0.834
29 16 183 0.729
29 17 175 0.815
29 18 173 0.86
29 19 156 0.832
29 20 199 0.497
29 21 175 0.724
29 22 175 0.466
29 23 188 0.913
29 24 175 0.853
29 25 196 0.749
29 26 200 0.845
29 27 218 0.902
29 28 192 0.721
29 29 179 0.759
29 30 161 0.847
29 31 171 0.779
29 32 130 0.811
29 33 165 0.745
29 34 178 0.786
29 35 170 0.837
29 36 160 0.706
29 37 143 0.87
29 38 169 0.911
29 39 169 0.902
29 40 160 0.729
29 41 147 0.812
29 42 158 0.785
29 43 161 0.877
29 44 166 0.78
29 45 150 0.82
29 46 166 0.865
29 47 255 0.835
29 48 364 0.773
30 1 64 0.921
30 2 99 0.785
30 3 362 0.695
30 4 361 0.703
30 5 113 0.569
30 6 112 0.819
30 7 234 0.818
30 8 232 0.868
30 9 260 0.787
30 10 0 0.0
30 11 283 0.7
30 12 262 0.808
30 13 141 0.752
30 14 121 0.827
30 15 221 0.834
30 16 216 0.661
30 17 198 0.902
30 18 212 0.827
30 19 225 0.745
30 20 197 0.768
30 21 183 0.826
30 22 0 0.0
30 23 85 0.922
30 24 92 0.873
30 25 44 0.93
30 26 57 0.853
30 27 209 0.674
30 28 202 0.695
30 29 111 0.964
30 30 100 0.88
30 31 187 0.808
30 32 205 0.671
30 33 27 0.836
30 34 29 0.829
30 35 192 0.874
30 36 176 0.633
30 37 0 0.0
30 38 0 0.0
30 39 172 0.801
30 40 210 0.869
30 41 19 0.796
30 42 15 0.493
30 43 195 0.877
30 44 320 0.749
30 45 159 0.708
30 46 209 0.839
30 47 256 0.763
30 48 389 0.736
31 1 486 0.579
31 2 440 0.855
31 3 400 0.684
31 4 370 0.725
31 5 320 0.816
31 6 307 0.791
31 7 304 0.879
31 8 301 0.694
31 9 303 0.76
31 10 293 0.841
31 11 308 0.838
31 12 290 0.829
31 13 291 0.787
31 14 279 0.88
31 15 276 0.842
31 16 250 0.777
31 17 257 0.786
31 18 255 0.724
31 19 243 0.798
31 20 252 0.757
31 21 235 0.845
31 22 261 0.708
31 23 245 0.811
31 24 267 0.884
31 25 261 0.895
31 26 245 0.85
31 27 233 0.838
31 28 248 0.86
31 29 252 0.841
31 30 262 0.899
31 31 230 0.798
31 32 243 0.877
31 33 240 0.817
31 34 217 0.79
31 35 235 0.88
31 36 233 0.898
31 37 265 0.808
31 38 228 0.807
31 39 224 0.889
31 40 213 0.781
31 41 212 0.684
31 42 234 0.835
31 43 286 0.792
31 44 257 0.807
31 45 264 0.874
31 46 257 0.805
31 47 325 0.751
31 48 497 0.655
32 1 449 0.612
32 2 594 0.647
32 3 614 0.852
32 4 517 0.7
32 5 452 0.752
32 6 462 0.74
32 7 440 0.701
32 8 438 0.779
32 9 477 0.794
32 10 434 0.814
32 11 386 0.82
32 12 408 0.841
32 13 388 0.802
32 14 421 0.754
32 15 381 0.79
32 16 317 0.777
32 17 478 0.85
32 18 414 0.757
32 19 208 0.825
32 20 355 0.87
32 21 328 0.859
32 22 242 0.746
32 23 351 0.817
32 24 316 0.854
32 25 337 0.813
32 26 395 0.896
32 27 43 0.546
32 28 76 0.606
32 29 372 0.831
32 30 306 0.681
32 31 281 0.857
32 32 345 0.808
32 33 378 0.659
32 34 311 0.777
32 35 333 0.746
32 36 326 0.894
32 37 314 0.828
32 38 280 0.797
32 39 322 0.784
32 40 344 0.765
32 41 328 0.775
32 42 315 0.91
32 43 368 0.867
32 44 332 0.69
32 45 411 0.865
32 46 377 0.875
32 47 370 0.798
32 48 465 0.563
