row  column  size-1  circ-1
1 1 336 0.688
1 2 357 0.807
1 3 393 0.67
1 4 370 0.816
1 5 391 0.734
1 6 394 0.745
1 7 331 0.734
1 8 356 0.693
1 9 329 0.848
1 10 410 0.863
1 11 290 0.869
1 12 307 0.853
1 13 251 0.878
1 14 346 0.877
1 15 324 0.882
1 16 304 0.791
1 17 341 0.879
1 18 256 0.81
1 19 285 0.729
1 20 244 0.817
1 21 324 0.827
1 22 282 0.803
1 23 251 0.816
1 24 245 0.917
1 25 219 0.844
1 26 223 0.789
1 27 253 0.861
1 28 270 0.839
1 29 278 0.759
1 30 319 0.906
1 31 0 0.0
1 32 66 0.66
1 33 264 0.865
1 34 256 0.871
1 35 339 0.799
1 36 360 0.882
1 37 271 0.777
1 38 341 0.752
1 39 376 0.872
1 40 349 0.758
1 41 340 0.856
1 42 389 0.85
1 43 413 0.716
1 44 404 0.81
1 45 455 0.778
1 46 486 0.575
1 47 532 0.543
1 48 377 0.57
2 1 291 0.605
2 2 262 0.698
2 3 325 0.788
2 4 308 0.841
2 5 274 0.809
2 6 297 0.858
2 7 256 0.871
2 8 258 0.817
2 9 276 0.746
2 10 277 0.883
2 11 247 0.753
2 12 262 0.799
2 13 265 0.878
2 14 242 0.677
2 15 265 0.861
2 16 300 0.861
2 17 241 0.843
2 18 272 0.767
2 19 326 0.852
2 20 231 0.824
2 21 265 0.832
2 22 257 0.798
2 23 247 0.874
2 24 254 0.864
2 25 258 0.823
2 26 255 0.885
2 27 202 0.861
2 28 184 0.865
2 29 330 0.836
2 30 308 0.762
2 31 273 0.806
2 32 256 0.848
2 33 256 0.855
2 34 259 0.842
2 35 263 0.839
2 36 216 0.802
2 37 199 0.745
2 38 210 0.755
2 39 259 0.858
2 40 247 0.857
2 41 250 0.844
2 42 297 0.778
2 43 303 0.519
2 44 308 0.75
2 45 320 0.503
2 46 385 0.854
2 47 390 0.552
2 48 451 0.687
3 1 355 0.818
3 2 310 0.738
3 3 280 0.824
3 4 262 0.851
3 5 251 0.76
3 6 232 0.742
3 7 306 0.745
3 8 228 0.889
3 9 214 0.788
3 10 231 0.817
3 11 233 0.772
3 12 242 0.87
3 13 229 0.794
3 14 220 0.823
3 15 234 0.796
3 16 226 0.748
3 17 164 0.724
3 18 167 0.744
3 19 192 0.883
3 20 209 0.839
3 21 230 0.736
3 22 63 0.858
3 23 256 0.795
3 24 238 0.794
3 25 243 0.781
3 26 252 0.835
3 27 0 0.0
3 28 0 0.0
3 29 282 0.809
3 30 257 0.851
3 31 221 0.862
3 32 267 0.76
3 33 197 0.815
3 34 224 0.683
3 35 243 0.843
3 36 219 0.861
3 37 245 0.747
3 38 253 0.822
3 39 215 0.748
3 40 249 0.831
3 41 259 0.881
3 42 249 0.722
3 43 268 0.826
3 44 264 0.82
3 45 309 0.772
3 46 312 0.688
3 47 300 0.786
3 48 367 0.79
4 1 443 0.617
4 2 349 0.612
4 3 294 0.789
4 4 276 0.739
4 5 0 0.0
4 6 144 0.726
4 7 230 0.886
4 8 217 0.846
4 9 180 0.838
4 10 195 0.817
4 11 252 0.835
4 12 202 0.821
4 13 220 0.876
4 14 223 0.87
4 15 208 0.785
4 16 194 0.884
4 17 144 0.686
4 18 183 0.88
4 19 221 0.713
4 20 225 0.825
4 21 117 0.846
4 22 179 0.815
4 23 226 0.784
4 24 224 0.792
4 25 154 0.81
4 26 183 0.79
4 27 205 0.74
4 28 214 0.904
4 29 237 0.705
4 30 253 0.766
4 31 0 0.0
4 32 0 0.0
4 33 234 0.835
4 34 211 0.83
4 35 219 0.837
4 36 216 0.809
4 37 0 0.0
4 38 0 0.0
4 39 244 0.655
4 40 233 0.831
4 41 177 0.86
4 42 170 0.916
4 43 252 0.813
4 44 268 0.839
4 45 199 0.754
4 46 199 0.936
4 47 323 0.818
4 48 386 0.808
5 1 348 0.576
5 2 300 0.784
5 3 254 0.694
5 4 248 0.624
5 5 287 0.674
5 6 226 0.822
5 7 234 0.735
5 8 234 0.796
5 9 202 0.797
5 10 215 0.871
5 11 186 0.875
5 12 208 0.788
5 13 200 0.764
5 14 193 0.871
5 15 188 0.606
5 16 195 0.666
5 17 189 0.598
5 18 197 0.859
5 19 233 0.732
5 20 219 0.624
5 21 197 0.676
5 22 190 0.772
5 23 225 0.812
5 24 190 0.636
5 25 196 0.764
5 26 197 0.825
5 27 192 0.804
5 28 199 0.783
5 29 206 0.771
5 30 205 0.841
5 31 213 0.797
5 32 194 0.7
5 33 154 0.927
5 34 173 0.852
5 35 205 0.692
5 36 203 0.724
5 37 231 0.759
5 38 225 0.745
5 39 161 0.868
5 40 151 0.864
5 41 243 0.784
5 42 224 0.831
5 43 250 0.841
5 44 257 0.835
5 45 227 0.833
5 46 299 0.603
5 47 354 0.803
5 48 466 0.651
6 1 412 0.678
6 2 313 0.512
6 3 268 0.811
6 4 256 0.694
6 5 249 0.74
6 6 227 0.788
6 7 223 0.811
6 8 205 0.574
6 9 190 0.735
6 10 193 0.809
6 11 191 0.87
6 12 210 0.709
6 13 201 0.817
6 14 183 0.72
6 15 195 0.646
6 16 183 0.75
6 17 176 0.744
6 18 205 0.783
6 19 164 0.826
6 20 204 0.689
6 21 185 0.782
6 22 171 0.769
6 23 0 0.0
6 24 16 0.772
6 25 171 0.823
6 26 206 0.75
6 27 199 0.769
6 28 196 0.749
6 29 153 0.69
6 30 167 0.754
6 31 178 0.885
6 32 185 0.681
6 33 217 0.774
6 34 170 0.829
6 35 196 0.831
6 36 196 0.701
6 37 198 0.837
6 38 192 0.829
6 39 187 0.825
6 40 198 0.855
6 41 188 0.712
6 42 199 0.816
6 43 219 0.781
6 44 182 0.811
6 45 79 0.764
6 46 169 0.851
6 47 341 0.703
6 48 0 0.0
7 1 349 0.597
7 2 331 0.819
7 3 292 0.718
7 4 255 0.739
7 5 203 0.754
7 6 198 0.756
7 7 210 0.802
7 8 197 0.768
7 9 195 0.842
7 10 206 0.787
7 11 189 0.759
7 12 225 0.712
7 13 196 0.828
7 14 213 0.76
7 15 187 0.621
7 16 187 0.852
7 17 185 0.817
7 18 130 0.856
7 19 194 0.849
7 20 170 0.845
7 21 191 0.709
7 22 197 0.723
7 23 183 0.735
7 24 194 0.789
7 25 200 0.751
7 26 211 0.865
7 27 227 0.505
7 28 186 0.671
7 29 160 0.664
7 30 190 0.846
7 31 178 0.762
7 32 150 0.656
7 33 206 0.878
7 34 216 0.849
7 35 189 0.816
7 36 205 0.674
7 37 207 0.791
7 38 210 0.78
7 39 210 0.78
7 40 194 0.872
7 41 219 0.619
7 42 210 0.786
7 43 220 0.684
7 44 240 0.746
7 45 273 0.751
7 46 325 0.81
7 47 337 0.797
7 48 339 0.54
8 1 348 0.645
8 2 247 0.503
8 3 0 0.0
8 4 282 0.744
8 5 292 0.718
8 6 231 0.765
8 7 226 0.763
8 8 222 0.841
8 9 234 0.733
8 10 219 0.754
8 11 0 0.0
8 12 0 0.0
8 13 204 0.826
8 14 202 0.788
8 15 143 0.86
8 16 0 0.0
8 17 188 0.788
8 18 191 0.87
8 19 216 0.849
8 20 200 0.872
8 21 200 0.838
8 22 202 0.772
8 23 197 0.801
8 24 195 0.896
8 25 0 0.0
8 26 156 0.853
8 27 208 0.744
8 28 188 0.778
8 29 188 0.692
8 30 203 0.704
8 31 188 0.742
8 32 187 0.808
8 33 192 0.758
8 34 188 0.771
8 35 195 0.76
8 36 224 0.734
8 37 0 0.0
8 38 0 0.0
8 39 198 0.765
8 40 208 0.722
8 41 231 0.84
8 42 231 0.847
8 43 0 0.0
8 44 0 0.0
8 45 256 0.801
8 46 301 0.848
8 47 362 0.624
8 48 376 0.728
9 1 354 0.805
9 2 303 0.654
9 3 298 0.716
9 4 259 0.743
9 5 248 0.797
9 6 235 0.831
9 7 237 0.855
9 8 302 0.765
9 9 210 0.743
9 10 208 0.906
9 11 200 0.708
9 12 206 0.827
9 13 165 0.794
9 14 215 0.714
9 15 204 0.844
9 16 213 0.821
9 17 237 0.794
9 18 238 0.81
9 19 184 0.778
9 20 206 0.682
9 21 200 0.845
9 22 187 0.8
9 23 206 0.871
9 24 196 0.719
9 25 147 0.792
9 26 196 0.901
9 27 202 0.828
9 28 174 0.714
9 29 186 0.866
9 30 174 0.72
9 31 162 0.779
9 32 173 0.788
9 33 178 0.845
9 34 202 0.715
9 35 189 0.752
9 36 221 0.761
9 37 195 0.861
9 38 215 0.754
9 39 199 0.739
9 40 232 0.697
9 41 169 0.499
9 42 233 0.778
9 43 255 0.772
9 44 236 0.702
9 45 311 0.821
9 46 282 0.876
9 47 334 0.802
9 48 341 0.793
10 1 323 0.59
10 2 310 0.75
10 3 273 0.631
10 4 236 0.782
10 5 218 0.894
10 6 240 0.746
10 7 200 0.853
10 8 230 0.452
10 9 202 0.75
10 10 196 0.662
10 11 196 0.742
10 12 204 0.722
10 13 194 0.796
10 14 208 0.55
10 15 178 0.829
10 16 198 0.726
10 17 0 0.0
10 18 0 0.0
10 19 205 0.79
10 20 200 0.755
10 21 175 0.74
10 22 174 0.693
10 23 196 0.821
10 24 173 0.852
10 25 158 0.72
10 26 178 0.674
10 27 168 0.816
10 28 141 0.84
10 29 174 0.818
10 30 189 0.834
10 31 162 0.755
10 32 165 0.738
10 33 172 0.705
10 34 172 0.657
10 35 171 0.716
10 36 177 0.649
10 37 185 0.782
10 38 197 0.825
10 39 195 0.832
10 40 157 0.829
10 41 192 0.891
10 42 149 0.787
10 43 165 0.786
10 44 224 0.927
10 45 200 0.899
10 46 273 0.665
10 47 303 0.908
10 48 0 0.0
11 1 404 0.683
11 2 358 0.718
11 3 242 0.808
11 4 245 0.867
11 5 250 0.702
11 6 262 0.773
11 7 233 0.56
11 8 220 0.74
11 9 210 0.802
11 10 165 0.706
11 11 191 0.807
11 12 185 0.792
11 13 57 0.724
11 14 46 0.748
11 15 203 0.595
11 16 213 0.791
11 17 0 0.0
11 18 0 0.0
11 19 194 0.856
11 20 206 0.926
11 21 152 0.686
11 22 172 0.736
11 23 154 0.881
11 24 175 0.718
11 25 176 0.784
11 26 187 0.793
11 27 161 0.689
11 28 177 0.824
11 29 135 0.776
11 30 134 0.715
11 31 155 0.763
11 32 168 0.808
11 33 178 0.885
11 34 182 0.786
11 35 179 0.842
11 36 167 0.778
11 37 189 0.806
11 38 202 0.744
11 39 182 0.867
11 40 191 0.676
11 41 211 0.823
11 42 208 0.853
11 43 167 0.796
11 44 207 0.718
11 45 273 0.77
11 46 265 0.861
11 47 345 0.821
11 48 398 0.695
12 1 0 0.0
12 2 0 0.0
12 3 301 0.84
12 4 277 0.731
12 5 0 0.0
12 6 0 0.0
12 7 246 0.695
12 8 250 0.867
12 9 84 0.752
12 10 223 0.802
12 11 223 0.642
12 12 204 0.901
12 13 196 0.764
12 14 198 0.91
12 15 228 0.776
12 16 228 0.871
12 17 0 0.0
12 18 0 0.0
12 19 224 0.771
12 20 191 0.793
12 21 196 0.736
12 22 180 0.82
12 23 183 0.88
12 24 204 0.826
12 25 195 0.8
12 26 170 0.597
12 27 152 0.724
12 28 212 0.546
12 29 190 0.821
12 30 183 0.773
12 31 186 0.803
12 32 194 0.845
12 33 196 0.742
12 34 188 0.678
12 35 223 0.789
12 36 194 0.609
12 37 219 0.598
12 38 234 0.735
12 39 184 0.838
12 40 213 0.831
12 41 220 0.883
12 42 200 0.845
12 43 199 0.754
12 44 235 0.778
12 45 232 0.821
12 46 274 0.874
12 47 302 0.791
12 48 360 0.811
13 1 372 0.785
13 2 295 0.73
13 3 271 0.764
13 4 250 0.591
13 5 187 0.879
13 6 183 0.86
13 7 176 0.744
13 8 162 0.805
13 9 228 0.761
13 10 200 0.838
13 11 209 0.739
13 12 180 0.682
13 13 185 0.799
13 14 195 0.776
13 15 228 0.785
13 16 209 0.883
13 17 195 0.745
13 18 167 0.747
13 19 194 0.82
13 20 235 0.822
13 21 198 0.75
13 22 170 0.853
13 23 207 0.747
13 24 189 0.656
13 25 185 0.89
13 26 170 0.792
13 27 189 0.752
13 28 154 0.613
13 29 169 0.646
13 30 167 0.822
13 31 191 0.87
13 32 189 0.674
13 33 173 0.74
13 34 172 0.736
13 35 188 0.83
13 36 171 0.779
13 37 169 0.723
13 38 199 0.875
13 39 195 0.745
13 40 224 0.838
13 41 230 0.715
13 42 214 0.834
13 43 197 0.801
13 44 225 0.751
13 45 251 0.615
13 46 283 0.563
13 47 306 0.77
13 48 387 0.851
14 1 344 0.709
14 2 292 0.747
14 3 250 0.835
14 4 242 0.863
14 5 269 0.655
14 6 243 0.73
14 7 203 0.808
14 8 220 0.743
14 9 208 0.795
14 10 239 0.829
14 11 216 0.894
14 12 213 0.807
14 13 228 0.741
14 14 219 0.887
14 15 0 0.0
14 16 0 0.0
14 17 173 0.889
14 18 173 0.88
14 19 158 0.852
14 20 194 0.884
14 21 203 0.718
14 22 183 0.714
14 23 219 0.803
14 24 213 0.831
14 25 159 0.837
14 26 173 0.806
14 27 161 0.868
14 28 193 0.716
14 29 168 0.793
14 30 204 0.844
14 31 176 0.839
14 32 185 0.707
14 33 171 0.83
14 34 187 0.774
14 35 179 0.881
14 36 145 0.873
14 37 166 0.798
14 38 180 0.513
14 39 0 0.0
14 40 202 0.872
14 41 195 0.8
14 42 204 0.757
14 43 173 0.781
14 44 199 0.776
14 45 229 0.85
14 46 245 0.703
14 47 0 0.0
14 48 0 0.0
15 1 366 0.771
15 2 292 0.765
15 3 280 0.861
15 4 279 0.629
15 5 244 0.802
15 6 252 0.744
15 7 214 0.709
15 8 225 0.79
15 9 243 0.874
15 10 204 0.862
15 11 223 0.888
15 12 223 0.895
15 13 188 0.864
15 14 209 0.865
15 15 251 0.864
15 16 199 0.806
15 17 193 0.834
15 18 194 0.82
15 19 183 0.705
15 20 197 0.815
15 21 224 0.786
15 22 185 0.736
15 23 189 0.768
15 24 179 0.719
15 25 176 0.812
15 26 185 0.806
15 27 166 0.798
15 28 196 0.742
15 29 170 0.865
15 30 166 0.836
15 31 171 0.661
15 32 184 0.748
15 33 172 0.565
15 34 221 0.761
15 35 264 0.771
15 36 218 0.809
15 37 211 0.693
15 38 225 0.669
15 39 244 0.808
15 40 243 0.704
15 41 217 0.774
15 42 219 0.8
15 43 221 0.851
15 44 221 0.752
15 45 281 0.754
15 46 249 0.727
15 47 340 0.761
15 48 420 0.761
16 1 365 0.62
16 2 285 0.832
16 3 0 0.0
16 4 0 0.0
16 5 269 0.727
16 6 265 0.755
16 7 252 0.67
16 8 225 0.72
16 9 265 0.546
16 10 265 0.694
16 11 0 0.0
16 12 0 0.0
16 13 254 0.723
16 14 251 0.774
16 15 0 0.0
16 16 179 0.815
16 17 216 0.678
16 18 204 0.607
16 19 156 0.821
16 20 194 0.594
16 21 211 0.79
16 22 173 0.709
16 23 203 0.858
16 24 198 0.656
16 25 169 0.84
16 26 186 0.847
16 27 178 0.786
16 28 171 0.762
16 29 175 0.815
16 30 210 0.685
16 31 180 0.77
16 32 217 0.724
16 33 234 0.721
16 34 259 0.799
16 35 0 0.0
16 36 196 0.564
16 37 0 0.0
16 38 211 0.799
16 39 0 0.0
16 40 0 0.0
16 41 244 0.847
16 42 242 0.808
16 43 0 0.0
16 44 180 0.812
16 45 237 0.75
16 46 173 0.595
16 47 307 0.772
16 48 321 0.883
17 1 315 0.738
17 2 204 0.786
17 3 286 0.82
17 4 270 0.664
17 5 236 0.651
17 6 237 0.687
17 7 232 0.768
17 8 235 0.637
17 9 212 0.496
17 10 248 0.701
17 11 241 0.804
17 12 226 0.863
17 13 201 0.817
17 14 201 0.784
17 15 208 0.795
17 16 212 0.771
17 17 178 0.762
17 18 205 0.725
17 19 203 0.626
17 20 177 0.726
17 21 182 0.856
17 22 198 0.805
17 23 203 0.798
17 24 192 0.829
17 25 172 0.592
17 26 181 0.817
17 27 199 0.792
17 28 187 0.723
17 29 211 0.572
17 30 176 0.913
17 31 195 0.751
17 32 222 0.612
17 33 199 0.823
17 34 220 0.858
17 35 207 0.66
17 36 249 0.74
17 37 199 0.809
17 38 215 0.863
17 39 236 0.733
17 40 228 0.627
17 41 253 0.747
17 42 206 0.75
17 43 177 0.799
17 44 194 0.796
17 45 247 0.773
17 46 270 0.614
17 47 340 0.733
17 48 365 0.79
18 1 328 0.674
18 2 241 0.843
18 3 243 0.811
18 4 230 0.861
18 5 251 0.728
18 6 245 0.821
18 7 204 0.862
18 8 206 0.758
18 9 0 0.0
18 10 0 0.0
18 11 199 0.776
18 12 225 0.867
18 13 165 0.812
18 14 217 0.836
18 15 177 0.824
18 16 164 0.747
18 17 191 0.717
18 18 184 0.82
18 19 103 0.831
18 20 209 0.687
18 21 208 0.641
18 22 191 0.793
18 23 176 0.767
18 24 224 0.815
18 25 208 0.779
18 26 198 0.837
18 27 177 0.851
18 28 180 0.777
18 29 209 0.769
18 30 200 0.565
18 31 207 0.732
18 32 197 0.753
18 33 188 0.805
18 34 132 0.815
18 35 187 0.783
18 36 201 0.568
18 37 190 0.641
18 38 213 0.791
18 39 198 0.756
18 40 222 0.855
18 41 224 0.75
18 42 181 0.806
18 43 181 0.635
18 44 219 0.663
18 45 246 0.77
18 46 260 0.838
18 47 267 0.505
18 48 350 0.692
19 1 383 0.789
19 2 314 0.671
19 3 272 0.68
19 4 272 0.623
19 5 262 0.746
19 6 229 0.738
19 7 255 0.675
19 8 257 0.608
19 9 266 0.732
19 10 243 0.628
19 11 232 0.668
19 12 231 0.718
19 13 179 0.698
19 14 230 0.704
19 15 201 0.717
19 16 244 0.707
19 17 140 0.801
19 18 208 0.751
19 19 198 0.902
19 20 204 0.689
19 21 206 0.803
19 22 224 0.881
19 23 204 0.805
19 24 222 0.755
19 25 198 0.822
19 26 202 0.709
19 27 204 0.722
19 28 182 0.829
19 29 204 0.676
19 30 205 0.706
19 31 198 0.882
19 32 198 0.772
19 33 205 0.783
19 34 235 0.834
19 35 176 0.895
19 36 225 0.812
19 37 211 0.847
19 38 207 0.68
19 39 236 0.679
19 40 215 0.798
19 41 188 0.733
19 42 220 0.848
19 43 192 0.837
19 44 259 0.745
19 45 250 0.785
19 46 262 0.842
19 47 278 0.818
19 48 342 0.747
20 1 388 0.837
20 2 305 0.698
20 3 0 0.0
20 4 246 0.629
20 5 317 0.522
20 6 293 0.642
20 7 269 0.705
20 8 266 0.777
20 9 289 0.789
20 10 264 0.779
20 11 0 0.0
20 12 0 0.0
20 13 224 0.673
20 14 230 0.75
20 15 210 0.802
20 16 0 0.0
20 17 219 0.663
20 18 189 0.525
20 19 215 0.754
20 20 231 0.792
20 21 188 0.748
20 22 197 0.717
20 23 216 0.622
20 24 207 0.741
20 25 188 0.642
20 26 201 0.759
20 27 218 0.793
20 28 210 0.786
20 29 204 0.795
20 30 220 0.702
20 31 206 0.765
20 32 182 0.676
20 33 201 0.868
20 34 199 0.739
20 35 196 0.734
20 36 198 0.701
20 37 209 0.739
20 38 193 0.716
20 39 194 0.679
20 40 186 0.811
20 41 228 0.649
20 42 224 0.748
20 43 183 0.815
20 44 209 0.85
20 45 252 0.712
20 46 247 0.716
20 47 254 0.816
20 48 333 0.785
21 1 368 0.692
21 2 287 0.784
21 3 270 0.852
21 4 299 0.783
21 5 262 0.574
21 6 244 0.784
21 7 226 0.832
21 8 246 0.591
21 9 233 0.772
21 10 233 0.586
21 11 221 0.788
21 12 249 0.558
21 13 229 0.744
21 14 221 0.681
21 15 209 0.606
21 16 206 0.709
21 17 168 0.548
21 18 179 0.633
21 19 207 0.732
21 20 216 0.825
21 21 193 0.791
21 22 190 0.789
21 23 205 0.644
21 24 213 0.727
21 25 216 0.764
21 26 212 0.851
21 27 170 0.712
21 28 169 0.64
21 29 210 0.703
21 30 212 0.741
21 31 163 0.813
21 32 160 0.762
21 33 201 0.8
21 34 188 0.83
21 35 198 0.855
21 36 210 0.888
21 37 203 0.775
21 38 214 0.748
21 39 201 0.824
21 40 203 0.877
21 41 186 0.747
21 42 185 0.87
21 43 173 0.872
21 44 217 0.705
21 45 247 0.803
21 46 263 0.567
21 47 293 0.636
21 48 372 0.753
22 1 328 0.806
22 2 335 0.548
22 3 314 0.455
22 4 261 0.459
22 5 276 0.723
22 6 261 0.579
22 7 232 0.629
22 8 221 0.752
22 9 200 0.82
22 10 238 0.634
22 11 237 0.699
22 12 251 0.78
22 13 243 0.699
22 14 192 0.822
22 15 197 0.731
22 16 198 0.837
22 17 222 0.755
22 18 202 0.656
22 19 0 0.0
22 20 0 0.0
22 21 220 0.628
22 22 202 0.701
22 23 184 0.785
22 24 179 0.728
22 25 187 0.711
22 26 182 0.821
22 27 174 0.775
22 28 183 0.693
22 29 174 0.785
22 30 186 0.811
22 31 209 0.776
22 32 172 0.743
22 33 225 0.803
22 34 188 0.764
22 35 189 0.799
22 36 200 0.845
22 37 217 0.713
22 38 206 0.729
22 39 57 0.698
22 40 26 0.461
22 41 212 0.702
22 42 206 0.743
22 43 230 0.814
22 44 212 0.744
22 45 253 0.674
22 46 280 0.645
22 47 261 0.743
22 48 357 0.729
23 1 422 0.556
23 2 369 0.475
23 3 338 0.521
23 4 321 0.575
23 5 305 0.738
23 6 261 0.768
23 7 198 0.772
23 8 244 0.778
23 9 219 0.762
23 10 234 0.666
23 11 253 0.669
23 12 262 0.578
23 13 0 0.0
23 14 52 0.748
23 15 174 0.641
23 16 205 0.806
23 17 217 0.629
23 18 216 0.809
23 19 162 0.797
23 20 231 0.84
23 21 208 0.853
23 22 183 0.66
23 23 220 0.791
23 24 172 0.827
23 25 175 0.733
23 26 201 0.636
23 27 237 0.8
23 28 188 0.628
23 29 168 0.669
23 30 197 0.833
23 31 165 0.831
23 32 211 0.726
23 33 233 0.565
23 34 191 0.79
23 35 180 0.805
23 36 183 0.618
23 37 203 0.712
23 38 199 0.563
23 39 177 0.832
23 40 219 0.725
23 41 231 0.712
23 42 236 0.773
23 43 217 0.774
23 44 230 0.603
23 45 266 0.752
23 46 273 0.594
23 47 346 0.613
23 48 381 0.687
24 1 255 0.444
24 2 442 0.386
24 3 361 0.391
24 4 332 0.324
24 5 0 0.0
24 6 0 0.0
24 7 254 0.569
24 8 230 0.747
24 9 261 0.65
24 10 262 0.793
24 11 235 0.681
24 12 122 0.726
24 13 216 0.637
24 14 258 0.729
24 15 261 0.668
24 16 239 0.836
24 17 206 0.813
24 18 268 0.811
24 19 194 0.813
24 20 192 0.674
24 21 219 0.797
24 22 271 0.655
24 23 233 0.713
24 24 213 0.791
24 25 229 0.758
24 26 198 0.759
24 27 200 0.872
24 28 218 0.787
24 29 248 0.765
24 30 236 0.728
24 31 230 0.569
24 32 213 0.831
24 33 188 0.815
24 34 221 0.702
24 35 182 0.829
24 36 216 0.729
24 37 238 0.726
24 38 236 0.825
24 39 193 0.691
24 40 256 0.655
24 41 250 0.751
24 42 234 0.755
24 43 258 0.808
24 44 257 0.737
24 45 291 0.536
24 46 317 0.64
24 47 296 0.51
24 48 284 0.558
25 1 465 0.438
25 2 411 0.28
25 3 398 0.321
25 4 332 0.52
25 5 320 0.461
25 6 259 0.467
25 7 288 0.594
25 8 281 0.53
25 9 264 0.557
25 10 245 0.686
25 11 274 0.809
25 12 253 0.48
25 13 111 0.631
25 14 243 0.675
25 15 225 0.641
25 16 204 0.7
25 17 240 0.6
25 18 218 0.716
25 19 239 0.705
25 20 235 0.738
25 21 212 0.694
25 22 142 0.776
25 23 267 0.768
25 24 230 0.82
25 25 198 0.735
25 26 224 0.629
25 27 176 0.701
25 28 197 0.592
25 29 210 0.843
25 30 198 0.61
25 31 221 0.752
25 32 236 0.733
25 33 190 0.601
25 34 264 0.82
25 35 217 0.812
25 36 180 0.702
25 37 221 0.681
25 38 204 0.889
25 39 204 0.837
25 40 239 0.7
25 41 222 0.521
25 42 241 0.592
25 43 222 0.755
25 44 238 0.742
25 45 285 0.657
25 46 296 0.546
25 47 363 0.31
25 48 456 0.558
26 1 477 0.435
26 2 380 0.576
26 3 358 0.355
26 4 283 0.673
26 5 323 0.455
26 6 262 0.464
26 7 295 0.508
26 8 259 0.518
26 9 253 0.684
26 10 255 0.68
26 11 216 0.71
26 12 242 0.645
26 13 253 0.708
26 14 274 0.623
26 15 230 0.691
26 16 222 0.755
26 17 212 0.75
26 18 129 0.705
26 19 0 0.0
26 20 0 0.0
26 21 209 0.595
26 22 241 0.804
26 23 0 0.0
26 24 0 0.0
26 25 226 0.757
26 26 246 0.75
26 27 214 0.772
26 28 221 0.74
26 29 185 0.687
26 30 212 0.744
26 31 206 0.695
26 32 200 0.787
26 33 208 0.666
26 34 204 0.641
26 35 213 0.65
26 36 228 0.778
26 37 242 0.677
26 38 240 0.708
26 39 210 0.843
26 40 246 0.877
26 41 231 0.687
26 42 251 0.733
26 43 231 0.817
26 44 264 0.595
26 45 259 0.626
26 46 334 0.496
26 47 353 0.478
26 48 379 0.689
27 1 515 0.46
27 2 442 0.228
27 3 336 0.467
27 4 401 0.429
27 5 358 0.431
27 6 283 0.545
27 7 294 0.644
27 8 268 0.663
27 9 261 0.691
27 10 248 0.874
27 11 288 0.608
27 12 257 0.753
27 13 0 0.0
27 14 0 0.0
27 15 256 0.711
27 16 258 0.665
27 17 250 0.806
27 18 229 0.833
27 19 211 0.796
27 20 247 0.663
27 21 235 0.88
27 22 235 0.568
27 23 211 0.799
27 24 210 0.672
27 25 246 0.821
27 26 196 0.804
27 27 190 0.796
27 28 202 0.695
27 29 244 0.639
27 30 207 0.699
27 31 233 0.766
27 32 254 0.694
27 33 250 0.806
27 34 229 0.693
27 35 216 0.723
27 36 215 0.668
27 37 195 0.8
27 38 194 0.796
27 39 247 0.679
27 40 253 0.663
27 41 226 0.754
27 42 269 0.343
27 43 297 0.621
27 44 283 0.624
27 45 280 0.53
27 46 344 0.484
27 47 311 0.583
27 48 278 0.627
28 1 557 0.453
28 2 512 0.227
28 3 0 0.0
28 4 395 0.698
28 5 345 0.393
28 6 412 0.482
28 7 317 0.444
28 8 300 0.521
28 9 0 0.0
28 10 0 0.0
28 11 289 0.679
28 12 276 0.786
28 13 295 0.765
28 14 312 0.51
28 15 273 0.806
28 16 266 0.734
28 17 196 0.821
28 18 284 0.71
28 19 297 0.618
28 20 270 0.732
28 21 254 0.582
28 22 239 0.7
28 23 239 0.681
28 24 238 0.69
28 25 246 0.726
28 26 247 0.74
28 27 287 0.757
28 28 271 0.753
28 29 230 0.679
28 30 239 0.551
28 31 239 0.718
28 32 250 0.544
28 33 278 0.632
28 34 272 0.669
28 35 263 0.768
28 36 248 0.694
28 37 252 0.683
28 38 261 0.72
28 39 290 0.57
28 40 270 0.614
28 41 257 0.82
28 42 256 0.605
28 43 318 0.634
28 44 305 0.521
28 45 332 0.564
28 46 346 0.642
28 47 387 0.312
28 48 487 0.583
29 1 524 0.479
29 2 540 0.451
29 3 449 0.323
29 4 383 0.444
29 5 397 0.217
29 6 344 0.544
29 7 312 0.484
29 8 328 0.639
29 9 346 0.521
29 10 299 0.515
29 11 351 0.41
29 12 304 0.735
29 13 287 0.722
29 14 262 0.845
29 15 305 0.703
29 16 284 0.698
29 17 261 0.672
29 18 287 0.803
29 19 287 0.657
29 20 255 0.845
29 21 299 0.651
29 22 267 0.646
29 23 295 0.718
29 24 329 0.517
29 25 267 0.683
29 26 291 0.727
29 27 271 0.712
29 28 291 0.739
29 29 295 0.697
29 30 285 0.747
29 31 255 0.813
29 32 269 0.58
29 33 308 0.775
29 34 249 0.675
29 35 283 0.634
29 36 249 0.441
29 37 291 0.768
29 38 274 0.723
29 39 268 0.58
29 40 254 0.416
29 41 317 0.442
29 42 292 0.597
29 43 297 0.621
29 44 324 0.494
29 45 393 0.65
29 46 345 0.519
29 47 373 0.655
29 48 434 0.561
30 1 405 0.346
30 2 376 0.301
30 3 447 0.329
30 4 461 0.234
30 5 447 0.307
30 6 385 0.312
30 7 358 0.494
30 8 378 0.356
30 9 354 0.594
30 10 345 0.694
30 11 297 0.837
30 12 317 0.714
30 13 300 0.647
30 14 319 0.644
30 15 287 0.77
30 16 283 0.734
30 17 309 0.815
30 18 281 0.669
30 19 330 0.773
30 20 325 0.779
30 21 332 0.463
30 22 302 0.783
30 23 0 0.0
30 24 0 0.0
30 25 325 0.843
30 26 303 0.733
30 27 282 0.682
30 28 268 0.791
30 29 254 0.75
30 30 340 0.632
30 31 285 0.727
30 32 251 0.692
30 33 283 0.741
30 34 266 0.848
30 35 265 0.448
30 36 231 0.89
30 37 290 0.585
30 38 288 0.703
30 39 284 0.829
30 40 273 0.772
30 41 315 0.63
30 42 317 0.663
30 43 277 0.495
30 44 310 0.654
30 45 359 0.337
30 46 364 0.624
30 47 341 0.529
30 48 400 0.587
31 1 585 0.436
31 2 584 0.337
31 3 559 0.384
31 4 485 0.471
31 5 527 0.512
31 6 454 0.385
31 7 467 0.34
31 8 420 0.55
31 9 448 0.38
31 10 314 0.617
31 11 424 0.641
31 12 399 0.66
31 13 460 0.519
31 14 412 0.414
31 15 369 0.676
31 16 382 0.744
31 17 392 0.708
31 18 430 0.634
31 19 203 0.769
31 20 175 0.756
31 21 337 0.805
31 22 362 0.84
31 23 442 0.629
31 24 352 0.571
31 25 345 0.766
31 26 357 0.624
31 27 352 0.65
31 28 322 0.688
31 29 397 0.662
31 30 391 0.439
31 31 371 0.669
31 32 355 0.66
31 33 373 0.774
31 34 374 0.563
31 35 349 0.636
31 36 325 0.615
31 37 310 0.635
31 38 338 0.56
31 39 354 0.605
31 40 351 0.67
31 41 335 0.531
31 42 428 0.494
31 43 379 0.538
31 44 390 0.396
31 45 385 0.391
31 46 364 0.622
31 47 422 0.577
31 48 486 0.54
32 1 663 0.586
32 2 593 0.37
32 3 566 0.395
32 4 682 0.621
32 5 631 0.361
32 6 567 0.42
32 7 606 0.396
32 8 611 0.549
32 9 517 0.297
32 10 373 0.252
32 11 512 0.362
32 12 485 0.466
32 13 312 0.446
32 14 301 0.631
32 15 410 0.426
32 16 435 0.498
32 17 531 0.528
32 18 393 0.537
32 19 435 0.46
32 20 467 0.503
32 21 352 0.587
32 22 165 0.553
32 23 384 0.531
32 24 377 0.567
32 25 371 0.615
32 26 393 0.664
32 27 240 0.74
32 28 272 0.522
32 29 375 0.488
32 30 404 0.685
32 31 467 0.629
32 32 396 0.677
32 33 0 0.0
32 34 0 0.0
32 35 416 0.492
32 36 508 0.481
32 37 491 0.456
32 38 463 0.6
32 39 467 0.33
32 40 428 0.545
32 41 532 0.693
32 42 536 0.688
32 43 394 0.378
32 44 520 0.549
32 45 412 0.412
32 46 604 0.617
32 47 537 0.559
32 48 457 0.488
