row  column  size-1  circ-1
1 1 583 0.648
1 2 544 0.503
1 3 563 0.608
1 4 474 0.759
1 5 485 0.763
1 6 462 0.699
1 7 410 0.808
1 8 394 0.817
1 9 435 0.758
1 10 424 0.819
1 11 369 0.85
1 12 359 0.735
1 13 342 0.771
1 14 380 0.862
1 15 369 0.738
1 16 403 0.785
1 17 352 0.783
1 18 375 0.837
1 19 341 0.844
1 20 337 0.889
1 21 353 0.808
1 22 337 0.84
1 23 342 0.838
1 24 337 0.789
1 25 352 0.819
1 26 337 0.784
1 27 350 0.844
1 28 307 0.838
1 29 322 0.64
1 30 334 0.84
1 31 328 0.781
1 32 345 0.872
1 33 309 0.835
1 34 319 0.693
1 35 325 0.852
1 36 355 0.805
1 37 294 0.795
1 38 307 0.865
1 39 308 0.762
1 40 338 0.829
1 41 360 0.804
1 42 361 0.643
1 43 294 0.871
1 44 415 0.806
1 45 500 0.832
1 46 486 0.881
1 47 0 0.0
1 48 0 0.0
2 1 568 0.827
2 2 418 0.692
2 3 377 0.666
2 4 358 0.589
2 5 379 0.627
2 6 287 0.838
2 7 322 0.664
2 8 302 0.747
2 9 278 0.827
2 10 276 0.833
2 11 282 0.867
2 12 279 0.815
2 13 288 0.786
2 14 319 0.539
2 15 264 0.771
2 16 244 0.744
2 17 241 0.853
2 18 261 0.848
2 19 273 0.797
2 20 243 0.79
2 21 256 0.819
2 22 242 0.863
2 23 226 0.797
2 24 247 0.756
2 25 228 0.878
2 26 244 0.847
2 27 250 0.819
2 28 212 0.794
2 29 192 0.848
2 30 232 0.861
2 31 238 0.873
2 32 219 0.797
2 33 245 0.843
2 34 181 0.817
2 35 216 0.842
2 36 224 0.792
2 37 212 0.834
2 38 244 0.758
2 39 217 0.79
2 40 224 0.815
2 41 175 0.878
2 42 232 0.894
2 43 249 0.803
2 44 255 0.786
2 45 223 0.859
2 46 333 0.824
2 47 409 0.763
2 48 541 0.905
3 1 527 0.614
3 2 347 0.845
3 3 360 0.71
3 4 336 0.636
3 5 290 0.847
3 6 280 0.705
3 7 272 0.809
3 8 253 0.672
3 9 273 0.722
3 10 248 0.757
3 11 231 0.847
3 12 230 0.94
3 13 233 0.808
3 14 211 0.597
3 15 174 0.81
3 16 183 0.86
3 17 222 0.808
3 18 148 0.817
3 19 204 0.748
3 20 219 0.706
3 21 197 0.815
3 22 208 0.868
3 23 154 0.859
3 24 179 0.89
3 25 203 0.775
3 26 137 0.855
3 27 196 0.699
3 28 142 0.833
3 29 213 0.687
3 30 190 0.803
3 31 60 0.849
3 32 0 0.0
3 33 220 0.601
3 34 197 0.815
3 35 154 0.822
3 36 188 0.771
3 37 196 0.854
3 38 187 0.833
3 39 191 0.898
3 40 182 0.864
3 41 179 0.861
3 42 202 0.818
3 43 194 0.81
3 44 199 0.823
3 45 210 0.72
3 46 259 0.79
3 47 290 0.853
3 48 318 0.819
4 1 542 0.583
4 2 354 0.803
4 3 369 0.794
4 4 287 0.853
4 5 262 0.875
4 6 224 0.822
4 7 251 0.746
4 8 209 0.792
4 9 166 0.882
4 10 248 0.806
4 11 198 0.802
4 12 207 0.831
4 13 216 0.809
4 14 217 0.768
4 15 222 0.582
4 16 204 0.742
4 17 183 0.735
4 18 181 0.879
4 19 173 0.832
4 20 193 0.768
4 21 164 0.74
4 22 162 0.679
4 23 186 0.839
4 24 186 0.796
4 25 154 0.802
4 26 148 0.817
4 27 181 0.806
4 28 182 0.837
4 29 176 0.767
4 30 150 0.88
4 31 196 0.846
4 32 191 0.818
4 33 157 0.867
4 34 149 0.803
4 35 176 0.847
4 36 187 0.76
4 37 137 0.878
4 38 153 0.897
4 39 158 0.882
4 40 160 0.893
4 41 168 0.884
4 42 175 0.823
4 43 153 0.697
4 44 185 0.89
4 45 186 0.779
4 46 214 0.801
4 47 283 0.848
4 48 281 0.835
5 1 460 0.533
5 2 371 0.457
5 3 349 0.864
5 4 278 0.848
5 5 240 0.774
5 6 239 0.87
5 7 237 0.779
5 8 229 0.833
5 9 229 0.773
5 10 196 0.881
5 11 225 0.704
5 12 207 0.791
5 13 205 0.666
5 14 213 0.766
5 15 191 0.825
5 16 200 0.787
5 17 175 0.842
5 18 194 0.845
5 19 165 0.831
5 20 165 0.794
5 21 155 0.781
5 22 154 0.822
5 23 137 0.784
5 24 165 0.889
5 25 162 0.917
5 26 151 0.758
5 27 167 0.671
5 28 179 0.815
5 29 156 0.68
5 30 148 0.746
5 31 157 0.826
5 32 159 0.666
5 33 159 0.727
5 34 142 0.747
5 35 154 0.842
5 36 24 0.453
5 37 157 0.829
5 38 157 0.818
5 39 150 0.912
5 40 144 0.933
5 41 152 0.803
5 42 154 0.851
5 43 149 0.874
5 44 120 0.79
5 45 162 0.836
5 46 156 0.813
5 47 277 0.83
5 48 308 0.773
6 1 490 0.573
6 2 343 0.455
6 3 307 0.539
6 4 279 0.795
6 5 257 0.658
6 6 264 0.726
6 7 213 0.781
6 8 221 0.797
6 9 229 0.706
6 10 209 0.808
6 11 202 0.861
6 12 191 0.878
6 13 191 0.807
6 14 185 0.701
6 15 199 0.859
6 16 207 0.778
6 17 169 0.898
6 18 177 0.764
6 19 148 0.859
6 20 178 0.648
6 21 160 0.706
6 22 162 0.738
6 23 160 0.862
6 24 147 0.885
6 25 157 0.846
6 26 154 0.791
6 27 136 0.881
6 28 160 0.884
6 29 142 0.715
6 30 171 0.887
6 31 141 0.819
6 32 150 0.858
6 33 132 0.794
6 34 159 0.91
6 35 145 0.813
6 36 148 0.859
6 37 125 0.733
6 38 147 0.82
6 39 141 0.763
6 40 145 0.782
6 41 166 0.895
6 42 110 0.716
6 43 150 0.809
6 44 180 0.784
6 45 36 0.857
6 46 180 0.82
6 47 204 0.889
6 48 289 0.789
7 1 470 0.635
7 2 261 0.666
7 3 305 0.716
7 4 259 0.805
7 5 260 0.802
7 6 243 0.749
7 7 182 0.786
7 8 219 0.766
7 9 201 0.684
7 10 230 0.684
7 11 195 0.79
7 12 190 0.686
7 13 193 0.71
7 14 198 0.663
7 15 192 0.855
7 16 178 0.864
7 17 150 0.809
7 18 161 0.803
7 19 173 0.824
7 20 190 0.803
7 21 161 0.819
7 22 154 0.717
7 23 124 0.825
7 24 124 0.838
7 25 143 0.771
7 26 163 0.784
7 27 132 0.806
7 28 177 0.901
7 29 146 0.827
7 30 154 0.758
7 31 133 0.909
7 32 142 0.765
7 33 152 0.781
7 34 144 0.845
7 35 129 0.688
7 36 135 0.865
7 37 134 0.859
7 38 130 0.865
7 39 126 0.766
7 40 142 0.758
7 41 153 0.805
7 42 147 0.748
7 43 143 0.738
7 44 139 0.858
7 45 176 0.847
7 46 195 0.85
7 47 207 0.831
7 48 220 0.817
8 1 448 0.525
8 2 368 0.586
8 3 294 0.745
8 4 283 0.529
8 5 266 0.783
8 6 223 0.783
8 7 161 0.674
8 8 199 0.792
8 9 175 0.709
8 10 208 0.727
8 11 194 0.796
8 12 176 0.777
8 13 182 0.746
8 14 185 0.701
8 15 180 0.784
8 16 155 0.847
8 17 168 0.772
8 18 171 0.823
8 19 162 0.797
8 20 155 0.756
8 21 142 0.842
8 22 143 0.839
8 23 147 0.792
8 24 105 0.799
8 25 144 0.845
8 26 128 0.667
8 27 136 0.726
8 28 153 0.857
8 29 156 0.892
8 30 147 0.766
8 31 149 0.679
8 32 147 0.726
8 33 137 0.888
8 34 128 0.77
8 35 135 0.865
8 36 136 0.858
8 37 143 0.626
8 38 126 0.758
8 39 143 0.86
8 40 0 0.0
8 41 133 0.852
8 42 128 0.751
8 43 168 0.855
8 44 161 0.921
8 45 140 0.874
8 46 161 0.819
8 47 240 0.88
8 48 251 0.741
9 1 501 0.486
9 2 350 0.458
9 3 281 0.673
9 4 251 0.801
9 5 233 0.647
9 6 238 0.747
9 7 231 0.723
9 8 180 0.761
9 9 189 0.834
9 10 173 0.84
9 11 189 0.824
9 12 166 0.809
9 13 187 0.738
9 14 172 0.801
9 15 167 0.838
9 16 155 0.878
9 17 186 0.829
9 18 150 0.809
9 19 161 0.839
9 20 151 0.761
9 21 139 0.824
9 22 154 0.802
9 23 124 0.872
9 24 102 0.705
9 25 124 0.882
9 26 129 0.797
9 27 142 0.854
9 28 141 0.596
9 29 129 0.738
9 30 142 0.864
9 31 142 0.804
9 32 105 0.848
9 33 143 0.86
9 34 132 0.855
9 35 104 0.865
9 36 117 0.779
9 37 122 0.857
9 38 120 0.781
9 39 126 0.696
9 40 132 0.774
9 41 126 0.778
9 42 127 0.868
9 43 135 0.898
9 44 127 0.836
9 45 152 0.861
9 46 176 0.926
9 47 232 0.818
9 48 267 0.729
10 1 471 0.537
10 2 388 0.587
10 3 244 0.787
10 4 259 0.679
10 5 245 0.881
10 6 212 0.721
10 7 210 0.672
10 8 216 0.894
10 9 202 0.788
10 10 171 0.879
10 11 161 0.898
10 12 159 0.79
10 13 163 0.829
10 14 186 0.666
10 15 153 0.837
10 16 142 0.92
10 17 167 0.87
10 18 154 0.776
10 19 151 0.864
10 20 125 0.801
10 21 153 0.866
10 22 152 0.892
10 23 146 0.75
10 24 133 0.862
10 25 132 0.878
10 26 122 0.834
10 27 136 0.881
10 28 145 0.895
10 29 132 0.878
10 30 122 0.903
10 31 136 0.81
10 32 155 0.887
10 33 128 0.79
10 34 126 0.896
10 35 131 0.809
10 36 100 0.807
10 37 139 0.858
10 38 131 0.872
10 39 139 0.836
10 40 134 0.859
10 41 146 0.911
10 42 116 0.825
10 43 134 0.916
10 44 155 0.835
10 45 146 0.888
10 46 166 0.865
10 47 205 0.83
10 48 237 0.869
11 1 481 0.46
11 2 355 0.564
11 3 311 0.823
11 4 271 0.71
11 5 215 0.776
11 6 227 0.752
11 7 219 0.588
11 8 196 0.821
11 9 178 0.793
11 10 181 0.775
11 11 218 0.778
11 12 191 0.709
11 13 140 0.821
11 14 173 0.86
11 15 149 0.883
11 16 176 0.737
11 17 145 0.782
11 18 146 0.761
11 19 173 0.86
11 20 120 0.663
11 21 159 0.741
11 22 159 0.783
11 23 125 0.879
11 24 118 0.888
11 25 134 0.827
11 26 129 0.827
11 27 127 0.845
11 28 107 0.853
11 29 137 0.846
11 30 135 0.898
11 31 88 0.71
11 32 107 0.743
11 33 144 0.845
11 34 143 0.893
11 35 127 0.868
11 36 107 0.773
11 37 115 0.658
11 38 112 0.878
11 39 150 0.961
11 40 113 0.912
11 41 133 0.885
11 42 141 0.819
11 43 145 0.774
11 44 135 0.812
11 45 161 0.889
11 46 171 0.842
11 47 219 0.766
11 48 278 0.835
12 1 444 0.443
12 2 338 0.701
12 3 287 0.688
12 4 244 0.764
12 5 253 0.708
12 6 204 0.653
12 7 118 0.729
12 8 113 0.773
12 9 200 0.864
12 10 201 0.79
12 11 177 0.832
12 12 156 0.892
12 13 172 0.766
12 14 175 0.87
12 15 150 0.858
12 16 159 0.718
12 17 145 0.895
12 18 160 0.806
12 19 139 0.891
12 20 129 0.882
12 21 136 0.798
12 22 148 0.9
12 23 113 0.705
12 24 120 0.811
12 25 126 0.875
12 26 137 0.833
12 27 111 0.896
12 28 120 0.877
12 29 143 0.879
12 30 148 0.817
12 31 141 0.827
12 32 150 0.871
12 33 146 0.897
12 34 125 0.879
12 35 140 0.874
12 36 123 0.809
12 37 126 0.807
12 38 123 0.771
12 39 104 0.944
12 40 111 0.918
12 41 154 0.851
12 42 150 0.858
12 43 123 0.936
12 44 107 0.901
12 45 137 0.902
12 46 35 0.755
12 47 207 0.875
12 48 284 0.86
13 1 380 0.719
13 2 264 0.799
13 3 286 0.653
13 4 190 0.717
13 5 219 0.766
13 6 207 0.65
13 7 191 0.84
13 8 196 0.821
13 9 157 0.838
13 10 148 0.924
13 11 167 0.814
13 12 175 0.78
13 13 143 0.763
13 14 164 0.771
13 15 159 0.652
13 16 134 0.767
13 17 160 0.722
13 18 120 0.877
13 19 144 0.854
13 20 139 0.891
13 21 126 0.862
13 22 161 0.727
13 23 101 0.805
13 24 144 0.845
13 25 143 0.893
13 26 107 0.917
13 27 121 0.796
13 28 112 0.766
13 29 140 0.874
13 30 128 0.77
13 31 129 0.73
13 32 125 0.855
13 33 132 0.828
13 34 143 0.926
13 35 163 0.821
13 36 104 0.876
13 37 127 0.801
13 38 121 0.767
13 39 113 0.826
13 40 132 0.833
13 41 125 0.914
13 42 127 0.784
13 43 96 0.86
13 44 153 0.813
13 45 134 0.868
13 46 184 0.795
13 47 232 0.894
13 48 265 0.83
14 1 434 0.621
14 2 287 0.86
14 3 276 0.628
14 4 253 0.78
14 5 237 0.71
14 6 237 0.779
14 7 174 0.829
14 8 195 0.824
14 9 173 0.832
14 10 159 0.809
14 11 161 0.774
14 12 158 0.753
14 13 175 0.89
14 14 156 0.902
14 15 172 0.801
14 16 167 0.85
14 17 139 0.877
14 18 162 0.748
14 19 149 0.831
14 20 149 0.844
14 21 0 0.0
14 22 130 0.935
14 23 136 0.806
14 24 164 0.893
14 25 159 0.718
14 26 58 0.868
14 27 108 0.812
14 28 144 0.845
14 29 120 0.704
14 30 93 0.833
14 31 101 0.84
14 32 94 0.853
14 33 115 0.729
14 34 129 0.768
14 35 155 0.835
14 36 126 0.829
14 37 104 0.752
14 38 133 0.8
14 39 124 0.882
14 40 120 0.853
14 41 131 0.809
14 42 95 0.89
14 43 122 0.782
14 44 122 0.834
14 45 148 0.891
14 46 186 0.829
14 47 214 0.842
14 48 285 0.784
15 1 420 0.621
15 2 313 0.773
15 3 316 0.834
15 4 250 0.841
15 5 243 0.79
15 6 216 0.802
15 7 203 0.775
15 8 167 0.87
15 9 167 0.778
15 10 183 0.705
15 11 160 0.814
15 12 163 0.663
15 13 167 0.721
15 14 139 0.824
15 15 139 0.836
15 16 158 0.852
15 17 156 0.682
15 18 140 0.887
15 19 133 0.742
15 20 136 0.789
15 21 157 0.807
15 22 141 0.827
15 23 160 0.842
15 24 143 0.86
15 25 128 0.7
15 26 134 0.827
15 27 145 0.929
15 28 136 0.871
15 29 152 0.901
15 30 130 0.774
15 31 142 0.824
15 32 143 0.87
15 33 129 0.749
15 34 96 0.765
15 35 112 0.787
15 36 129 0.907
15 37 115 0.729
15 38 120 0.821
15 39 120 0.925
15 40 116 0.784
15 41 128 0.875
15 42 150 0.858
15 43 135 0.875
15 44 124 0.709
15 45 146 0.888
15 46 188 0.934
15 47 207 0.883
15 48 301 0.842
16 1 452 0.719
16 2 268 0.797
16 3 42 0.594
16 4 63 0.718
16 5 263 0.848
16 6 255 0.772
16 7 175 0.661
16 8 175 0.912
16 9 187 0.852
16 10 216 0.715
16 11 146 0.827
16 12 178 0.793
16 13 144 0.857
16 14 170 0.903
16 15 123 0.841
16 16 139 0.815
16 17 146 0.719
16 18 150 0.889
16 19 150 0.781
16 20 145 0.755
16 21 129 0.705
16 22 136 0.827
16 23 143 0.756
16 24 147 0.862
16 25 147 0.766
16 26 138 0.944
16 27 135 0.888
16 28 119 0.754
16 29 132 0.824
16 30 141 0.836
16 31 151 0.873
16 32 116 0.909
16 33 150 0.912
16 34 127 0.868
16 35 129 0.892
16 36 128 0.82
16 37 126 0.896
16 38 126 0.886
16 39 104 0.915
16 40 109 0.88
16 41 126 0.731
16 42 126 0.799
16 43 110 0.764
16 44 134 0.77
16 45 140 0.851
16 46 165 0.86
16 47 240 0.833
16 48 220 0.873
17 1 381 0.683
17 2 326 0.763
17 3 301 0.8
17 4 258 0.735
17 5 242 0.833
17 6 196 0.821
17 7 189 0.752
17 8 234 0.595
17 9 183 0.729
17 10 174 0.865
17 11 161 0.868
17 12 175 0.772
17 13 163 0.9
17 14 146 0.835
17 15 145 0.766
17 16 162 0.864
17 17 155 0.878
17 18 134 0.892
17 19 118 0.777
17 20 147 0.748
17 21 137 0.749
17 22 156 0.775
17 23 169 0.832
17 24 120 0.749
17 25 146 0.856
17 26 138 0.861
17 27 146 0.827
17 28 114 0.801
17 29 126 0.862
17 30 135 0.728
17 31 139 0.845
17 32 131 0.921
17 33 140 0.907
17 34 122 0.698
17 35 119 0.895
17 36 138 0.781
17 37 118 0.853
17 38 123 0.91
17 39 132 0.869
17 40 132 0.766
17 41 127 0.631
17 42 130 0.677
17 43 122 0.929
17 44 146 0.879
17 45 130 0.865
17 46 141 0.858
17 47 232 0.805
17 48 314 0.828
18 1 401 0.786
18 2 329 0.834
18 3 242 0.88
18 4 249 0.727
18 5 266 0.805
18 6 232 0.715
18 7 179 0.773
18 8 214 0.834
18 9 203 0.747
18 10 155 0.739
18 11 191 0.825
18 12 158 0.84
18 13 137 0.878
18 14 168 0.855
18 15 153 0.875
18 16 159 0.837
18 17 125 0.726
18 18 152 0.861
18 19 224 0.601
18 20 137 0.855
18 21 128 0.885
18 22 144 0.836
18 23 151 0.768
18 24 134 0.859
18 25 151 0.855
18 26 101 0.851
18 27 126 0.766
18 28 121 0.837
18 29 131 0.931
18 30 154 0.784
18 31 135 0.792
18 32 124 0.872
18 33 122 0.812
18 34 129 0.845
18 35 121 0.85
18 36 129 0.827
18 37 115 0.901
18 38 110 0.852
18 39 139 0.742
18 40 120 0.697
18 41 104 0.915
18 42 140 0.842
18 43 145 0.774
18 44 143 0.81
18 45 120 0.79
18 46 117 0.917
18 47 212 0.869
18 48 310 0.832
19 1 420 0.652
19 2 333 0.751
19 3 292 0.835
19 4 240 0.856
19 5 192 0.822
19 6 209 0.883
19 7 219 0.82
19 8 156 0.87
19 9 194 0.756
19 10 191 0.843
19 11 175 0.899
19 12 170 0.853
19 13 124 0.786
19 14 151 0.601
19 15 117 0.856
19 16 140 0.705
19 17 156 0.813
19 18 176 0.866
19 19 135 0.898
19 20 133 0.8
19 21 156 0.775
19 22 126 0.852
19 23 127 0.631
19 24 152 0.869
19 25 146 0.848
19 26 124 0.896
19 27 110 0.804
19 28 115 0.799
19 29 131 0.849
19 30 111 0.78
19 31 137 0.888
19 32 146 0.827
19 33 125 0.674
19 34 132 0.878
19 35 114 0.779
19 36 132 0.815
19 37 137 0.888
19 38 118 0.839
19 39 161 0.75
19 40 131 0.818
19 41 141 0.827
19 42 123 0.797
19 43 131 0.76
19 44 81 0.769
19 45 145 0.842
19 46 162 0.816
19 47 226 0.846
19 48 316 0.891
20 1 463 0.657
20 2 310 0.765
20 3 315 0.619
20 4 264 0.757
20 5 196 0.839
20 6 212 0.844
20 7 189 0.752
20 8 203 0.798
20 9 180 0.802
20 10 185 0.817
20 11 130 0.794
20 12 146 0.787
20 13 159 0.809
20 14 161 0.839
20 15 159 0.848
20 16 164 0.774
20 17 146 0.869
20 18 126 0.829
20 19 177 0.438
20 20 126 0.862
20 21 154 0.741
20 22 153 0.845
20 23 113 0.85
20 24 118 0.785
20 25 127 0.764
20 26 137 0.864
20 27 119 0.763
20 28 112 0.819
20 29 133 0.727
20 30 145 0.774
20 31 115 0.876
20 32 104 0.915
20 33 150 0.738
20 34 138 0.744
20 35 136 0.789
20 36 121 0.685
20 37 113 0.875
20 38 120 0.769
20 39 120 0.853
20 40 88 0.922
20 41 100 0.797
20 42 92 0.89
20 43 145 0.929
20 44 132 0.855
20 45 195 0.842
20 46 192 0.863
20 47 235 0.848
20 48 304 0.81
21 1 400 0.662
21 2 292 0.747
21 3 326 0.768
21 4 231 0.865
21 5 193 0.768
21 6 227 0.724
21 7 204 0.736
21 8 186 0.793
21 9 186 0.832
21 10 192 0.771
21 11 164 0.8
21 12 186 0.747
21 13 151 0.646
21 14 189 0.731
21 15 160 0.631
21 16 169 0.798
21 17 149 0.823
21 18 156 0.813
21 19 169 0.832
21 20 133 0.8
21 21 155 0.789
21 22 131 0.768
21 23 145 0.763
21 24 104 0.805
21 25 123 0.818
21 26 116 0.848
21 27 137 0.937
21 28 109 0.844
21 29 112 0.819
21 30 134 0.892
21 31 133 0.83
21 32 120 0.888
21 33 105 0.813
21 34 153 0.875
21 35 114 0.801
21 36 114 0.712
21 37 130 0.711
21 38 124 0.858
21 39 125 0.789
21 40 107 0.901
21 41 111 0.87
21 42 138 0.789
21 43 105 0.781
21 44 133 0.875
21 45 141 0.913
21 46 140 0.696
21 47 221 0.767
21 48 335 0.816
22 1 399 0.594
22 2 357 0.643
22 3 265 0.749
22 4 295 0.73
22 5 277 0.743
22 6 238 0.873
22 7 202 0.75
22 8 167 0.85
22 9 191 0.851
22 10 185 0.862
22 11 173 0.832
22 12 162 0.895
22 13 167 0.85
22 14 153 0.854
22 15 146 0.827
22 16 150 0.82
22 17 163 0.829
22 18 159 0.783
22 19 144 0.815
22 20 166 0.798
22 21 145 0.748
22 22 151 0.771
22 23 147 0.841
22 24 147 0.918
22 25 138 0.77
22 26 118 0.777
22 27 105 0.616
22 28 128 0.82
22 29 146 0.869
22 30 135 0.888
22 31 125 0.914
22 32 136 0.818
22 33 141 0.827
22 34 128 0.861
22 35 143 0.763
22 36 137 0.69
22 37 97 0.842
22 38 114 0.824
22 39 123 0.771
22 40 131 0.896
22 41 116 0.815
22 42 126 0.896
22 43 123 0.91
22 44 135 0.888
22 45 134 0.836
22 46 132 0.903
22 47 227 0.819
22 48 334 0.873
23 1 460 0.417
23 2 387 0.758
23 3 318 0.689
23 4 305 0.845
23 5 244 0.713
23 6 226 0.79
23 7 210 0.851
23 8 195 0.754
23 9 192 0.755
23 10 197 0.878
23 11 163 0.752
23 12 169 0.868
23 13 158 0.873
23 14 183 0.826
23 15 153 0.789
23 16 177 0.824
23 17 0 0.0
23 18 178 0.876
23 19 136 0.789
23 20 131 0.66
23 21 125 0.855
23 22 156 0.813
23 23 154 0.734
23 24 146 0.815
23 25 136 0.895
23 26 136 0.849
23 27 156 0.805
23 28 114 0.811
23 29 125 0.864
23 30 142 0.804
23 31 128 0.77
23 32 109 0.775
23 33 131 0.872
23 34 136 0.862
23 35 143 0.839
23 36 125 0.864
23 37 140 0.712
23 38 140 0.907
23 39 132 0.888
23 40 138 0.904
23 41 134 0.819
23 42 134 0.806
23 43 124 0.631
23 44 138 0.861
23 45 150 0.828
23 46 176 0.839
23 47 248 0.885
23 48 363 0.811
24 1 371 0.667
24 2 393 0.429
24 3 180 0.361
24 4 73 0.582
24 5 257 0.658
24 6 242 0.766
24 7 221 0.804
24 8 207 0.824
24 9 174 0.877
24 10 184 0.82
24 11 190 0.77
24 12 181 0.752
24 13 174 0.885
24 14 153 0.797
24 15 158 0.753
24 16 177 0.726
24 17 174 0.673
24 18 169 0.708
24 19 168 0.863
24 20 142 0.784
24 21 151 0.855
24 22 198 0.837
24 23 138 0.918
24 24 137 0.697
24 25 116 0.873
24 26 149 0.823
24 27 160 0.854
24 28 129 0.785
24 29 130 0.803
24 30 168 0.8
24 31 129 0.723
24 32 116 0.724
24 33 117 0.846
24 34 128 0.865
24 35 137 0.878
24 36 134 0.778
24 37 169 0.795
24 38 144 0.787
24 39 115 0.786
24 40 133 0.83
24 41 133 0.78
24 42 70 0.903
24 43 127 0.784
24 44 144 0.836
24 45 140 0.864
24 46 159 0.828
24 47 222 0.938
24 48 342 0.781
25 1 454 0.699
25 2 395 0.436
25 3 366 0.643
25 4 281 0.731
25 5 299 0.559
25 6 201 0.904
25 7 211 0.799
25 8 183 0.833
25 9 229 0.59
25 10 191 0.851
25 11 175 0.691
25 12 182 0.74
25 13 172 0.835
25 14 172 0.783
25 15 147 0.748
25 16 180 0.895
25 17 160 0.656
25 18 134 0.836
25 19 167 0.879
25 20 156 0.768
25 21 152 0.773
25 22 151 0.834
25 23 130 0.791
25 24 165 0.812
25 25 143 0.81
25 26 129 0.858
25 27 174 0.792
25 28 119 0.856
25 29 144 0.876
25 30 131 0.818
25 31 137 0.878
25 32 131 0.882
25 33 155 0.847
25 34 137 0.912
25 35 122 0.844
25 36 135 0.792
25 37 135 0.812
25 38 137 0.784
25 39 123 0.832
25 40 117 0.704
25 41 127 0.764
25 42 151 0.886
25 43 127 0.878
25 44 125 0.952
25 45 168 0.726
25 46 144 0.876
25 47 254 0.699
25 48 381 0.758
26 1 567 0.558
26 2 412 0.516
26 3 378 0.398
26 4 320 0.573
26 5 270 0.824
26 6 209 0.706
26 7 231 0.692
26 8 216 0.576
26 9 195 0.858
26 10 136 0.762
26 11 187 0.808
26 12 188 0.742
26 13 184 0.865
26 14 184 0.865
26 15 170 0.757
26 16 172 0.809
26 17 178 0.829
26 18 173 0.892
26 19 156 0.659
26 20 168 0.855
26 21 153 0.907
26 22 131 0.724
26 23 149 0.733
26 24 172 0.766
26 25 178 0.829
26 26 157 0.799
26 27 168 0.8
26 28 149 0.672
26 29 27 0.836
26 30 18 0.965
26 31 136 0.895
26 32 166 0.908
26 33 122 0.803
26 34 106 0.745
26 35 139 0.724
26 36 127 0.805
26 37 135 0.83
26 38 145 0.851
26 39 134 0.836
26 40 146 0.879
26 41 112 0.71
26 42 140 0.842
26 43 139 0.858
26 44 151 0.855
26 45 165 0.86
26 46 190 0.813
26 47 202 0.811
26 48 351 0.809
27 1 492 0.603
27 2 364 0.559
27 3 424 0.475
27 4 301 0.558
27 5 241 0.711
27 6 223 0.685
27 7 211 0.777
27 8 211 0.774
27 9 238 0.856
27 10 172 0.721
27 11 200 0.749
27 12 179 0.797
27 13 183 0.744
27 14 200 0.728
27 15 143 0.839
27 16 159 0.702
27 17 182 0.811
27 18 191 0.825
27 19 158 0.831
27 20 169 0.86
27 21 159 0.878
27 22 138 0.884
27 23 153 0.866
27 24 156 0.794
27 25 162 0.765
27 26 156 0.794
27 27 176 0.827
27 28 151 0.736
27 29 160 0.676
27 30 144 0.824
27 31 176 0.847
27 32 158 0.86
27 33 132 0.729
27 34 158 0.852
27 35 132 0.837
27 36 115 0.841
27 37 115 0.585
27 38 112 0.904
27 39 112 0.853
27 40 133 0.839
27 41 148 0.809
27 42 148 0.855
27 43 159 0.62
27 44 157 0.846
27 45 163 0.802
27 46 205 0.761
27 47 319 0.693
27 48 406 0.791
28 1 536 0.553
28 2 445 0.622
28 3 363 0.667
28 4 236 0.782
28 5 290 0.713
28 6 274 0.728
28 7 279 0.679
28 8 226 0.769
28 9 239 0.737
28 10 248 0.672
28 11 209 0.876
28 12 195 0.8
28 13 207 0.838
28 14 214 0.757
28 15 204 0.834
28 16 204 0.602
28 17 190 0.839
28 18 191 0.851
28 19 167 0.87
28 20 198 0.779
28 21 167 0.83
28 22 192 0.781
28 23 168 0.758
28 24 158 0.788
28 25 150 0.828
28 26 175 0.756
28 27 150 0.699
28 28 151 0.855
28 29 174 0.856
28 30 153 0.866
28 31 157 0.846
28 32 135 0.821
28 33 155 0.835
28 34 149 0.803
28 35 153 0.854
28 36 149 0.815
28 37 138 0.884
28 38 159 0.809
28 39 141 0.904
28 40 130 0.842
28 41 166 0.825
28 42 169 0.911
28 43 172 0.809
28 44 143 0.86
28 45 159 0.801
28 46 187 0.8
28 47 262 0.842
28 48 365 0.828
29 1 447 0.49
29 2 376 0.542
29 3 379 0.632
29 4 330 0.587
29 5 352 0.774
29 6 301 0.757
29 7 241 0.568
29 8 282 0.712
29 9 274 0.614
29 10 244 0.808
29 11 259 0.745
29 12 223 0.78
29 13 223 0.852
29 14 207 0.831
29 15 223 0.78
29 16 195 0.888
29 17 198 0.714
29 18 209 0.719
29 19 181 0.93
29 20 214 0.885
29 21 210 0.836
29 22 197 0.859
29 23 234 0.894
29 24 173 0.932
29 25 176 0.875
29 26 168 0.835
29 27 156 0.841
29 28 176 0.753
29 29 189 0.792
29 30 188 0.819
29 31 156 0.892
29 32 202 0.772
29 33 143 0.839
29 34 180 0.886
29 35 0 0.0
29 36 159 0.878
29 37 164 0.757
29 38 134 0.916
29 39 163 0.879
29 40 155 0.808
29 41 165 0.82
29 42 182 0.837
29 43 177 0.843
29 44 164 0.875
29 45 190 0.813
29 46 259 0.645
29 47 288 0.841
29 48 429 0.718
30 1 440 0.59
30 2 478 0.501
30 3 389 0.444
30 4 396 0.491
30 5 446 0.49
30 6 302 0.41
30 7 304 0.728
30 8 287 0.836
30 9 289 0.801
30 10 298 0.755
30 11 256 0.789
30 12 224 0.627
30 13 288 0.814
30 14 194 0.66
30 15 239 0.785
30 16 213 0.863
30 17 220 0.763
30 18 226 0.889
30 19 244 0.683
30 20 253 0.878
30 21 228 0.83
30 22 228 0.889
30 23 193 0.887
30 24 202 0.854
30 25 205 0.841
30 26 238 0.81
30 27 197 0.775
30 28 221 0.82
30 29 177 0.788
30 30 278 0.784
30 31 220 0.729
30 32 234 0.866
30 33 192 0.891
30 34 215 0.814
30 35 181 0.879
30 36 209 0.792
30 37 199 0.841
30 38 155 0.878
30 39 169 0.86
30 40 175 0.85
30 41 193 0.868
30 42 157 0.846
30 43 188 0.837
30 44 208 0.861
30 45 228 0.853
30 46 230 0.837
30 47 301 0.842
30 48 450 0.829
31 1 532 0.413
31 2 591 0.635
31 3 550 0.594
31 4 373 0.762
31 5 303 0.597
31 6 342 0.759
31 7 336 0.678
31 8 284 0.55
31 9 335 0.779
31 10 332 0.546
31 11 305 0.819
31 12 259 0.702
31 13 327 0.708
31 14 315 0.904
31 15 271 0.766
31 16 307 0.66
31 17 276 0.812
31 18 232 0.708
31 19 278 0.806
31 20 258 0.845
31 21 267 0.681
31 22 287 0.853
31 23 302 0.703
31 24 273 0.764
31 25 253 0.829
31 26 280 0.803
31 27 260 0.808
31 28 269 0.814
31 29 237 0.848
31 30 259 0.881
31 31 234 0.842
31 32 274 0.788
31 33 266 0.744
31 34 266 0.858
31 35 244 0.739
31 36 284 0.815
31 37 223 0.828
31 38 233 0.855
31 39 232 0.811
31 40 245 0.834
31 41 239 0.82
31 42 194 0.864
31 43 273 0.901
31 44 245 0.84
31 45 265 0.892
31 46 240 0.863
31 47 345 0.854
31 48 487 0.861
32 1 594 0.549
32 2 592 0.715
32 3 592 0.546
32 4 586 0.726
32 5 594 0.82
32 6 455 0.512
32 7 488 0.583
32 8 462 0.612
32 9 487 0.664
32 10 500 0.619
32 11 444 0.68
32 12 477 0.675
32 13 412 0.626
32 14 431 0.64
32 15 416 0.725
32 16 374 0.716
32 17 456 0.665
32 18 450 0.769
32 19 399 0.787
32 20 343 0.773
32 21 341 0.793
32 22 378 0.695
32 23 380 0.659
32 24 318 0.819
32 25 379 0.736
32 26 383 0.746
32 27 356 0.853
32 28 401 0.713
32 29 431 0.804
32 30 365 0.738
32 31 391 0.782
32 32 455 0.705
32 33 409 0.709
32 34 477 0.811
32 35 369 0.749
32 36 372 0.619
32 37 377 0.869
32 38 284 0.829
32 39 386 0.843
32 40 357 0.842
32 41 384 0.85
32 42 327 0.834
32 43 305 0.839
32 44 380 0.856
32 45 462 0.81
32 46 435 0.908
32 47 481 0.838
32 48 479 0.835
