row  column  size-1  circ-1
1 1 661 0.837
1 2 588 0.77
1 3 516 0.538
1 4 617 0.626
1 5 510 0.786
1 6 402 0.683
1 7 398 0.813
1 8 388 0.734
1 9 444 0.785
1 10 386 0.836
1 11 425 0.809
1 12 420 0.835
1 13 447 0.764
1 14 391 0.841
1 15 202 0.788
1 16 140 0.874
1 17 410 0.833
1 18 318 0.819
1 19 162 0.808
1 20 189 0.792
1 21 332 0.897
1 22 356 0.859
1 23 302 0.805
1 24 283 0.678
1 25 279 0.83
1 26 305 0.853
1 27 362 0.791
1 28 316 0.814
1 29 343 0.816
1 30 404 0.728
1 31 264 0.827
1 32 344 0.775
1 33 339 0.865
1 34 335 0.821
1 35 319 0.848
1 36 306 0.807
1 37 278 0.928
1 38 378 0.826
1 39 334 0.782
1 40 318 0.811
1 41 74 0.934
1 42 75 0.885
1 43 408 0.87
1 44 467 0.819
1 45 78 0.78
1 46 44 0.887
1 47 468 0.721
1 48 576 0.716
2 1 458 0.658
2 2 474 0.722
2 3 442 0.781
2 4 459 0.642
2 5 529 0.73
2 6 398 0.68
2 7 336 0.843
2 8 339 0.812
2 9 272 0.718
2 10 307 0.887
2 11 220 0.611
2 12 286 0.687
2 13 304 0.77
2 14 322 0.83
2 15 308 0.884
2 16 339 0.833
2 17 297 0.89
2 18 256 0.734
2 19 284 0.896
2 20 278 0.827
2 21 273 0.861
2 22 255 0.845
2 23 242 0.814
2 24 274 0.735
2 25 247 0.85
2 26 249 0.825
2 27 272 0.78
2 28 270 0.809
2 29 205 0.877
2 30 230 0.844
2 31 231 0.808
2 32 238 0.81
2 33 252 0.819
2 34 266 0.826
2 35 254 0.913
2 36 239 0.895
2 37 227 0.893
2 38 257 0.899
2 39 230 0.83
2 40 260 0.738
2 41 262 0.793
2 42 319 0.871
2 43 268 0.855
2 44 252 0.858
2 45 359 0.916
2 46 371 0.821
2 47 384 0.675
2 48 482 0.762
3 1 561 0.775
3 2 442 0.708
3 3 378 0.547
3 4 359 0.791
3 5 351 0.796
3 6 333 0.597
3 7 303 0.679
3 8 269 0.821
3 9 247 0.84
3 10 238 0.873
3 11 244 0.87
3 12 241 0.867
3 13 260 0.829
3 14 267 0.923
3 15 74 0.855
3 16 85 0.873
3 17 223 0.818
3 18 212 0.794
3 19 225 0.87
3 20 227 0.836
3 21 184 0.771
3 22 206 0.898
3 23 211 0.873
3 24 219 0.887
3 25 201 0.807
3 26 211 0.847
3 27 205 0.859
3 28 217 0.815
3 29 199 0.783
3 30 212 0.765
3 31 203 0.798
3 32 222 0.814
3 33 213 0.9
3 34 213 0.881
3 35 219 0.781
3 36 209 0.872
3 37 229 0.794
3 38 229 0.875
3 39 197 0.87
3 40 221 0.862
3 41 223 0.859
3 42 220 0.823
3 43 250 0.86
3 44 253 0.78
3 45 248 0.762
3 46 278 0.864
3 47 282 0.83
3 48 368 0.873
4 1 560 0.729
4 2 406 0.789
4 3 338 0.779
4 4 249 0.627
4 5 300 0.651
4 6 239 0.877
4 7 256 0.823
4 8 282 0.838
4 9 250 0.771
4 10 205 0.703
4 11 205 0.841
4 12 241 0.606
4 13 144 0.867
4 14 214 0.867
4 15 249 0.847
4 16 196 0.836
4 17 189 0.827
4 18 137 0.659
4 19 168 0.846
4 20 202 0.804
4 21 196 0.873
4 22 181 0.9
4 23 182 0.896
4 24 169 0.76
4 25 196 0.828
4 26 160 0.871
4 27 165 0.86
4 28 183 0.88
4 29 195 0.817
4 30 130 0.846
4 31 187 0.815
4 32 198 0.855
4 33 198 0.735
4 34 190 0.893
4 35 134 0.836
4 36 197 0.878
4 37 184 0.894
4 38 165 0.86
4 39 172 0.884
4 40 195 0.861
4 41 198 0.837
4 42 183 0.889
4 43 197 0.897
4 44 226 0.819
4 45 242 0.87
4 46 256 0.878
4 47 144 0.909
4 48 330 0.871
5 1 553 0.604
5 2 449 0.472
5 3 334 0.694
5 4 315 0.79
5 5 276 0.851
5 6 227 0.766
5 7 200 0.796
5 8 217 0.846
5 9 223 0.805
5 10 177 0.832
5 11 230 0.854
5 12 195 0.774
5 13 201 0.746
5 14 189 0.702
5 15 105 0.823
5 16 110 0.828
5 17 183 0.808
5 18 196 0.804
5 19 129 0.882
5 20 115 0.841
5 21 199 0.71
5 22 166 0.886
5 23 179 0.79
5 24 165 0.86
5 25 176 0.839
5 26 161 0.803
5 27 170 0.845
5 28 180 0.696
5 29 173 0.821
5 30 167 0.811
5 31 172 0.927
5 32 178 0.821
5 33 162 0.864
5 34 143 0.86
5 35 177 0.781
5 36 172 0.847
5 37 182 0.892
5 38 147 0.841
5 39 164 0.781
5 40 193 0.809
5 41 132 0.824
5 42 144 0.899
5 43 175 0.861
5 44 203 0.885
5 45 244 0.815
5 46 34 0.685
5 47 291 0.559
5 48 605 0.766
6 1 453 0.711
6 2 363 0.571
6 3 282 0.65
6 4 242 0.707
6 5 296 0.716
6 6 235 0.88
6 7 218 0.872
6 8 223 0.68
6 9 218 0.816
6 10 200 0.864
6 11 196 0.828
6 12 206 0.82
6 13 209 0.745
6 14 186 0.903
6 15 188 0.83
6 16 203 0.904
6 17 193 0.834
6 18 173 0.86
6 19 177 0.86
6 20 189 0.799
6 21 173 0.852
6 22 190 0.828
6 23 175 0.87
6 24 181 0.851
6 25 161 0.921
6 26 172 0.776
6 27 163 0.784
6 28 151 0.855
6 29 143 0.827
6 30 159 0.878
6 31 171 0.834
6 32 162 0.917
6 33 160 0.814
6 34 150 0.756
6 35 184 0.778
6 36 166 0.817
6 37 170 0.792
6 38 178 0.864
6 39 177 0.901
6 40 174 0.865
6 41 178 0.915
6 42 159 0.837
6 43 170 0.894
6 44 189 0.909
6 45 181 0.879
6 46 262 0.82
6 47 283 0.848
6 48 490 0.69
7 1 682 0.816
7 2 347 0.657
7 3 327 0.583
7 4 308 0.833
7 5 279 0.568
7 6 325 0.611
7 7 214 0.842
7 8 191 0.835
7 9 116 0.883
7 10 114 0.779
7 11 170 0.826
7 12 194 0.692
7 13 183 0.901
7 14 188 0.83
7 15 171 0.779
7 16 187 0.908
7 17 182 0.837
7 18 173 0.813
7 19 193 0.716
7 20 174 0.885
7 21 167 0.87
7 22 146 0.815
7 23 170 0.677
7 24 143 0.818
7 25 167 0.879
7 26 138 0.818
7 27 171 0.9
7 28 190 0.885
7 29 173 0.832
7 30 125 0.683
7 31 184 0.838
7 32 158 0.873
7 33 162 0.844
7 34 132 0.763
7 35 116 0.948
7 36 142 0.886
7 37 138 0.871
7 38 136 0.93
7 39 153 0.837
7 40 142 0.93
7 41 143 0.893
7 42 168 0.816
7 43 120 0.929
7 44 173 0.932
7 45 194 0.82
7 46 250 0.812
7 47 238 0.739
7 48 316 0.806
8 1 479 0.699
8 2 306 0.728
8 3 327 0.65
8 4 221 0.827
8 5 264 0.746
8 6 248 0.751
8 7 211 0.781
8 8 137 0.749
8 9 191 0.776
8 10 185 0.85
8 11 150 0.8
8 12 200 0.662
8 13 183 0.88
8 14 213 0.791
8 15 181 0.843
8 16 187 0.86
8 17 185 0.799
8 18 173 0.806
8 19 164 0.807
8 20 163 0.784
8 21 149 0.883
8 22 162 0.731
8 23 161 0.785
8 24 152 0.819
8 25 159 0.741
8 26 155 0.878
8 27 123 0.818
8 28 148 0.934
8 29 150 0.849
8 30 153 0.866
8 31 147 0.918
8 32 149 0.815
8 33 111 0.885
8 34 133 0.875
8 35 114 0.893
8 36 141 0.904
8 37 157 0.921
8 38 159 0.817
8 39 157 0.876
8 40 162 0.779
8 41 158 0.904
8 42 149 0.865
8 43 155 0.796
8 44 192 0.863
8 45 204 0.844
8 46 196 0.839
8 47 292 0.832
8 48 238 0.832
9 1 342 0.613
9 2 278 0.741
9 3 279 0.845
9 4 260 0.613
9 5 226 0.752
9 6 185 0.85
9 7 215 0.675
9 8 164 0.789
9 9 197 0.897
9 10 184 0.82
9 11 171 0.891
9 12 191 0.928
9 13 197 0.851
9 14 189 0.842
9 15 111 0.87
9 16 108 0.738
9 17 184 0.697
9 18 170 0.725
9 19 174 0.785
9 20 171 0.823
9 21 164 0.74
9 22 148 0.9
9 23 106 0.92
9 24 103 0.935
9 25 145 0.821
9 26 144 0.909
9 27 136 0.798
9 28 143 0.728
9 29 147 0.928
9 30 162 0.873
9 31 149 0.795
9 32 160 0.854
9 33 133 0.875
9 34 144 0.857
9 35 143 0.86
9 36 141 0.913
9 37 106 0.856
9 38 132 0.903
9 39 150 0.858
9 40 144 0.899
9 41 139 0.858
9 42 146 0.879
9 43 156 0.862
9 44 180 0.886
9 45 47 0.966
9 46 155 0.856
9 47 290 0.832
9 48 359 0.779
10 1 416 0.76
10 2 304 0.763
10 3 309 0.745
10 4 260 0.748
10 5 217 0.645
10 6 221 0.844
10 7 198 0.729
10 8 193 0.791
10 9 183 0.833
10 10 178 0.793
10 11 182 0.829
10 12 183 0.722
10 13 184 0.778
10 14 196 0.865
10 15 163 0.887
10 16 181 0.782
10 17 167 0.822
10 18 160 0.834
10 19 159 0.517
10 20 168 0.816
10 21 148 0.715
10 22 160 0.915
10 23 161 0.868
10 24 158 0.843
10 25 138 0.781
10 26 142 0.854
10 27 158 0.873
10 28 138 0.81
10 29 127 0.745
10 30 141 0.798
10 31 132 0.878
10 32 150 0.745
10 33 148 0.817
10 34 142 0.833
10 35 157 0.921
10 36 132 0.846
10 37 149 0.844
10 38 143 0.801
10 39 151 0.877
10 40 148 0.868
10 41 151 0.855
10 42 168 0.875
10 43 151 0.886
10 44 164 0.884
10 45 191 0.878
10 46 214 0.834
10 47 231 0.872
10 48 349 0.85
11 1 419 0.403
11 2 375 0.726
11 3 73 0.549
11 4 0 0.0
11 5 229 0.738
11 6 213 0.705
11 7 221 0.776
11 8 227 0.867
11 9 149 0.701
11 10 146 0.798
11 11 198 0.819
11 12 181 0.792
11 13 178 0.746
11 14 159 0.809
11 15 187 0.841
11 16 142 0.896
11 17 159 0.765
11 18 176 0.827
11 19 140 0.842
11 20 147 0.862
11 21 138 0.918
11 22 152 0.892
11 23 147 0.841
11 24 138 0.839
11 25 131 0.849
11 26 138 0.81
11 27 161 0.868
11 28 152 0.892
11 29 153 0.907
11 30 119 0.846
11 31 144 0.889
11 32 145 0.821
11 33 129 0.836
11 34 151 0.843
11 35 136 0.827
11 36 153 0.825
11 37 148 0.826
11 38 144 0.876
11 39 148 0.855
11 40 152 0.869
11 41 150 0.858
11 42 152 0.869
11 43 137 0.846
11 44 152 0.831
11 45 196 0.846
11 46 204 0.909
11 47 231 0.882
11 48 289 0.866
12 1 389 0.773
12 2 352 0.748
12 3 244 0.921
12 4 179 0.757
12 5 229 0.817
12 6 215 0.871
12 7 200 0.845
12 8 173 0.795
12 9 185 0.775
12 10 174 0.916
12 11 167 0.754
12 12 168 0.728
12 13 168 0.875
12 14 154 0.741
12 15 189 0.861
12 16 142 0.877
12 17 95 0.79
12 18 98 0.918
12 19 163 0.821
12 20 89 0.834
12 21 154 0.872
12 22 145 0.801
12 23 130 0.899
12 24 148 0.838
12 25 137 0.937
12 26 150 0.82
12 27 130 0.655
12 28 133 0.92
12 29 148 0.847
12 30 121 0.736
12 31 142 0.845
12 32 91 0.88
12 33 118 0.785
12 34 142 0.877
12 35 109 0.797
12 36 141 0.694
12 37 159 0.878
12 38 139 0.854
12 39 106 0.92
12 40 144 0.876
12 41 153 0.816
12 42 157 0.898
12 43 137 0.795
12 44 184 0.854
12 45 187 0.825
12 46 198 0.847
12 47 235 0.669
12 48 309 0.835
13 1 294 0.859
13 2 285 0.747
13 3 264 0.805
13 4 251 0.597
13 5 204 0.716
13 6 197 0.791
13 7 176 0.895
13 8 171 0.87
13 9 165 0.921
13 10 159 0.933
13 11 183 0.889
13 12 152 0.869
13 13 166 0.873
13 14 184 0.894
13 15 98 0.889
13 16 132 0.903
13 17 91 0.726
13 18 79 0.775
13 19 106 0.585
13 20 132 0.892
13 21 124 0.872
13 22 172 0.827
13 23 123 0.841
13 24 119 0.906
13 25 91 0.88
13 26 147 0.82
13 27 137 0.776
13 28 116 0.825
13 29 137 0.846
13 30 138 0.884
13 31 129 0.858
13 32 143 0.902
13 33 138 0.81
13 34 147 0.694
13 35 149 0.844
13 36 118 0.863
13 37 64 0.671
13 38 69 0.815
13 39 136 0.93
13 40 128 0.885
13 41 100 0.711
13 42 117 0.891
13 43 165 0.86
13 44 166 0.917
13 45 43 0.867
13 46 35 -1.0
13 47 207 0.922
13 48 276 0.842
14 1 287 0.823
14 2 185 0.63
14 3 248 0.8
14 4 246 0.821
14 5 177 0.639
14 6 206 0.882
14 7 161 0.75
14 8 157 0.818
14 9 177 0.871
14 10 165 0.911
14 11 149 0.815
14 12 165 0.804
14 13 158 0.852
14 14 148 0.847
14 15 157 0.693
14 16 156 0.915
14 17 96 0.809
14 18 103 0.807
14 19 143 0.926
14 20 155 0.844
14 21 153 0.845
14 22 134 0.778
14 23 138 0.719
14 24 135 0.898
14 25 137 0.812
14 26 117 0.75
14 27 118 0.898
14 28 146 0.848
14 29 142 0.886
14 30 116 0.695
14 31 137 0.864
14 32 124 0.766
14 33 125 0.836
14 34 138 0.736
14 35 129 0.917
14 36 123 0.885
14 37 134 0.859
14 38 122 0.867
14 39 134 0.836
14 40 128 0.717
14 41 132 0.815
14 42 134 0.892
14 43 130 0.924
14 44 136 0.84
14 45 161 0.847
14 46 186 0.946
14 47 197 0.878
14 48 279 0.749
15 1 413 0.73
15 2 306 0.783
15 3 223 0.774
15 4 231 0.865
15 5 238 0.782
15 6 224 0.806
15 7 175 0.878
15 8 180 0.82
15 9 169 0.86
15 10 174 0.785
15 11 149 0.823
15 12 149 0.784
15 13 163 0.837
15 14 161 0.785
15 15 155 0.789
15 16 163 0.932
15 17 173 0.824
15 18 144 0.943
15 19 167 0.879
15 20 151 0.697
15 21 141 0.871
15 22 152 0.84
15 23 152 0.773
15 24 141 0.858
15 25 144 0.899
15 26 126 0.886
15 27 141 0.858
15 28 132 0.913
15 29 92 0.824
15 30 130 0.935
15 31 156 0.915
15 32 145 0.873
15 33 148 0.868
15 34 145 0.793
15 35 145 0.891
15 36 134 0.845
15 37 138 0.894
15 38 132 0.855
15 39 122 0.867
15 40 156 0.841
15 41 132 0.878
15 42 133 0.843
15 43 124 0.848
15 44 133 0.788
15 45 162 0.904
15 46 168 0.884
15 47 212 0.877
15 48 178 0.736
16 1 357 0.802
16 2 278 0.716
16 3 239 0.8
16 4 214 0.794
16 5 182 0.856
16 6 203 0.718
16 7 176 0.686
16 8 184 0.865
16 9 157 0.921
16 10 158 0.835
16 11 154 0.784
16 12 169 0.872
16 13 157 0.846
16 14 166 0.802
16 15 203 0.84
16 16 149 0.717
16 17 159 0.9
16 18 169 0.86
16 19 161 0.859
16 20 153 0.907
16 21 154 0.842
16 22 129 0.84
16 23 166 0.865
16 24 155 0.878
16 25 148 0.79
16 26 112 0.843
16 27 125 0.914
16 28 123 0.899
16 29 128 0.829
16 30 130 0.889
16 31 120 0.877
16 32 137 0.833
16 33 153 0.825
16 34 124 0.816
16 35 129 0.805
16 36 118 0.873
16 37 118 0.816
16 38 135 0.843
16 39 137 0.768
16 40 129 0.892
16 41 132 0.855
16 42 125 0.879
16 43 149 0.751
16 44 150 0.936
16 45 153 0.845
16 46 176 0.866
16 47 169 0.872
16 48 282 0.797
17 1 332 0.783
17 2 238 0.773
17 3 241 0.86
17 4 235 0.6
17 5 206 0.878
17 6 185 0.775
17 7 209 0.865
17 8 160 0.745
17 9 172 0.759
17 10 173 0.813
17 11 165 0.86
17 12 166 0.904
17 13 158 0.662
17 14 164 0.8
17 15 88 0.88
17 16 87 0.912
17 17 154 0.913
17 18 145 0.915
17 19 158 0.815
17 20 151 0.768
17 21 44 0.93
17 22 67 0.948
17 23 132 0.815
17 24 134 0.868
17 25 130 0.856
17 26 130 0.924
17 27 134 0.927
17 28 122 0.834
17 29 119 0.87
17 30 129 0.892
17 31 132 0.865
17 32 117 0.856
17 33 126 0.838
17 34 138 0.801
17 35 106 0.797
17 36 132 0.815
17 37 130 0.782
17 38 135 0.908
17 39 116 0.806
17 40 55 0.926
17 41 93 0.883
17 42 103 0.846
17 43 133 0.92
17 44 138 0.918
17 45 137 0.864
17 46 29 0.898
17 47 182 0.818
17 48 271 0.848
18 1 370 0.821
18 2 245 0.824
18 3 239 0.771
18 4 229 0.632
18 5 185 0.775
18 6 202 0.794
18 7 172 0.835
18 8 196 0.922
18 9 180 0.934
18 10 168 0.855
18 11 101 0.825
18 12 140 0.907
18 13 135 0.865
18 14 164 0.893
18 15 166 0.959
18 16 146 0.753
18 17 148 0.859
18 18 145 0.882
18 19 143 0.839
18 20 148 0.838
18 21 135 0.792
18 22 158 0.804
18 23 127 0.836
18 24 126 0.911
18 25 114 0.883
18 26 122 0.857
18 27 125 0.78
18 28 119 0.763
18 29 117 0.944
18 30 112 0.823
18 31 114 0.811
18 32 144 0.795
18 33 111 0.86
18 34 120 0.781
18 35 129 0.827
18 36 132 0.878
18 37 125 0.879
18 38 119 0.86
18 39 132 0.837
18 40 148 0.9
18 41 117 0.77
18 42 116 0.873
18 43 124 0.838
18 44 126 0.896
18 45 144 0.969
18 46 163 0.9
18 47 201 0.895
18 48 216 0.832
19 1 362 0.834
19 2 277 0.789
19 3 223 0.811
19 4 209 0.601
19 5 133 0.895
19 6 179 0.78
19 7 175 0.87
19 8 182 0.786
19 9 168 0.775
19 10 181 0.832
19 11 147 0.792
19 12 147 0.804
19 13 152 0.924
19 14 152 0.924
19 15 114 0.868
19 16 124 0.872
19 17 90 0.957
19 18 108 0.861
19 19 163 0.849
19 20 152 0.861
19 21 139 0.961
19 22 131 0.788
19 23 123 0.788
19 24 138 0.801
19 25 138 0.729
19 26 139 0.647
19 27 120 0.769
19 28 119 0.944
19 29 111 0.87
19 30 122 0.857
19 31 162 0.745
19 32 127 0.893
19 33 129 0.776
19 34 132 0.714
19 35 109 0.891
19 36 117 0.866
19 37 122 0.929
19 38 139 0.858
19 39 115 0.841
19 40 126 0.881
19 41 131 0.849
19 42 133 0.875
19 43 134 0.916
19 44 130 0.924
19 45 154 0.802
19 46 168 0.827
19 47 195 0.8
19 48 253 0.822
20 1 339 0.771
20 2 261 0.743
20 3 235 0.8
20 4 221 0.844
20 5 185 0.878
20 6 210 0.861
20 7 185 0.919
20 8 174 0.8
20 9 162 0.873
20 10 176 0.875
20 11 158 0.852
20 12 176 0.866
20 13 171 0.85
20 14 157 0.765
20 15 175 0.797
20 16 160 0.814
20 17 157 0.867
20 18 148 0.847
20 19 133 0.745
20 20 120 0.867
20 21 145 0.755
20 22 132 0.846
20 23 142 0.896
20 24 126 0.807
20 25 125 0.855
20 26 130 0.833
20 27 123 0.899
20 28 129 0.858
20 29 122 0.903
20 30 120 0.853
20 31 89 0.933
20 32 130 0.824
20 33 139 0.95
20 34 124 0.933
20 35 104 0.805
20 36 112 0.863
20 37 128 0.856
20 38 130 0.914
20 39 89 0.797
20 40 130 0.951
20 41 117 0.832
20 42 128 0.875
20 43 132 0.938
20 44 141 0.848
20 45 148 0.9
20 46 173 0.852
20 47 184 0.894
20 48 264 0.797
21 1 236 0.849
21 2 285 0.727
21 3 240 0.849
21 4 254 0.769
21 5 156 0.862
21 6 50 0.903
21 7 195 0.861
21 8 178 0.885
21 9 162 0.882
21 10 143 0.738
21 11 158 0.864
21 12 165 0.911
21 13 63 0.502
21 14 90 0.912
21 15 86 0.872
21 16 98 0.961
21 17 120 0.877
21 18 100 0.832
21 19 133 0.761
21 20 152 0.901
21 21 115 0.876
21 22 140 0.907
21 23 119 0.805
21 24 133 0.875
21 25 138 0.81
21 26 121 0.86
21 27 122 0.857
21 28 115 0.912
21 29 127 0.878
21 30 122 0.857
21 31 134 0.868
21 32 121 0.775
21 33 128 0.936
21 34 132 0.869
21 35 108 0.711
21 36 116 0.909
21 37 125 0.889
21 38 112 0.904
21 39 120 0.853
21 40 130 0.889
21 41 89 0.933
21 42 91 0.922
21 43 123 0.976
21 44 134 0.927
21 45 21 0.916
21 46 168 0.897
21 47 182 0.8
21 48 243 0.805
22 1 300 0.833
22 2 280 0.893
22 3 259 0.865
22 4 240 0.839
22 5 201 0.895
22 6 127 0.868
22 7 153 0.875
22 8 172 0.867
22 9 183 0.909
22 10 180 0.925
22 11 149 0.815
22 12 155 0.856
22 13 149 0.527
22 14 121 0.827
22 15 154 0.851
22 16 145 0.821
22 17 163 0.9
22 18 158 0.736
22 19 142 0.864
22 20 135 0.898
22 21 145 0.842
22 22 124 0.795
22 23 126 0.778
22 24 136 0.93
22 25 119 0.906
22 26 127 0.814
22 27 138 0.954
22 28 124 0.907
22 29 118 0.777
22 30 93 0.93
22 31 116 0.848
22 32 129 0.818
22 33 103 0.831
22 34 120 0.741
22 35 137 0.795
22 36 123 0.899
22 37 171 0.9
22 38 138 0.744
22 39 136 0.827
22 40 121 0.841
22 41 98 0.889
22 42 119 0.836
22 43 138 0.918
22 44 131 0.858
22 45 150 0.946
22 46 167 0.822
22 47 195 0.888
22 48 242 0.853
23 1 183 0.554
23 2 275 0.743
23 3 272 0.748
23 4 234 0.803
23 5 149 0.852
23 6 192 0.801
23 7 145 0.829
23 8 108 0.636
23 9 172 0.867
23 10 185 0.843
23 11 164 0.884
23 12 160 0.842
23 13 193 0.731
23 14 142 0.934
23 15 168 0.8
23 16 154 0.83
23 17 42 0.888
23 18 35 0.878
23 19 155 0.865
23 20 152 0.901
23 21 135 0.746
23 22 119 0.87
23 23 137 0.846
23 24 139 0.925
23 25 129 0.757
23 26 126 0.829
23 27 115 0.876
23 28 116 0.883
23 29 118 0.777
23 30 123 0.797
23 31 119 0.805
23 32 115 0.841
23 33 33 0.786
23 34 129 0.849
23 35 123 0.809
23 36 114 0.868
23 37 130 0.889
23 38 134 0.845
23 39 26 0.805
23 40 119 0.88
23 41 128 0.921
23 42 120 0.877
23 43 124 0.882
23 44 138 0.801
23 45 160 0.915
23 46 175 0.85
23 47 178 0.876
23 48 258 0.761
24 1 361 0.772
24 2 256 0.655
24 3 265 0.861
24 4 223 0.859
24 5 230 0.78
24 6 200 0.864
24 7 160 0.842
24 8 174 0.865
24 9 165 0.86
24 10 130 0.833
24 11 159 0.878
24 12 168 0.824
24 13 160 0.729
24 14 165 0.794
24 15 145 0.851
24 16 150 0.8
24 17 171 0.755
24 18 160 0.915
24 19 136 0.871
24 20 137 0.784
24 21 119 0.895
24 22 151 0.895
24 23 117 0.906
24 24 141 0.904
24 25 123 0.809
24 26 121 0.948
24 27 121 0.885
24 28 125 0.94
24 29 119 0.906
24 30 108 0.812
24 31 82 0.934
24 32 114 0.904
24 33 130 0.842
24 34 116 0.784
24 35 121 0.885
24 36 112 0.843
24 37 119 0.906
24 38 128 0.865
24 39 125 0.864
24 40 131 0.906
24 41 120 0.925
24 42 121 0.895
24 43 83 0.946
24 44 132 0.846
24 45 148 0.924
24 46 173 0.898
24 47 179 0.797
24 48 305 0.881
25 1 343 0.525
25 2 317 0.801
25 3 254 0.906
25 4 252 0.832
25 5 202 0.75
25 6 201 0.924
25 7 165 0.86
25 8 159 0.878
25 9 156 0.892
25 10 168 0.855
25 11 130 0.924
25 12 102 0.897
25 13 100 0.857
25 14 40 0.906
25 15 102 0.838
25 16 128 0.875
25 17 89 0.902
25 18 88 0.799
25 19 116 0.873
25 20 137 0.618
25 21 132 0.794
25 22 127 0.878
25 23 117 0.791
25 24 0 0.0
25 25 106 0.882
25 26 120 0.811
25 27 113 0.76
25 28 93 0.871
25 29 137 0.864
25 30 120 0.722
25 31 113 0.875
25 32 147 0.832
25 33 128 0.852
25 34 115 0.777
25 35 118 0.863
25 36 122 0.782
25 37 105 0.813
25 38 114 0.834
25 39 111 0.87
25 40 122 0.742
25 41 91 0.922
25 42 82 0.902
25 43 143 0.893
25 44 140 0.839
25 45 130 0.899
25 46 135 0.865
25 47 208 0.835
25 48 247 0.864
26 1 113 0.752
26 2 145 0.6
26 3 276 0.857
26 4 231 0.84
26 5 200 0.835
26 6 197 0.833
26 7 171 0.85
26 8 174 0.865
26 9 182 0.856
26 10 173 0.843
26 11 150 0.903
26 12 177 0.871
26 13 39 0.865
26 14 55 0.95
26 15 155 0.856
26 16 179 0.773
26 17 167 0.822
26 18 129 0.849
26 19 112 0.915
26 20 151 0.864
26 21 145 0.842
26 22 104 0.865
26 23 116 0.825
26 24 131 0.809
26 25 135 0.764
26 26 157 0.846
26 27 127 0.918
26 28 138 0.894
26 29 132 0.923
26 30 92 0.85
26 31 124 0.933
26 32 126 0.758
26 33 138 0.884
26 34 113 0.826
26 35 123 0.91
26 36 109 0.918
26 37 106 0.866
26 38 102 0.886
26 39 122 0.79
26 40 132 0.938
26 41 126 0.896
26 42 131 0.76
26 43 137 0.912
26 44 147 0.894
26 45 147 0.871
26 46 166 0.95
26 47 210 0.819
26 48 280 0.818
27 1 341 0.864
27 2 334 0.602
27 3 251 0.754
27 4 239 0.852
27 5 238 0.856
27 6 202 0.888
27 7 182 0.821
27 8 154 0.794
27 9 169 0.832
27 10 150 0.781
27 11 187 0.818
27 12 170 0.649
27 13 128 0.865
27 14 103 0.935
27 15 150 0.88
27 16 170 0.837
27 17 125 0.841
27 18 100 0.937
27 19 156 0.892
27 20 158 0.904
27 21 131 0.886
27 22 135 0.898
27 23 148 0.891
27 24 122 0.892
27 25 138 0.894
27 26 123 0.696
27 27 136 0.849
27 28 141 0.88
27 29 98 0.889
27 30 104 0.815
27 31 135 0.852
27 32 136 0.81
27 33 0 0.0
27 34 121 0.85
27 35 129 0.954
27 36 102 0.823
27 37 123 0.91
27 38 137 0.888
27 39 62 0.967
27 40 53 0.957
27 41 108 0.898
27 42 138 0.801
27 43 151 0.918
27 44 159 0.798
27 45 132 0.938
27 46 186 0.866
27 47 204 0.917
27 48 269 0.851
28 1 351 0.786
28 2 321 0.662
28 3 249 0.825
28 4 226 0.702
28 5 214 0.885
28 6 200 0.891
28 7 190 0.756
28 8 144 0.889
28 9 178 0.829
28 10 175 0.87
28 11 181 0.908
28 12 169 0.889
28 13 180 0.846
28 14 192 0.883
28 15 173 0.88
28 16 176 0.913
28 17 173 0.901
28 18 169 0.868
28 19 145 0.882
28 20 152 0.819
28 21 154 0.872
28 22 145 0.793
28 23 137 0.804
28 24 139 0.891
28 25 103 0.894
28 26 138 0.789
28 27 137 0.902
28 28 131 0.921
28 29 131 0.872
28 30 147 0.832
28 31 125 0.832
28 32 118 0.925
28 33 142 0.854
28 34 146 0.798
28 35 126 0.871
28 36 111 0.768
28 37 117 0.8
28 38 132 0.794
28 39 135 0.843
28 40 119 0.906
28 41 137 0.878
28 42 129 0.892
28 43 127 0.903
28 44 123 0.899
28 45 144 0.943
28 46 186 0.924
28 47 157 0.955
28 48 306 0.9
29 1 332 0.849
29 2 280 0.741
29 3 159 0.809
29 4 55 0.858
29 5 239 0.836
29 6 214 0.859
29 7 184 0.764
29 8 186 0.847
29 9 226 0.853
29 10 202 0.828
29 11 106 0.904
29 12 103 0.842
29 13 185 0.85
29 14 178 0.897
29 15 96 0.986
29 16 98 0.901
29 17 181 0.799
29 18 176 0.875
29 19 145 0.905
29 20 162 0.882
29 21 177 0.67
29 22 160 0.893
29 23 157 0.931
29 24 155 0.909
29 25 158 0.815
29 26 143 0.916
29 27 145 0.842
29 28 143 0.782
29 29 145 0.801
29 30 128 0.885
29 31 134 0.722
29 32 152 0.848
29 33 151 0.895
29 34 148 0.728
29 35 143 0.851
29 36 154 0.913
29 37 140 0.907
29 38 132 0.833
29 39 120 0.853
29 40 125 0.81
29 41 138 0.894
29 42 147 0.894
29 43 151 0.886
29 44 146 0.818
29 45 173 0.813
29 46 196 0.881
29 47 197 0.889
29 48 291 0.745
30 1 349 0.758
30 2 342 0.754
30 3 300 0.775
30 4 273 0.797
30 5 301 0.848
30 6 246 0.799
30 7 215 0.871
30 8 218 0.918
30 9 301 0.819
30 10 193 0.86
30 11 189 0.816
30 12 222 0.848
30 13 229 0.833
30 14 160 0.745
30 15 195 0.807
30 16 188 0.876
30 17 211 0.813
30 18 202 0.854
30 19 172 0.801
30 20 200 0.864
30 21 171 0.9
30 22 168 0.906
30 23 188 0.913
30 24 183 0.88
30 25 164 0.815
30 26 152 0.934
30 27 178 0.876
30 28 151 0.886
30 29 166 0.788
30 30 158 0.873
30 31 165 0.868
30 32 178 0.848
30 33 171 0.842
30 34 138 0.755
30 35 177 0.851
30 36 148 0.847
30 37 137 0.731
30 38 157 0.889
30 39 140 0.907
30 40 158 0.843
30 41 153 0.854
30 42 156 0.821
30 43 171 0.891
30 44 162 0.927
30 45 169 0.832
30 46 219 0.83
30 47 225 0.867
30 48 272 0.908
31 1 380 0.83
31 2 369 0.652
31 3 327 0.869
31 4 316 0.848
31 5 283 0.886
31 6 281 0.741
31 7 273 0.812
31 8 279 0.842
31 9 285 0.869
31 10 244 0.895
31 11 266 0.734
31 12 279 0.873
31 13 240 0.898
31 14 238 0.866
31 15 208 0.871
31 16 204 0.881
31 17 189 0.688
31 18 253 0.861
31 19 220 0.883
31 20 190 0.902
31 21 223 0.811
31 22 180 0.925
31 23 207 0.824
31 24 210 0.843
31 25 210 0.851
31 26 211 0.855
31 27 143 0.752
31 28 207 0.849
31 29 198 0.91
31 30 222 0.855
31 31 216 0.857
31 32 213 0.855
31 33 16 -1.0
31 34 25 0.821
31 35 205 0.922
31 36 199 0.834
31 37 219 0.854
31 38 182 0.884
31 39 370 0.808
31 40 382 0.886
31 41 202 0.9
31 42 211 0.892
31 43 189 0.799
31 44 205 0.841
31 45 203 0.685
31 46 221 0.887
31 47 278 0.887
31 48 291 0.872
32 1 481 0.737
32 2 530 0.648
32 3 525 0.78
32 4 382 0.804
32 5 433 0.831
32 6 398 0.78
32 7 440 0.756
32 8 305 0.805
32 9 356 0.839
32 10 328 0.81
32 11 282 0.838
32 12 332 0.861
32 13 274 0.746
32 14 312 0.817
32 15 305 0.853
32 16 238 0.794
32 17 255 0.845
32 18 264 0.76
32 19 237 0.838
32 20 254 0.841
32 21 247 0.825
32 22 195 0.905
32 23 266 0.826
32 24 304 0.816
32 25 304 0.836
32 26 278 0.861
32 27 270 0.868
32 28 286 0.744
32 29 228 0.889
32 30 240 0.863
32 31 360 0.854
32 32 246 0.885
32 33 296 0.787
32 34 178 0.915
32 35 283 0.903
32 36 296 0.814
32 37 273 0.824
32 38 294 0.852
32 39 245 0.881
32 40 254 0.848
32 41 248 0.874
32 42 280 0.839
32 43 392 0.87
32 44 314 0.864
32 45 324 0.796
32 46 513 0.858
32 47 255 0.892
32 48 377 0.903
