row  column  size-1  circ-1
1 1 1835 0.383
1 2 1671 0.571
1 3 1768 0.509
1 4 1799 0.594
1 5 1669 0.431
1 6 1768 0.58
1 7 1953 0.365
1 8 1306 0.503
1 9 1373 0.54
1 10 1389 0.471
1 11 1707 0.413
1 12 1348 0.577
1 13 1440 0.382
1 14 1744 0.466
1 15 1337 0.533
1 16 887 0.425
1 17 1142 0.496
1 18 1460 0.467
1 19 945 0.429
1 20 1198 0.425
1 21 1309 0.429
1 22 1447 0.469
1 23 1177 0.452
1 24 1220 0.433
1 25 1432 0.415
1 26 1361 0.426
1 27 1451 0.495
1 28 1356 0.475
1 29 1068 0.411
1 30 1379 0.456
1 31 1180 0.355
1 32 1093 0.398
1 33 1402 0.437
1 34 709 0.403
1 35 1321 0.309
1 36 1105 0.365
1 37 1044 0.419
1 38 963 0.476
1 39 1411 0.479
1 40 1174 0.472
1 41 518 0.481
1 42 541 0.456
1 43 1091 0.428
1 44 1182 0.414
1 45 1033 0.51
1 46 933 0.477
1 47 1104 0.276
1 48 766 0.337
2 1 860 0.279
2 2 1421 0.422
2 3 1177 0.47
2 4 1072 0.534
2 5 1229 0.623
2 6 1210 0.519
2 7 967 0.51
2 8 1111 0.6
2 9 764 0.273
2 10 882 0.417
2 11 1102 0.517
2 12 1171 0.559
2 13 1027 0.491
2 14 1446 0.523
2 15 984 0.465
2 16 1214 0.527
2 17 1574 0.454
2 18 1250 0.439
2 19 1101 0.44
2 20 1067 0.462
2 21 1048 0.572
2 22 1016 0.445
2 23 966 0.573
2 24 994 0.515
2 25 945 0.42
2 26 985 0.499
2 27 1065 0.505
2 28 1019 0.436
2 29 904 0.37
2 30 924 0.47
2 31 818 0.381
2 32 1036 0.48
2 33 1002 0.391
2 34 830 0.479
2 35 1154 0.386
2 36 1556 0.346
2 37 794 0.381
2 38 936 0.37
2 39 777 0.523
2 40 909 0.409
2 41 1021 0.431
2 42 1087 0.47
2 43 931 0.45
2 44 971 0.467
2 45 986 0.373
2 46 1041 0.422
2 47 1085 0.328
2 48 667 0.244
3 1 1020 0.187
3 2 1290 0.437
3 3 1067 0.488
3 4 1069 0.461
3 5 1178 0.606
3 6 1214 0.476
3 7 913 0.463
3 8 921 0.427
3 9 1062 0.55
3 10 840 0.699
3 11 961 0.445
3 12 1271 0.518
3 13 1093 0.441
3 14 1281 0.269
3 15 360 0.716
3 16 394 0.406
3 17 1384 0.451
3 18 969 0.45
3 19 994 0.504
3 20 875 0.441
3 21 863 0.476
3 22 816 0.431
3 23 1062 0.543
3 24 1012 0.517
3 25 921 0.317
3 26 930 0.32
3 27 917 0.513
3 28 1221 0.578
3 29 1059 0.348
3 30 1092 0.39
3 31 954 0.461
3 32 1039 0.452
3 33 457 0.479
3 34 456 0.24
3 35 0 0.0
3 36 1068 0.356
3 37 1002 0.334
3 38 817 0.447
3 39 860 0.436
3 40 714 0.437
3 41 1002 0.412
3 42 888 0.559
3 43 753 0.35
3 44 881 0.466
3 45 907 0.562
3 46 1000 0.501
3 47 584 0.283
3 48 551 0.239
4 1 1953 0.299
4 2 1174 0.527
4 3 1154 0.485
4 4 1078 0.574
4 5 1180 0.422
4 6 909 0.516
4 7 1037 0.594
4 8 1043 0.484
4 9 1072 0.505
4 10 1155 0.511
4 11 1010 0.523
4 12 924 0.642
4 13 1061 0.424
4 14 857 0.469
4 15 1062 0.427
4 16 1249 0.336
4 17 1096 0.565
4 18 835 0.43
4 19 795 0.471
4 20 772 0.411
4 21 927 0.354
4 22 924 0.414
4 23 809 0.419
4 24 895 0.476
4 25 954 0.525
4 26 804 0.525
4 27 851 0.378
4 28 855 0.404
4 29 906 0.509
4 30 649 0.396
4 31 823 0.404
4 32 876 0.456
4 33 944 0.392
4 34 684 0.456
4 35 746 0.418
4 36 752 0.314
4 37 1037 0.412
4 38 773 0.465
4 39 785 0.485
4 40 821 0.48
4 41 826 0.447
4 42 810 0.37
4 43 745 0.422
4 44 775 0.359
4 45 770 0.465
4 46 905 0.312
4 47 1048 0.429
4 48 769 0.487
5 1 1406 0.323
5 2 1744 0.369
5 3 1209 0.488
5 4 993 0.58
5 5 1067 0.588
5 6 867 0.583
5 7 742 0.523
5 8 868 0.569
5 9 1018 0.489
5 10 954 0.473
5 11 947 0.501
5 12 839 0.529
5 13 975 0.507
5 14 956 0.538
5 15 775 0.482
5 16 616 0.281
5 17 994 0.354
5 18 1075 0.666
5 19 757 0.385
5 20 731 0.453
5 21 940 0.55
5 22 960 0.431
5 23 943 0.481
5 24 821 0.35
5 25 768 0.322
5 26 763 0.588
5 27 978 0.475
5 28 635 0.529
5 29 1002 0.529
5 30 943 0.388
5 31 953 0.487
5 32 808 0.546
5 33 699 0.413
5 34 671 0.483
5 35 949 0.33
5 36 805 0.438
5 37 893 0.502
5 38 928 0.359
5 39 863 0.471
5 40 872 0.404
5 41 378 0.388
5 42 461 0.555
5 43 806 0.48
5 44 680 0.416
5 45 930 0.451
5 46 789 0.421
5 47 866 0.504
5 48 1204 0.32
6 1 1212 0.492
6 2 1042 0.551
6 3 1224 0.51
6 4 1012 0.517
6 5 1082 0.582
6 6 1020 0.484
6 7 906 0.577
6 8 1255 0.491
6 9 925 0.413
6 10 1151 0.483
6 11 1137 0.473
6 12 957 0.424
6 13 845 0.463
6 14 934 0.417
6 15 825 0.408
6 16 957 0.457
6 17 915 0.409
6 18 919 0.368
6 19 839 0.388
6 20 1098 0.481
6 21 988 0.456
6 22 902 0.476
6 23 798 0.45
6 24 996 0.382
6 25 1212 0.5
6 26 786 0.459
6 27 771 0.55
6 28 789 0.48
6 29 921 0.357
6 30 978 0.486
6 31 714 0.53
6 32 812 0.377
6 33 926 0.525
6 34 837 0.512
6 35 889 0.519
6 36 835 0.504
6 37 882 0.511
6 38 841 0.398
6 39 1029 0.469
6 40 890 0.501
6 41 883 0.315
6 42 805 0.501
6 43 662 0.504
6 44 727 0.462
6 45 837 0.449
6 46 1031 0.435
6 47 937 0.466
6 48 1041 0.502
7 1 2109 0.404
7 2 1293 0.436
7 3 1200 0.544
7 4 1134 0.501
7 5 1146 0.486
7 6 1407 0.449
7 7 888 0.46
7 8 818 0.537
7 9 974 0.497
7 10 1056 0.529
7 11 914 0.502
7 12 726 0.52
7 13 930 0.565
7 14 1035 0.494
7 15 899 0.619
7 16 1194 0.459
7 17 882 0.689
7 18 941 0.437
7 19 1154 0.46
7 20 1001 0.485
7 21 982 0.518
7 22 903 0.52
7 23 1033 0.41
7 24 1171 0.399
7 25 755 0.39
7 26 1065 0.496
7 27 852 0.415
7 28 760 0.506
7 29 932 0.483
7 30 798 0.5
7 31 776 0.435
7 32 908 0.405
7 33 918 0.406
7 34 847 0.475
7 35 734 0.48
7 36 505 0.328
7 37 922 0.233
7 38 564 0.417
7 39 602 0.442
7 40 603 0.471
7 41 715 0.592
7 42 738 0.359
7 43 736 0.533
7 44 812 0.501
7 45 935 0.528
7 46 856 0.41
7 47 1046 0.485
7 48 1038 0.334
8 1 1396 0.474
8 2 1289 0.431
8 3 1013 0.475
8 4 969 0.576
8 5 937 0.64
8 6 853 0.518
8 7 1056 0.446
8 8 970 0.357
8 9 956 0.455
8 10 972 0.555
8 11 844 0.435
8 12 903 0.572
8 13 985 0.406
8 14 1081 0.357
8 15 892 0.506
8 16 1148 0.538
8 17 1104 0.455
8 18 919 0.387
8 19 796 0.361
8 20 772 0.494
8 21 1061 0.516
8 22 1096 0.456
8 23 1095 0.391
8 24 1053 0.421
8 25 952 0.51
8 26 1056 0.432
8 27 818 0.474
8 28 700 0.389
8 29 871 0.496
8 30 814 0.421
8 31 858 0.456
8 32 1013 0.303
8 33 804 0.323
8 34 854 0.527
8 35 716 0.559
8 36 976 0.433
8 37 1029 0.489
8 38 927 0.425
8 39 847 0.381
8 40 801 0.415
8 41 900 0.372
8 42 513 0.382
8 43 775 0.664
8 44 890 0.47
8 45 815 0.545
8 46 806 0.327
8 47 1108 0.463
8 48 1003 0.341
9 1 1286 0.341
9 2 998 0.563
9 3 1119 0.487
9 4 1007 0.518
9 5 1151 0.575
9 6 1186 0.491
9 7 1133 0.467
9 8 949 0.522
9 9 1126 0.551
9 10 863 0.53
9 11 907 0.514
9 12 794 0.359
9 13 970 0.471
9 14 971 0.467
9 15 739 0.376
9 16 680 0.341
9 17 1149 0.45
9 18 1108 0.515
9 19 1186 0.496
9 20 918 0.53
9 21 887 0.572
9 22 880 0.434
9 23 171 0.562
9 24 262 0.672
9 25 916 0.377
9 26 916 0.347
9 27 60 0.555
9 28 52 0.288
9 29 1097 0.361
9 30 1005 0.43
9 31 910 0.365
9 32 1084 0.417
9 33 937 0.413
9 34 952 0.501
9 35 1034 0.353
9 36 803 0.421
9 37 1154 0.402
9 38 964 0.368
9 39 921 0.569
9 40 855 0.518
9 41 889 0.387
9 42 822 0.455
9 43 890 0.45
9 44 812 0.376
9 45 713 0.527
9 46 702 0.587
9 47 1263 0.397
9 48 960 0.284
10 1 1189 0.408
10 2 994 0.448
10 3 814 0.476
10 4 1188 0.478
10 5 1110 0.492
10 6 1093 0.59
10 7 1109 0.539
10 8 1042 0.517
10 9 1118 0.409
10 10 873 0.469
10 11 1224 0.431
10 12 1002 0.448
10 13 1042 0.473
10 14 868 0.396
10 15 853 0.51
10 16 863 0.506
10 17 1003 0.424
10 18 1045 0.435
10 19 843 0.548
10 20 1034 0.531
10 21 1102 0.466
10 22 997 0.365
10 23 885 0.338
10 24 796 0.545
10 25 811 0.433
10 26 998 0.389
10 27 796 0.522
10 28 920 0.455
10 29 1079 0.437
10 30 704 0.393
10 31 903 0.407
10 32 677 0.449
10 33 996 0.56
10 34 892 0.477
10 35 777 0.398
10 36 880 0.504
10 37 985 0.424
10 38 1124 0.434
10 39 804 0.38
10 40 697 0.532
10 41 900 0.549
10 42 896 0.528
10 43 800 0.503
10 44 769 0.512
10 45 850 0.542
10 46 977 0.453
10 47 1072 0.414
10 48 771 0.368
11 1 1516 0.39
11 2 1167 0.472
11 3 1093 0.537
11 4 222 0.249
11 5 1380 0.502
11 6 1203 0.555
11 7 993 0.589
11 8 1135 0.431
11 9 1342 0.483
11 10 1662 0.285
11 11 1040 0.467
11 12 1046 0.403
11 13 1043 0.408
11 14 1099 0.48
11 15 1108 0.322
11 16 794 0.368
11 17 813 0.452
11 18 1051 0.294
11 19 858 0.633
11 20 885 0.345
11 21 863 0.487
11 22 1036 0.419
11 23 856 0.53
11 24 904 0.54
11 25 867 0.428
11 26 1027 0.547
11 27 937 0.409
11 28 839 0.349
11 29 1052 0.466
11 30 1063 0.492
11 31 836 0.51
11 32 765 0.398
11 33 833 0.474
11 34 1096 0.596
11 35 1045 0.379
11 36 1040 0.418
11 37 868 0.359
11 38 841 0.457
11 39 789 0.468
11 40 802 0.452
11 41 892 0.427
11 42 893 0.452
11 43 666 0.604
11 44 411 0.474
11 45 755 0.483
11 46 889 0.389
11 47 819 0.517
11 48 1036 0.293
12 1 1204 0.496
12 2 1036 0.501
12 3 942 0.489
12 4 1006 0.545
12 5 820 0.494
12 6 1126 0.564
12 7 851 0.467
12 8 1111 0.499
12 9 1336 0.568
12 10 1125 0.481
12 11 1044 0.45
12 12 1011 0.459
12 13 1131 0.408
12 14 1006 0.501
12 15 1317 0.317
12 16 960 0.463
12 17 876 0.568
12 18 992 0.447
12 19 1339 0.391
12 20 744 0.436
12 21 959 0.478
12 22 1121 0.465
12 23 926 0.428
12 24 896 0.451
12 25 812 0.403
12 26 903 0.434
12 27 829 0.399
12 28 827 0.381
12 29 1044 0.472
12 30 1007 0.487
12 31 682 0.355
12 32 873 0.468
12 33 964 0.376
12 34 1107 0.397
12 35 676 0.399
12 36 919 0.509
12 37 992 0.388
12 38 918 0.481
12 39 724 0.4
12 40 697 0.468
12 41 1156 0.583
12 42 801 0.415
12 43 956 0.45
12 44 899 0.429
12 45 1006 0.401
12 46 885 0.426
12 47 454 0.586
12 48 1208 0.181
13 1 1225 0.376
13 2 1301 0.601
13 3 1229 0.42
13 4 1188 0.581
13 5 1233 0.409
13 6 947 0.626
13 7 1125 0.44
13 8 829 0.426
13 9 1202 0.466
13 10 1395 0.324
13 11 822 0.431
13 12 1041 0.476
13 13 1393 0.424
13 14 1092 0.444
13 15 785 0.398
13 16 1165 0.472
13 17 458 0.632
13 18 358 0.656
13 19 961 0.48
13 20 931 0.383
13 21 982 0.509
13 22 956 0.398
13 23 1009 0.379
13 24 1145 0.559
13 25 442 0.522
13 26 1015 0.427
13 27 1290 0.517
13 28 1004 0.326
13 29 770 0.415
13 30 948 0.47
13 31 874 0.375
13 32 848 0.459
13 33 852 0.385
13 34 821 0.542
13 35 1029 0.351
13 36 758 0.481
13 37 645 0.464
13 38 577 0.485
13 39 906 0.324
13 40 783 0.588
13 41 732 0.5
13 42 724 0.467
13 43 631 0.486
13 44 775 0.462
13 45 643 0.663
13 46 742 0.473
13 47 959 0.364
13 48 787 0.292
14 1 1171 0.301
14 2 871 0.555
14 3 1005 0.506
14 4 1088 0.606
14 5 1041 0.45
14 6 806 0.564
14 7 1080 0.506
14 8 1126 0.482
14 9 1126 0.537
14 10 1190 0.535
14 11 1042 0.525
14 12 887 0.424
14 13 1000 0.447
14 14 819 0.368
14 15 973 0.447
14 16 966 0.346
14 17 1159 0.503
14 18 991 0.482
14 19 1121 0.496
14 20 798 0.438
14 21 1089 0.563
14 22 898 0.478
14 23 862 0.443
14 24 845 0.481
14 25 982 0.439
14 26 1054 0.496
14 27 733 0.474
14 28 678 0.424
14 29 1171 0.362
14 30 774 0.415
14 31 694 0.434
14 32 864 0.501
14 33 1104 0.498
14 34 748 0.407
14 35 940 0.473
14 36 1011 0.497
14 37 865 0.422
14 38 754 0.537
14 39 756 0.427
14 40 822 0.564
14 41 784 0.377
14 42 836 0.519
14 43 831 0.457
14 44 897 0.436
14 45 960 0.522
14 46 737 0.443
14 47 1096 0.375
14 48 857 0.203
15 1 630 0.488
15 2 396 0.619
15 3 1025 0.483
15 4 1501 0.47
15 5 943 0.516
15 6 871 0.355
15 7 927 0.48
15 8 1082 0.586
15 9 1063 0.43
15 10 940 0.447
15 11 910 0.387
15 12 1037 0.4
15 13 1105 0.533
15 14 1145 0.44
15 15 1047 0.509
15 16 1077 0.442
15 17 1109 0.506
15 18 981 0.372
15 19 952 0.509
15 20 1106 0.422
15 21 904 0.435
15 22 1156 0.447
15 23 906 0.487
15 24 828 0.359
15 25 1043 0.428
15 26 1072 0.329
15 27 847 0.396
15 28 864 0.375
15 29 922 0.387
15 30 891 0.39
15 31 805 0.412
15 32 1166 0.478
15 33 835 0.493
15 34 866 0.481
15 35 970 0.496
15 36 725 0.416
15 37 774 0.496
15 38 847 0.436
15 39 751 0.442
15 40 1119 0.395
15 41 880 0.472
15 42 738 0.397
15 43 843 0.368
15 44 847 0.452
15 45 939 0.391
15 46 793 0.391
15 47 1079 0.415
15 48 295 0.151
16 1 1464 0.437
16 2 1104 0.497
16 3 1207 0.48
16 4 1025 0.547
16 5 957 0.518
16 6 1115 0.423
16 7 930 0.56
16 8 1180 0.404
16 9 946 0.461
16 10 1304 0.41
16 11 1024 0.43
16 12 1129 0.37
16 13 1038 0.54
16 14 1094 0.397
16 15 1276 0.494
16 16 1137 0.461
16 17 1305 0.364
16 18 1091 0.495
16 19 1023 0.407
16 20 1063 0.404
16 21 1154 0.381
16 22 1128 0.448
16 23 1052 0.497
16 24 1018 0.385
16 25 1094 0.478
16 26 854 0.569
16 27 1016 0.42
16 28 997 0.526
16 29 1011 0.423
16 30 1007 0.568
16 31 848 0.423
16 32 846 0.487
16 33 857 0.423
16 34 735 0.463
16 35 913 0.396
16 36 828 0.43
16 37 930 0.297
16 38 1077 0.408
16 39 992 0.683
16 40 836 0.524
16 41 828 0.492
16 42 846 0.341
16 43 809 0.342
16 44 908 0.523
16 45 848 0.488
16 46 881 0.568
16 47 678 0.404
16 48 1069 0.293
17 1 1574 0.308
17 2 1152 0.517
17 3 1243 0.419
17 4 1146 0.41
17 5 1243 0.469
17 6 1092 0.486
17 7 1361 0.401
17 8 1273 0.38
17 9 1191 0.601
17 10 1212 0.476
17 11 931 0.368
17 12 958 0.56
17 13 1016 0.521
17 14 1003 0.616
17 15 865 0.439
17 16 648 0.31
17 17 996 0.497
17 18 961 0.581
17 19 1340 0.452
17 20 1079 0.409
17 21 57 0.618
17 22 98 0.655
17 23 920 0.427
17 24 895 0.362
17 25 1064 0.476
17 26 940 0.462
17 27 838 0.501
17 28 885 0.474
17 29 1060 0.489
17 30 955 0.404
17 31 788 0.366
17 32 734 0.348
17 33 859 0.439
17 34 947 0.398
17 35 905 0.465
17 36 1012 0.466
17 37 985 0.327
17 38 878 0.488
17 39 763 0.473
17 40 774 0.489
17 41 746 0.501
17 42 723 0.497
17 43 874 0.622
17 44 938 0.421
17 45 928 0.415
17 46 409 0.546
17 47 1410 0.485
17 48 1003 0.258
18 1 1559 0.392
18 2 1238 0.482
18 3 1283 0.513
18 4 1007 0.498
18 5 1024 0.472
18 6 1103 0.567
18 7 1095 0.373
18 8 1009 0.56
18 9 1025 0.5
18 10 1132 0.524
18 11 900 0.47
18 12 964 0.372
18 13 1043 0.477
18 14 895 0.418
18 15 1022 0.526
18 16 1120 0.572
18 17 1078 0.385
18 18 1069 0.576
18 19 1284 0.372
18 20 899 0.53
18 21 1060 0.513
18 22 1089 0.616
18 23 1406 0.578
18 24 790 0.507
18 25 965 0.497
18 26 859 0.429
18 27 678 0.532
18 28 993 0.445
18 29 887 0.398
18 30 853 0.437
18 31 912 0.406
18 32 886 0.546
18 33 721 0.405
18 34 942 0.508
18 35 885 0.488
18 36 812 0.491
18 37 818 0.399
18 38 845 0.452
18 39 722 0.398
18 40 1074 0.569
18 41 767 0.514
18 42 929 0.575
18 43 736 0.483
18 44 875 0.352
18 45 789 0.479
18 46 945 0.42
18 47 885 0.405
18 48 839 0.328
19 1 1259 0.32
19 2 1154 0.589
19 3 1158 0.449
19 4 1611 0.275
19 5 1067 0.418
19 6 856 0.454
19 7 1003 0.4
19 8 1068 0.479
19 9 946 0.458
19 10 1040 0.483
19 11 1228 0.525
19 12 1124 0.482
19 13 1014 0.402
19 14 1341 0.447
19 15 911 0.419
19 16 1092 0.41
19 17 1794 0.399
19 18 2282 0.416
19 19 1034 0.337
19 20 1135 0.36
19 21 906 0.454
19 22 1013 0.418
19 23 1016 0.434
19 24 1267 0.568
19 25 897 0.619
19 26 1040 0.431
19 27 1028 0.431
19 28 1124 0.366
19 29 960 0.411
19 30 943 0.455
19 31 809 0.406
19 32 853 0.56
19 33 893 0.477
19 34 927 0.426
19 35 837 0.392
19 36 931 0.569
19 37 800 0.508
19 38 893 0.401
19 39 914 0.58
19 40 906 0.491
19 41 834 0.424
19 42 747 0.512
19 43 951 0.423
19 44 830 0.444
19 45 965 0.547
19 46 922 0.493
19 47 1017 0.466
19 48 982 0.237
20 1 1238 0.505
20 2 1147 0.588
20 3 951 0.527
20 4 940 0.636
20 5 941 0.599
20 6 1195 0.462
20 7 913 0.475
20 8 924 0.604
20 9 1084 0.392
20 10 1109 0.441
20 11 1028 0.532
20 12 1611 0.379
20 13 1164 0.418
20 14 1174 0.329
20 15 1431 0.436
20 16 1143 0.408
20 17 1142 0.426
20 18 1039 0.372
20 19 835 0.495
20 20 1058 0.437
20 21 964 0.53
20 22 1015 0.425
20 23 966 0.474
20 24 1016 0.377
20 25 1032 0.505
20 26 921 0.498
20 27 979 0.44
20 28 1100 0.414
20 29 943 0.465
20 30 979 0.355
20 31 823 0.481
20 32 1017 0.543
20 33 892 0.328
20 34 979 0.357
20 35 801 0.368
20 36 915 0.438
20 37 975 0.505
20 38 1007 0.426
20 39 849 0.527
20 40 1130 0.438
20 41 907 0.441
20 42 923 0.539
20 43 848 0.497
20 44 793 0.556
20 45 885 0.538
20 46 1040 0.477
20 47 912 0.312
20 48 744 0.433
21 1 1208 0.53
21 2 1724 0.497
21 3 1174 0.436
21 4 1138 0.434
21 5 810 0.693
21 6 923 0.497
21 7 1635 0.43
21 8 1310 0.512
21 9 962 0.602
21 10 991 0.709
21 11 1007 0.527
21 12 1274 0.525
21 13 989 0.494
21 14 1043 0.425
21 15 953 0.568
21 16 991 0.529
21 17 957 0.662
21 18 923 0.548
21 19 1054 0.435
21 20 1241 0.551
21 21 1159 0.379
21 22 1058 0.479
21 23 562 0.58
21 24 874 0.673
21 25 965 0.472
21 26 1096 0.404
21 27 1129 0.501
21 28 595 0.356
21 29 1351 0.457
21 30 1022 0.387
21 31 863 0.552
21 32 878 0.503
21 33 936 0.522
21 34 1156 0.406
21 35 993 0.405
21 36 1033 0.442
21 37 1014 0.408
21 38 1031 0.508
21 39 991 0.507
21 40 1083 0.506
21 41 889 0.501
21 42 879 0.399
21 43 675 0.494
21 44 586 0.421
21 45 448 0.316
21 46 907 0.537
21 47 1002 0.446
21 48 1053 0.386
22 1 1408 0.33
22 2 1130 0.518
22 3 924 0.655
22 4 1012 0.529
22 5 877 0.454
22 6 680 0.418
22 7 806 0.369
22 8 849 0.498
22 9 958 0.56
22 10 1130 0.485
22 11 1065 0.457
22 12 1194 0.556
22 13 1107 0.53
22 14 1298 0.585
22 15 885 0.443
22 16 1304 0.454
22 17 1163 0.52
22 18 1172 0.359
22 19 1149 0.442
22 20 1332 0.428
22 21 801 0.511
22 22 1060 0.563
22 23 1016 0.435
22 24 893 0.425
22 25 970 0.51
22 26 942 0.466
22 27 940 0.431
22 28 1135 0.599
22 29 867 0.426
22 30 857 0.475
22 31 1208 0.474
22 32 999 0.511
22 33 1127 0.398
22 34 1019 0.463
22 35 1007 0.442
22 36 1058 0.504
22 37 811 0.58
22 38 1050 0.366
22 39 728 0.446
22 40 673 0.537
22 41 727 0.581
22 42 959 0.461
22 43 624 0.571
22 44 1028 0.535
22 45 846 0.485
22 46 849 0.483
22 47 1164 0.382
22 48 1015 0.33
23 1 1105 0.473
23 2 934 0.447
23 3 1104 0.448
23 4 1722 0.37
23 5 860 0.388
23 6 1100 0.435
23 7 814 0.467
23 8 588 0.527
23 9 1072 0.42
23 10 1151 0.494
23 11 1010 0.545
23 12 975 0.445
23 13 862 0.43
23 14 1313 0.417
23 15 989 0.4
23 16 957 0.516
23 17 45 0.435
23 18 109 0.568
23 19 963 0.422
23 20 991 0.394
23 21 1148 0.519
23 22 1084 0.538
23 23 1037 0.576
23 24 1005 0.54
23 25 1092 0.541
23 26 990 0.415
23 27 1028 0.484
23 28 934 0.491
23 29 1160 0.574
23 30 1127 0.435
23 31 1005 0.401
23 32 1135 0.419
23 33 590 0.564
23 34 1023 0.546
23 35 774 0.355
23 36 1303 0.344
23 37 1076 0.578
23 38 822 0.426
23 39 408 0.451
23 40 998 0.463
23 41 910 0.488
23 42 853 0.555
23 43 821 0.677
23 44 836 0.546
23 45 1013 0.351
23 46 904 0.512
23 47 1042 0.554
23 48 1192 0.333
24 1 1820 0.476
24 2 1055 0.553
24 3 1342 0.396
24 4 923 0.671
24 5 1763 0.439
24 6 1121 0.537
24 7 1069 0.457
24 8 1213 0.543
24 9 1159 0.542
24 10 999 0.51
24 11 1049 0.494
24 12 1185 0.528
24 13 982 0.441
24 14 909 0.529
24 15 609 0.603
24 16 1170 0.397
24 17 1216 0.485
24 18 1388 0.456
24 19 1056 0.404
24 20 1162 0.509
24 21 819 0.468
24 22 1173 0.484
24 23 830 0.544
24 24 841 0.538
24 25 896 0.459
24 26 848 0.529
24 27 1030 0.566
24 28 1345 0.508
24 29 1035 0.648
24 30 1187 0.53
24 31 611 0.57
24 32 875 0.527
24 33 925 0.622
24 34 1037 0.569
24 35 853 0.447
24 36 1272 0.415
24 37 970 0.592
24 38 868 0.529
24 39 737 0.446
24 40 977 0.568
24 41 897 0.629
24 42 1040 0.644
24 43 980 0.531
24 44 1749 0.473
24 45 926 0.487
24 46 1149 0.515
24 47 1118 0.419
24 48 1076 0.38
25 1 1663 0.539
25 2 1308 0.485
25 3 1057 0.515
25 4 1242 0.367
25 5 1113 0.512
25 6 1389 0.502
25 7 1022 0.442
25 8 871 0.412
25 9 1056 0.659
25 10 1076 0.44
25 11 838 0.524
25 12 937 0.458
25 13 298 0.49
25 14 764 0.642
25 15 835 0.312
25 16 1200 0.364
25 17 146 0.374
25 18 161 0.598
25 19 991 0.561
25 20 1112 0.431
25 21 1124 0.582
25 22 950 0.589
25 23 1270 0.384
25 24 0 0.0
25 25 949 0.557
25 26 1086 0.5
25 27 959 0.563
25 28 641 0.458
25 29 817 0.586
25 30 888 0.533
25 31 955 0.508
25 32 1533 0.359
25 33 909 0.648
25 34 888 0.4
25 35 1154 0.433
25 36 1204 0.395
25 37 966 0.628
25 38 799 0.404
25 39 726 0.493
25 40 930 0.612
25 41 899 0.488
25 42 819 0.365
25 43 995 0.542
25 44 914 0.46
25 45 1503 0.386
25 46 975 0.572
25 47 933 0.537
25 48 1173 0.443
26 1 78 0.344
26 2 132 0.458
26 3 1289 0.575
26 4 1077 0.517
26 5 966 0.42
26 6 1143 0.538
26 7 945 0.432
26 8 1112 0.499
26 9 1160 0.465
26 10 977 0.56
26 11 1076 0.456
26 12 1152 0.596
26 13 15 0.629
26 14 11 0.78
26 15 1063 0.461
26 16 972 0.511
26 17 1218 0.499
26 18 1310 0.474
26 19 892 0.365
26 20 940 0.422
26 21 1123 0.433
26 22 1010 0.356
26 23 895 0.415
26 24 1047 0.624
26 25 1062 0.427
26 26 1229 0.396
26 27 935 0.402
26 28 932 0.49
26 29 1222 0.617
26 30 656 0.54
26 31 829 0.625
26 32 955 0.433
26 33 709 0.544
26 34 859 0.579
26 35 774 0.627
26 36 906 0.478
26 37 897 0.362
26 38 1098 0.463
26 39 1306 0.48
26 40 874 0.445
26 41 994 0.506
26 42 1006 0.533
26 43 1054 0.449
26 44 934 0.541
26 45 990 0.514
26 46 1022 0.512
26 47 938 0.529
26 48 1231 0.361
27 1 1487 0.576
27 2 1351 0.477
27 3 1291 0.44
27 4 1437 0.425
27 5 1848 0.486
27 6 1048 0.546
27 7 1036 0.493
27 8 1086 0.41
27 9 1152 0.458
27 10 852 0.521
27 11 1213 0.449
27 12 927 0.556
27 13 925 0.416
27 14 909 0.446
27 15 923 0.453
27 16 996 0.519
27 17 444 0.636
27 18 698 0.671
27 19 971 0.416
27 20 1221 0.59
27 21 1003 0.412
27 22 871 0.516
27 23 866 0.44
27 24 924 0.603
27 25 1077 0.407
27 26 1194 0.479
27 27 955 0.512
27 28 1141 0.488
27 29 1034 0.515
27 30 807 0.439
27 31 1183 0.591
27 32 999 0.489
27 33 0 0.0
27 34 1071 0.494
27 35 1014 0.449
27 36 1245 0.39
27 37 808 0.493
27 38 891 0.454
27 39 811 0.364
27 40 706 0.477
27 41 1105 0.42
27 42 1162 0.546
27 43 990 0.559
27 44 795 0.597
27 45 1015 0.46
27 46 1317 0.457
27 47 1159 0.464
27 48 1140 0.361
28 1 726 0.452
28 2 1369 0.498
28 3 1075 0.506
28 4 1318 0.568
28 5 1205 0.644
28 6 1194 0.337
28 7 1140 0.541
28 8 1013 0.508
28 9 1140 0.598
28 10 1027 0.473
28 11 914 0.523
28 12 911 0.551
28 13 779 0.493
28 14 1182 0.39
28 15 1008 0.446
28 16 1120 0.465
28 17 1107 0.471
28 18 1071 0.456
28 19 906 0.428
28 20 1182 0.427
28 21 1102 0.393
28 22 1089 0.529
28 23 831 0.437
28 24 1036 0.468
28 25 1072 0.557
28 26 1013 0.383
28 27 949 0.63
28 28 1180 0.419
28 29 1086 0.516
28 30 1122 0.426
28 31 1016 0.622
28 32 1008 0.536
28 33 1182 0.412
28 34 868 0.409
28 35 630 0.532
28 36 1517 0.51
28 37 932 0.37
28 38 984 0.405
28 39 1312 0.356
28 40 950 0.438
28 41 952 0.484
28 42 853 0.587
28 43 901 0.516
28 44 1042 0.309
28 45 958 0.534
28 46 1152 0.536
28 47 1234 0.51
28 48 1421 0.554
29 1 1568 0.519
29 2 1663 0.512
29 3 251 0.562
29 4 0 0.0
29 5 1196 0.558
29 6 1123 0.525
29 7 1376 0.507
29 8 671 0.529
29 9 1675 0.366
29 10 1645 0.383
29 11 852 0.482
29 12 709 0.517
29 13 1202 0.41
29 14 1202 0.492
29 15 912 0.413
29 16 775 0.559
29 17 1132 0.681
29 18 1024 0.631
29 19 1280 0.478
29 20 1080 0.475
29 21 1158 0.436
29 22 890 0.431
29 23 1202 0.556
29 24 1020 0.506
29 25 1400 0.46
29 26 941 0.493
29 27 1118 0.424
29 28 1095 0.461
29 29 932 0.587
29 30 1001 0.395
29 31 958 0.489
29 32 890 0.553
29 33 1096 0.518
29 34 1110 0.557
29 35 1088 0.407
29 36 918 0.357
29 37 800 0.58
29 38 992 0.449
29 39 772 0.339
29 40 869 0.487
29 41 990 0.376
29 42 1086 0.528
29 43 1053 0.449
29 44 839 0.52
29 45 1133 0.486
29 46 1141 0.402
29 47 1124 0.501
29 48 685 0.365
30 1 1826 0.332
30 2 1445 0.423
30 3 1157 0.414
30 4 1329 0.351
30 5 1133 0.505
30 6 1115 0.431
30 7 1206 0.39
30 8 959 0.552
30 9 1387 0.423
30 10 1001 0.53
30 11 1033 0.468
30 12 1214 0.618
30 13 1045 0.53
30 14 1121 0.574
30 15 1143 0.428
30 16 1347 0.496
30 17 1140 0.446
30 18 1222 0.453
30 19 893 0.451
30 20 1351 0.372
30 21 970 0.465
30 22 1199 0.666
30 23 960 0.525
30 24 1006 0.554
30 25 934 0.472
30 26 1092 0.44
30 27 1174 0.505
30 28 1003 0.389
30 29 1011 0.578
30 30 951 0.575
30 31 1084 0.465
30 32 1080 0.487
30 33 1034 0.511
30 34 945 0.581
30 35 1075 0.628
30 36 1437 0.597
30 37 931 0.476
30 38 692 0.37
30 39 926 0.513
30 40 1016 0.476
30 41 829 0.537
30 42 934 0.511
30 43 885 0.524
30 44 1139 0.439
30 45 1396 0.367
30 46 1317 0.349
30 47 1125 0.515
30 48 1231 0.568
31 1 1695 0.363
31 2 1683 0.455
31 3 1652 0.394
31 4 1492 0.39
31 5 1413 0.408
31 6 1349 0.481
31 7 1179 0.566
31 8 1259 0.393
31 9 1188 0.532
31 10 1139 0.598
31 11 1160 0.534
31 12 1282 0.405
31 13 950 0.524
31 14 1179 0.48
31 15 868 0.57
31 16 1199 0.403
31 17 846 0.339
31 18 984 0.544
31 19 1271 0.54
31 20 1094 0.469
31 21 1193 0.446
31 22 969 0.458
31 23 1312 0.54
31 24 1191 0.524
31 25 1161 0.46
31 26 1221 0.506
31 27 1117 0.316
31 28 1314 0.539
31 29 1036 0.444
31 30 1225 0.519
31 31 1238 0.382
31 32 1188 0.62
31 33 1047 0.428
31 34 858 0.481
31 35 1083 0.565
31 36 1162 0.55
31 37 1150 0.504
31 38 1144 0.554
31 39 1200 0.489
31 40 1250 0.473
31 41 1256 0.49
31 42 1160 0.52
31 43 1128 0.434
31 44 1068 0.489
31 45 1237 0.528
31 46 1192 0.548
31 47 1144 0.519
31 48 1094 0.541
32 1 1628 0.382
32 2 1714 0.342
32 3 1646 0.391
32 4 2038 0.495
32 5 1614 0.558
32 6 2404 0.53
32 7 1755 0.476
32 8 1237 0.499
32 9 1682 0.378
32 10 1166 0.448
32 11 1532 0.477
32 12 1635 0.522
32 13 1342 0.566
32 14 1333 0.514
32 15 1642 0.399
32 16 1583 0.429
32 17 2118 0.433
32 18 1488 0.498
32 19 1333 0.573
32 20 1198 0.499
32 21 1323 0.472
32 22 1427 0.385
32 23 1306 0.43
32 24 1379 0.38
32 25 1322 0.498
32 26 1601 0.431
32 27 1413 0.561
32 28 1216 0.441
32 29 1693 0.474
32 30 1468 0.314
32 31 1317 0.385
32 32 1110 0.599
32 33 1158 0.513
32 34 876 0.486
32 35 1876 0.31
32 36 1374 0.587
32 37 1434 0.378
32 38 1219 0.49
32 39 1499 0.372
32 40 1315 0.437
32 41 1286 0.401
32 42 1343 0.441
32 43 1587 0.581
32 44 1332 0.494
32 45 1330 0.556
32 46 1331 0.528
32 47 1283 0.399
32 48 1281 0.375
