row  column  size-1  circ-1
1 1 1829 0.698
1 2 1954 0.681
1 3 1793 0.617
1 4 1836 0.66
1 5 1791 0.559
1 6 1581 0.645
1 7 1669 0.675
1 8 1688 0.583
1 9 1785 0.587
1 10 1749 0.644
1 11 1819 0.659
1 12 1901 0.667
1 13 1659 0.711
1 14 2129 0.561
1 15 1875 0.559
1 16 1664 0.612
1 17 1965 0.648
1 18 1809 0.626
1 19 1650 0.635
1 20 1761 0.549
1 21 1664 0.471
1 22 1527 0.522
1 23 1619 0.559
1 24 1635 0.636
1 25 1769 0.584
1 26 1777 0.541
1 27 1721 0.726
1 28 1559 0.647
1 29 1435 0.572
1 30 1534 0.548
1 31 1517 0.553
1 32 1473 0.499
1 33 1451 0.548
1 34 1566 0.56
1 35 1534 0.597
1 36 1646 0.546
1 37 1679 0.557
1 38 1477 0.584
1 39 1636 0.572
1 40 1616 0.637
1 41 1404 0.542
1 42 1539 0.554
1 43 1688 0.642
1 44 1579 0.577
1 45 1721 0.575
1 46 1631 0.45
1 47 1519 0.495
1 48 1376 0.316
2 1 1109 0.518
2 2 1648 0.573
2 3 0 0.0
2 4 92 0.577
2 5 1761 0.678
2 6 1485 0.673
2 7 1429 0.563
2 8 1504 0.504
2 9 1492 0.548
2 10 1558 0.494
2 11 0 0.0
2 12 1405 0.633
2 13 1394 0.575
2 14 1852 0.47
2 15 0 0.0
2 16 1488 0.529
2 17 44 0.703
2 18 41 0.708
2 19 163 0.649
2 20 160 0.713
2 21 1231 0.507
2 22 1302 0.579
2 23 0 0.0
2 24 1366 0.434
2 25 1153 0.538
2 26 1184 0.592
2 27 1441 0.538
2 28 1225 0.698
2 29 1189 0.583
2 30 1200 0.494
2 31 1148 0.588
2 32 1056 0.542
2 33 860 0.608
2 34 1087 0.453
2 35 1023 0.56
2 36 1000 0.608
2 37 1043 0.666
2 38 1131 0.556
2 39 1374 0.564
2 40 1131 0.612
2 41 1101 0.455
2 42 1104 0.476
2 43 1200 0.495
2 44 1211 0.52
2 45 0 0.0
2 46 0 0.0
2 47 1401 0.563
2 48 1154 0.378
3 1 1806 0.447
3 2 1480 0.639
3 3 1492 0.475
3 4 1537 0.516
3 5 1672 0.589
3 6 1302 0.677
3 7 1307 0.558
3 8 1185 0.538
3 9 1250 0.545
3 10 1351 0.599
3 11 1526 0.546
3 12 1167 0.681
3 13 1505 0.449
3 14 1163 0.657
3 15 1281 0.508
3 16 1117 0.443
3 17 1322 0.534
3 18 1268 0.676
3 19 1155 0.419
3 20 1219 0.584
3 21 1494 0.572
3 22 1228 0.551
3 23 1092 0.598
3 24 1073 0.429
3 25 1248 0.538
3 26 1244 0.559
3 27 1106 0.297
3 28 1058 0.502
3 29 1153 0.544
3 30 1161 0.63
3 31 1263 0.469
3 32 1004 0.498
3 33 1053 0.478
3 34 1069 0.578
3 35 878 0.499
3 36 551 0.749
3 37 1059 0.542
3 38 1015 0.445
3 39 911 0.674
3 40 1111 0.523
3 41 1010 0.51
3 42 1045 0.539
3 43 1094 0.502
3 44 961 0.442
3 45 1152 0.719
3 46 1196 0.435
3 47 1124 0.509
3 48 1096 0.341
4 1 1773 0.395
4 2 1293 0.613
4 3 1443 0.645
4 4 1527 0.512
4 5 1234 0.526
4 6 1179 0.756
4 7 1253 0.409
4 8 1302 0.487
4 9 1162 0.543
4 10 1253 0.656
4 11 858 0.527
4 12 1068 0.571
4 13 1163 0.532
4 14 1013 0.61
4 15 1099 0.515
4 16 1087 0.782
4 17 1120 0.388
4 18 1083 0.665
4 19 1004 0.535
4 20 1085 0.573
4 21 1084 0.655
4 22 1012 0.466
4 23 950 0.563
4 24 970 0.426
4 25 915 0.476
4 26 740 0.509
4 27 1129 0.401
4 28 987 0.515
4 29 992 0.457
4 30 985 0.428
4 31 10 -1.0
4 32 0 0.0
4 33 906 0.529
4 34 1026 0.49
4 35 1010 0.407
4 36 1014 0.463
4 37 969 0.528
4 38 806 0.549
4 39 928 0.388
4 40 1096 0.578
4 41 871 0.541
4 42 916 0.506
4 43 1028 0.598
4 44 1168 0.522
4 45 885 0.637
4 46 1293 0.544
4 47 1136 0.455
4 48 2230 0.444
5 1 2185 0.717
5 2 1416 0.569
5 3 1414 0.633
5 4 1314 0.639
5 5 1309 0.645
5 6 1262 0.66
5 7 1313 0.654
5 8 1095 0.575
5 9 1103 0.56
5 10 1059 0.623
5 11 1107 0.717
5 12 963 0.372
5 13 1130 0.665
5 14 1167 0.47
5 15 947 0.654
5 16 1131 0.556
5 17 871 0.44
5 18 1052 0.498
5 19 1036 0.645
5 20 1057 0.515
5 21 1002 0.531
5 22 903 0.58
5 23 906 0.594
5 24 917 0.651
5 25 991 0.567
5 26 997 0.686
5 27 991 0.501
5 28 937 0.606
5 29 862 0.447
5 30 901 0.604
5 31 1039 0.464
5 32 1101 0.404
5 33 1016 0.522
5 34 1003 0.465
5 35 971 0.453
5 36 1060 0.543
5 37 910 0.57
5 38 867 0.55
5 39 941 0.614
5 40 990 0.524
5 41 858 0.633
5 42 805 0.514
5 43 957 0.507
5 44 972 0.505
5 45 1315 0.502
5 46 1075 0.632
5 47 1287 0.664
5 48 1400 0.362
6 1 1948 0.573
6 2 1456 0.596
6 3 1496 0.578
6 4 1337 0.626
6 5 388 0.783
6 6 333 0.477
6 7 1375 0.604
6 8 879 0.811
6 9 124 0.709
6 10 107 0.644
6 11 827 0.523
6 12 1263 0.659
6 13 1143 0.541
6 14 1007 0.595
6 15 974 0.524
6 16 996 0.496
6 17 533 0.415
6 18 595 0.516
6 19 892 0.492
6 20 883 0.603
6 21 948 0.623
6 22 1374 0.447
6 23 1082 0.558
6 24 933 0.516
6 25 994 0.494
6 26 961 0.536
6 27 1188 0.552
6 28 870 0.617
6 29 964 0.576
6 30 965 0.548
6 31 987 0.455
6 32 952 0.563
6 33 19 0.422
6 34 447 0.703
6 35 939 0.613
6 36 1111 0.642
6 37 0 0.0
6 38 0 0.0
6 39 978 0.566
6 40 1091 0.499
6 41 929 0.614
6 42 842 0.605
6 43 902 0.547
6 44 1010 0.617
6 45 0 0.0
6 46 24 0.86
6 47 1410 0.579
6 48 1215 0.457
7 1 1517 0.625
7 2 1499 0.562
7 3 1728 0.383
7 4 1365 0.642
7 5 1465 0.618
7 6 1282 0.601
7 7 977 0.556
7 8 1154 0.667
7 9 950 0.643
7 10 1011 0.572
7 11 1064 0.614
7 12 1266 0.592
7 13 1201 0.567
7 14 1155 0.492
7 15 955 0.604
7 16 945 0.573
7 17 1049 0.433
7 18 1140 0.586
7 19 883 0.445
7 20 994 0.357
7 21 1059 0.513
7 22 649 0.233
7 23 990 0.436
7 24 1060 0.514
7 25 948 0.507
7 26 964 0.431
7 27 1007 0.444
7 28 943 0.456
7 29 874 0.57
7 30 1054 0.585
7 31 868 0.473
7 32 1087 0.513
7 33 1076 0.537
7 34 1076 0.53
7 35 433 0.529
7 36 571 0.456
7 37 969 0.624
7 38 917 0.656
7 39 983 0.544
7 40 920 0.535
7 41 909 0.598
7 42 886 0.647
7 43 861 0.676
7 44 877 0.468
7 45 1048 0.616
7 46 1131 0.596
7 47 1260 0.582
7 48 1363 0.54
8 1 1952 0.573
8 2 1623 0.56
8 3 1856 0.54
8 4 1573 0.472
8 5 1411 0.667
8 6 1339 0.576
8 7 1214 0.403
8 8 892 0.48
8 9 706 0.588
8 10 1045 0.603
8 11 1004 0.717
8 12 940 0.634
8 13 1299 0.537
8 14 1131 0.61
8 15 1134 0.55
8 16 1209 0.544
8 17 1095 0.648
8 18 1000 0.513
8 19 1122 0.466
8 20 883 0.452
8 21 1298 0.405
8 22 1235 0.432
8 23 929 0.682
8 24 976 0.563
8 25 1084 0.601
8 26 1106 0.552
8 27 951 0.628
8 28 945 0.599
8 29 900 0.642
8 30 956 0.492
8 31 1245 0.469
8 32 1057 0.516
8 33 1122 0.516
8 34 983 0.62
8 35 913 0.448
8 36 1017 0.452
8 37 960 0.62
8 38 868 0.401
8 39 860 0.502
8 40 904 0.509
8 41 1021 0.6
8 42 728 0.631
8 43 909 0.485
8 44 1016 0.711
8 45 1134 0.556
8 46 1101 0.548
8 47 1245 0.691
8 48 1542 0.51
9 1 1592 0.733
9 2 1508 0.586
9 3 1457 0.372
9 4 1412 0.596
9 5 1289 0.573
9 6 1316 0.638
9 7 1255 0.604
9 8 1139 0.556
9 9 655 0.753
9 10 1029 0.73
9 11 814 0.597
9 12 925 0.572
9 13 1087 0.499
9 14 996 0.644
9 15 1304 0.644
9 16 1073 0.476
9 17 1089 0.428
9 18 941 0.613
9 19 959 0.579
9 20 1031 0.508
9 21 1048 0.529
9 22 959 0.451
9 23 1200 0.495
9 24 964 0.486
9 25 1097 0.631
9 26 981 0.614
9 27 937 0.512
9 28 1049 0.559
9 29 930 0.403
9 30 1006 0.486
9 31 669 0.541
9 32 664 0.418
9 33 938 0.57
9 34 905 0.629
9 35 894 0.509
9 36 1483 0.407
9 37 923 0.448
9 38 945 0.357
9 39 982 0.581
9 40 952 0.613
9 41 937 0.346
9 42 934 0.578
9 43 905 0.529
9 44 1002 0.569
9 45 1135 0.673
9 46 1169 0.642
9 47 1281 0.49
9 48 1439 0.442
10 1 1899 0.524
10 2 1512 0.519
10 3 361 0.602
10 4 295 0.642
10 5 115 0.827
10 6 112 0.843
10 7 1287 0.567
10 8 992 0.683
10 9 102 0.767
10 10 68 0.68
10 11 1034 0.619
10 12 997 0.806
10 13 24 0.883
10 14 90 0.817
10 15 999 0.63
10 16 1570 0.524
10 17 441 0.505
10 18 686 0.307
10 19 1025 0.547
10 20 936 0.65
10 21 1052 0.392
10 22 1077 0.583
10 23 1080 0.533
10 24 1074 0.707
10 25 769 0.687
10 26 888 0.486
10 27 911 0.525
10 28 1011 0.435
10 29 985 0.594
10 30 910 0.631
10 31 1041 0.555
10 32 1004 0.445
10 33 844 0.636
10 34 1128 0.601
10 35 948 0.399
10 36 1139 0.559
10 37 214 0.432
10 38 254 0.62
10 39 980 0.557
10 40 915 0.544
10 41 880 0.512
10 42 1075 0.517
10 43 1135 0.549
10 44 982 0.541
10 45 38 0.483
10 46 70 0.582
10 47 1057 0.566
10 48 1452 0.612
11 1 2234 0.567
11 2 1450 0.545
11 3 1525 0.543
11 4 1532 0.603
11 5 1439 0.453
11 6 1253 0.577
11 7 1142 0.526
11 8 1142 0.646
11 9 1241 0.632
11 10 1006 0.603
11 11 872 0.672
11 12 975 0.667
11 13 824 0.634
11 14 1028 0.622
11 15 1133 0.393
11 16 1064 0.616
11 17 1124 0.527
11 18 1182 0.468
11 19 1078 0.69
11 20 987 0.504
11 21 1091 0.432
11 22 1070 0.59
11 23 872 0.355
11 24 1012 0.447
11 25 1125 0.563
11 26 1036 0.629
11 27 884 0.532
11 28 974 0.558
11 29 833 0.488
11 30 911 0.515
11 31 1118 0.439
11 32 919 0.364
11 33 936 0.508
11 34 981 0.558
11 35 936 0.499
11 36 953 0.457
11 37 1091 0.499
11 38 804 0.628
11 39 662 0.515
11 40 930 0.495
11 41 1001 0.461
11 42 994 0.441
11 43 871 0.577
11 44 1059 0.716
11 45 1049 0.439
11 46 1170 0.51
11 47 1116 0.604
11 48 1368 0.527
12 1 1621 0.51
12 2 1563 0.467
12 3 1562 0.55
12 4 1408 0.649
12 5 1767 0.456
12 6 1285 0.525
12 7 1004 0.626
12 8 1086 0.53
12 9 680 0.746
12 10 899 0.689
12 11 861 0.735
12 12 1297 0.471
12 13 977 0.625
12 14 816 0.728
12 15 1223 0.661
12 16 1354 0.593
12 17 1369 0.329
12 18 1488 0.28
12 19 927 0.564
12 20 980 0.465
12 21 827 0.472
12 22 816 0.475
12 23 1043 0.466
12 24 1212 0.67
12 25 792 0.502
12 26 1259 0.472
12 27 969 0.479
12 28 731 0.486
12 29 1084 0.54
12 30 1139 0.474
12 31 1067 0.626
12 32 1039 0.504
12 33 1016 0.442
12 34 1089 0.512
12 35 878 0.533
12 36 950 0.526
12 37 976 0.488
12 38 1143 0.601
12 39 749 0.58
12 40 969 0.532
12 41 924 0.498
12 42 1060 0.643
12 43 0 0.0
12 44 0 0.0
12 45 1407 0.537
12 46 1196 0.608
12 47 1263 0.657
12 48 1202 0.434
13 1 1694 0.558
13 2 1377 0.538
13 3 1187 0.612
13 4 1260 0.557
13 5 1302 0.597
13 6 1145 0.64
13 7 1127 0.658
13 8 1314 0.616
13 9 1154 0.538
13 10 1073 0.764
13 11 1215 0.667
13 12 788 0.827
13 13 1205 0.672
13 14 1006 0.497
13 15 1127 0.501
13 16 942 0.562
13 17 997 0.518
13 18 1086 0.489
13 19 896 0.658
13 20 1182 0.584
13 21 1097 0.633
13 22 1195 0.545
13 23 1215 0.483
13 24 999 0.468
13 25 1102 0.485
13 26 965 0.442
13 27 1300 0.466
13 28 1181 0.446
13 29 991 0.592
13 30 1103 0.597
13 31 1015 0.632
13 32 758 0.493
13 33 1036 0.639
13 34 1058 0.635
13 35 1073 0.512
13 36 972 0.611
13 37 1003 0.584
13 38 1040 0.505
13 39 857 0.648
13 40 1044 0.396
13 41 1015 0.726
13 42 962 0.54
13 43 1021 0.599
13 44 1177 0.661
13 45 1031 0.456
13 46 1187 0.635
13 47 1167 0.536
13 48 1371 0.436
14 1 1743 0.584
14 2 1311 0.632
14 3 1412 0.606
14 4 1242 0.633
14 5 1237 0.662
14 6 1289 0.621
14 7 1132 0.561
14 8 1162 0.597
14 9 1094 0.756
14 10 0 0.0
14 11 939 0.598
14 12 1097 0.607
14 13 115 0.692
14 14 224 0.456
14 15 1141 0.594
14 16 1087 0.51
14 17 1467 0.503
14 18 1180 0.509
14 19 1070 0.486
14 20 1196 0.576
14 21 1109 0.572
14 22 0 0.0
14 23 821 0.845
14 24 957 0.528
14 25 179 0.405
14 26 64 0.549
14 27 1134 0.589
14 28 898 0.439
14 29 962 0.579
14 30 947 0.41
14 31 504 0.621
14 32 522 0.497
14 33 87 0.346
14 34 15 0.746
14 35 1179 0.56
14 36 967 0.619
14 37 1017 0.686
14 38 960 0.501
14 39 1043 0.595
14 40 1054 0.562
14 41 1180 0.636
14 42 1022 0.492
14 43 1160 0.537
14 44 995 0.53
14 45 0 0.0
14 46 0 0.0
14 47 1560 0.609
14 48 1097 0.558
15 1 2166 0.664
15 2 1418 0.502
15 3 1282 0.569
15 4 1357 0.581
15 5 1286 0.679
15 6 1294 0.565
15 7 1304 0.472
15 8 1203 0.593
15 9 1103 0.644
15 10 1056 0.547
15 11 1129 0.513
15 12 1087 0.619
15 13 1210 0.687
15 14 1195 0.724
15 15 997 0.721
15 16 1337 0.527
15 17 1227 0.536
15 18 1316 0.519
15 19 1214 0.596
15 20 792 0.656
15 21 1140 0.598
15 22 1181 0.558
15 23 992 0.604
15 24 974 0.787
15 25 1123 0.523
15 26 1144 0.675
15 27 1193 0.657
15 28 1128 0.53
15 29 1330 0.481
15 30 1111 0.543
15 31 618 0.576
15 32 629 0.635
15 33 1122 0.567
15 34 1040 0.456
15 35 952 0.531
15 36 974 0.503
15 37 776 0.562
15 38 1049 0.578
15 39 858 0.6
15 40 669 0.467
15 41 1077 0.474
15 42 1009 0.532
15 43 968 0.624
15 44 952 0.5
15 45 1181 0.557
15 46 1092 0.49
15 47 1256 0.605
15 48 1310 0.325
16 1 1684 0.617
16 2 1396 0.461
16 3 1332 0.488
16 4 1331 0.653
16 5 1351 0.528
16 6 1089 0.596
16 7 1513 0.442
16 8 1325 0.675
16 9 1177 0.684
16 10 1173 0.642
16 11 1022 0.601
16 12 933 0.757
16 13 944 0.564
16 14 987 0.628
16 15 1157 0.596
16 16 1165 0.468
16 17 1445 0.616
16 18 1207 0.688
16 19 1145 0.627
16 20 814 0.682
16 21 1249 0.492
16 22 1203 0.504
16 23 831 0.826
16 24 1126 0.493
16 25 963 0.601
16 26 979 0.677
16 27 0 0.0
16 28 126 0.629
16 29 1138 0.556
16 30 1102 0.377
16 31 1116 0.637
16 32 1080 0.515
16 33 996 0.458
16 34 1033 0.503
16 35 984 0.471
16 36 981 0.607
16 37 911 0.546
16 38 914 0.538
16 39 1071 0.507
16 40 986 0.532
16 41 913 0.503
16 42 918 0.589
16 43 907 0.503
16 44 1117 0.594
16 45 1103 0.522
16 46 1074 0.641
16 47 1164 0.692
16 48 1430 0.409
17 1 1733 0.53
17 2 1344 0.553
17 3 1181 0.591
17 4 1278 0.731
17 5 1435 0.521
17 6 1238 0.562
17 7 1259 0.553
17 8 1249 0.686
17 9 967 0.685
17 10 1150 0.597
17 11 1171 0.681
17 12 856 0.609
17 13 1107 0.749
17 14 1086 0.592
17 15 990 0.635
17 16 922 0.662
17 17 1201 0.62
17 18 1089 0.528
17 19 1112 0.727
17 20 802 0.59
17 21 1113 0.566
17 22 1105 0.626
17 23 776 0.676
17 24 1159 0.619
17 25 746 0.676
17 26 1146 0.539
17 27 664 0.661
17 28 1060 0.692
17 29 1009 0.582
17 30 1239 0.541
17 31 898 0.503
17 32 974 0.527
17 33 1058 0.51
17 34 1089 0.516
17 35 1048 0.574
17 36 988 0.545
17 37 967 0.583
17 38 1091 0.642
17 39 943 0.468
17 40 975 0.525
17 41 1039 0.557
17 42 1098 0.587
17 43 1221 0.453
17 44 949 0.576
17 45 1190 0.489
17 46 890 0.502
17 47 1182 0.608
17 48 1485 0.506
18 1 1759 0.502
18 2 1082 0.596
18 3 1374 0.589
18 4 1180 0.611
18 5 70 0.826
18 6 11 0.887
18 7 265 0.4
18 8 210 0.43
18 9 1334 0.658
18 10 1281 0.584
18 11 0 0.0
18 12 1177 0.625
18 13 1004 0.773
18 14 963 0.539
18 15 0 0.0
18 16 1168 0.7
18 17 1148 0.451
18 18 1307 0.592
18 19 1062 0.567
18 20 1200 0.447
18 21 191 0.57
18 22 122 0.539
18 23 1728 0.504
18 24 1053 0.57
18 25 27 0.421
18 26 37 0.602
18 27 1188 0.619
18 28 1216 0.59
18 29 58 0.889
18 30 0 0.0
18 31 947 0.466
18 32 1109 0.521
18 33 0 0.0
18 34 126 0.512
18 35 1073 0.469
18 36 1016 0.593
18 37 0 0.0
18 38 391 0.64
18 39 1117 0.413
18 40 720 0.591
18 41 31 0.4
18 42 17 0.985
18 43 1066 0.511
18 44 1002 0.507
18 45 1040 0.515
18 46 1266 0.645
18 47 1092 0.519
18 48 1385 0.552
19 1 2053 0.521
19 2 1449 0.567
19 3 1246 0.568
19 4 1266 0.602
19 5 1427 0.474
19 6 1378 0.661
19 7 1183 0.591
19 8 1302 0.538
19 9 1310 0.65
19 10 1095 0.613
19 11 1208 0.609
19 12 1289 0.67
19 13 1100 0.605
19 14 1162 0.635
19 15 1174 0.597
19 16 1071 0.557
19 17 1089 0.656
19 18 980 0.592
19 19 1406 0.556
19 20 1060 0.381
19 21 1208 0.425
19 22 1216 0.636
19 23 1042 0.648
19 24 1186 0.609
19 25 1318 0.661
19 26 784 0.832
19 27 1243 0.533
19 28 1264 0.6
19 29 1322 0.396
19 30 1048 0.559
19 31 1028 0.492
19 32 939 0.565
19 33 1008 0.556
19 34 1072 0.607
19 35 1187 0.432
19 36 1044 0.535
19 37 1115 0.59
19 38 1179 0.473
19 39 1050 0.425
19 40 536 0.544
19 41 1097 0.405
19 42 882 0.583
19 43 1026 0.54
19 44 945 0.489
19 45 1052 0.512
19 46 1089 0.512
19 47 1154 0.512
19 48 1449 0.474
20 1 1694 0.56
20 2 1345 0.566
20 3 1459 0.498
20 4 1482 0.524
20 5 1496 0.528
20 6 1264 0.615
20 7 1218 0.585
20 8 1092 0.544
20 9 1217 0.501
20 10 954 0.679
20 11 1153 0.552
20 12 1298 0.574
20 13 1174 0.731
20 14 879 0.806
20 15 1414 0.619
20 16 1221 0.637
20 17 1075 0.496
20 18 1029 0.567
20 19 1075 0.486
20 20 1109 0.491
20 21 699 0.467
20 22 448 0.444
20 23 1408 0.343
20 24 1149 0.571
20 25 1028 0.526
20 26 1150 0.569
20 27 133 0.539
20 28 104 0.5
20 29 691 0.559
20 30 1033 0.299
20 31 1602 0.403
20 32 1147 0.388
20 33 843 0.316
20 34 922 0.458
20 35 983 0.548
20 36 1106 0.434
20 37 987 0.447
20 38 1070 0.435
20 39 1040 0.597
20 40 1075 0.508
20 41 992 0.49
20 42 1079 0.481
20 43 782 0.484
20 44 908 0.549
20 45 932 0.598
20 46 1124 0.557
20 47 1211 0.54
20 48 0 0.0
21 1 1897 0.558
21 2 1424 0.595
21 3 1488 0.563
21 4 1428 0.631
21 5 1389 0.546
21 6 1152 0.684
21 7 1135 0.664
21 8 1120 0.505
21 9 1246 0.703
21 10 1186 0.659
21 11 1419 0.454
21 12 1026 0.599
21 13 941 0.548
21 14 1181 0.609
21 15 918 0.441
21 16 856 0.618
21 17 1030 0.559
21 18 1086 0.571
21 19 947 0.612
21 20 1247 0.492
21 21 1313 0.405
21 22 1210 0.645
21 23 1148 0.604
21 24 1273 0.549
21 25 1361 0.607
21 26 1187 0.589
21 27 1286 0.518
21 28 1196 0.439
21 29 895 0.392
21 30 1488 0.531
21 31 1016 0.614
21 32 1058 0.549
21 33 985 0.742
21 34 1047 0.575
21 35 991 0.552
21 36 1038 0.593
21 37 1055 0.548
21 38 1112 0.459
21 39 1211 0.516
21 40 1080 0.583
21 41 788 0.571
21 42 1113 0.597
21 43 1198 0.516
21 44 908 0.586
21 45 1106 0.671
21 46 1154 0.604
21 47 1169 0.519
21 48 1185 0.416
22 1 1645 0.573
22 2 1468 0.519
22 3 1205 0.517
22 4 1097 0.589
22 5 60 0.762
22 6 528 0.589
22 7 1190 0.621
22 8 1167 0.627
22 9 12 0.967
22 10 48 0.539
22 11 1191 0.426
22 12 1156 0.712
22 13 1069 0.6
22 14 1006 0.628
22 15 1179 0.619
22 16 1255 0.574
22 17 1059 0.619
22 18 1232 0.553
22 19 1132 0.579
22 20 1035 0.551
22 21 1286 0.58
22 22 1109 0.394
22 23 405 0.522
22 24 10 0.887
22 25 66 0.726
22 26 45 0.559
22 27 942 0.605
22 28 1096 0.582
22 29 699 0.705
22 30 890 0.676
22 31 1041 0.587
22 32 803 0.66
22 33 1342 0.508
22 34 1024 0.396
22 35 1093 0.512
22 36 956 0.529
22 37 863 0.727
22 38 886 0.53
22 39 1058 0.606
22 40 864 0.441
22 41 65 0.808
22 42 48 0.781
22 43 1181 0.571
22 44 928 0.513
22 45 892 0.584
22 46 1104 0.525
22 47 1415 0.477
22 48 1583 0.434
23 1 2231 0.622
23 2 1596 0.508
23 3 1333 0.539
23 4 1605 0.553
23 5 1337 0.675
23 6 1287 0.581
23 7 1232 0.649
23 8 1051 0.515
23 9 1084 0.669
23 10 1597 0.658
23 11 1205 0.632
23 12 1112 0.606
23 13 1236 0.615
23 14 1132 0.671
23 15 1015 0.525
23 16 1105 0.614
23 17 1023 0.614
23 18 1144 0.668
23 19 1224 0.43
23 20 1092 0.521
23 21 1306 0.683
23 22 1233 0.6
23 23 1045 0.565
23 24 1085 0.68
23 25 1254 0.663
23 26 1306 0.609
23 27 1213 0.676
23 28 1092 0.563
23 29 1040 0.655
23 30 1034 0.465
23 31 1465 0.55
23 32 1119 0.462
23 33 1095 0.597
23 34 1158 0.49
23 35 854 0.703
23 36 827 0.551
23 37 1066 0.591
23 38 1120 0.532
23 39 911 0.513
23 40 751 0.581
23 41 1132 0.64
23 42 1287 0.571
23 43 949 0.506
23 44 917 0.511
23 45 1176 0.583
23 46 1211 0.539
23 47 1053 0.684
23 48 1552 0.582
24 1 2256 0.562
24 2 1361 0.545
24 3 1526 0.61
24 4 1516 0.532
24 5 1341 0.528
24 6 1002 0.654
24 7 1611 0.641
24 8 1135 0.645
24 9 1282 0.6
24 10 1191 0.631
24 11 1227 0.561
24 12 1385 0.498
24 13 1022 0.64
24 14 1498 0.524
24 15 977 0.573
24 16 1213 0.687
24 17 1177 0.469
24 18 1038 0.511
24 19 1021 0.632
24 20 1188 0.606
24 21 759 0.419
24 22 714 0.477
24 23 1176 0.657
24 24 1154 0.658
24 25 1239 0.577
24 26 1433 0.589
24 27 127 0.389
24 28 114 0.594
24 29 1242 0.658
24 30 1121 0.532
24 31 1147 0.545
24 32 1191 0.482
24 33 1101 0.536
24 34 1085 0.56
24 35 803 0.455
24 36 710 0.524
24 37 1114 0.528
24 38 1035 0.494
24 39 1039 0.496
24 40 1108 0.604
24 41 1203 0.412
24 42 1213 0.638
24 43 1033 0.707
24 44 1088 0.571
24 45 1186 0.547
24 46 1080 0.601
24 47 1325 0.582
24 48 1669 0.463
25 1 2514 0.684
25 2 1459 0.45
25 3 1616 0.454
25 4 1680 0.529
25 5 1239 0.546
25 6 1169 0.527
25 7 1161 0.701
25 8 1328 0.528
25 9 1099 0.55
25 10 1119 0.581
25 11 1477 0.648
25 12 1387 0.608
25 13 1399 0.545
25 14 1234 0.531
25 15 977 0.605
25 16 954 0.487
25 17 1363 0.513
25 18 1109 0.7
25 19 871 0.491
25 20 1009 0.518
25 21 1097 0.654
25 22 1157 0.544
25 23 1120 0.572
25 24 1278 0.635
25 25 1453 0.63
25 26 1234 0.72
25 27 1165 0.544
25 28 1039 0.635
25 29 1051 0.525
25 30 1117 0.465
25 31 1128 0.687
25 32 1057 0.561
25 33 1081 0.632
25 34 1132 0.541
25 35 1099 0.679
25 36 1096 0.576
25 37 879 0.555
25 38 1002 0.633
25 39 718 0.52
25 40 1195 0.629
25 41 1019 0.554
25 42 1297 0.511
25 43 1280 0.539
25 44 1198 0.448
25 45 856 0.511
25 46 1256 0.535
25 47 1510 0.462
25 48 1622 0.338
26 1 1953 0.509
26 2 1614 0.527
26 3 1536 0.483
26 4 1674 0.447
26 5 97 0.544
26 6 43 0.776
26 7 1250 0.444
26 8 1192 0.593
26 9 1090 0.605
26 10 1079 0.72
26 11 1132 0.603
26 12 1091 0.527
26 13 1215 0.642
26 14 1248 0.48
26 15 1524 0.536
26 16 1097 0.487
26 17 1150 0.671
26 18 1274 0.505
26 19 1231 0.585
26 20 1146 0.584
26 21 1056 0.732
26 22 1132 0.621
26 23 1073 0.526
26 24 1175 0.604
26 25 98 0.708
26 26 73 0.575
26 27 1059 0.512
26 28 1092 0.672
26 29 1293 0.538
26 30 1172 0.582
26 31 1104 0.558
26 32 1192 0.768
26 33 69 0.646
26 34 73 0.607
26 35 1035 0.67
26 36 1067 0.671
26 37 1107 0.63
26 38 1240 0.714
26 39 1098 0.528
26 40 1000 0.385
26 41 10 -1.0
26 42 41 0.74
26 43 1117 0.53
26 44 1003 0.601
26 45 1410 0.575
26 46 755 0.646
26 47 1323 0.585
26 48 1527 0.436
27 1 2140 0.619
27 2 1741 0.541
27 3 1612 0.389
27 4 1523 0.555
27 5 1470 0.475
27 6 1317 0.528
27 7 1698 0.547
27 8 1473 0.566
27 9 1237 0.649
27 10 1624 0.514
27 11 1060 0.655
27 12 1198 0.577
27 13 1201 0.617
27 14 1293 0.577
27 15 1187 0.509
27 16 1216 0.654
27 17 1188 0.496
27 18 1421 0.626
27 19 896 0.456
27 20 1248 0.689
27 21 1231 0.701
27 22 1133 0.67
27 23 1176 0.537
27 24 1177 0.686
27 25 1345 0.744
27 26 1305 0.6
27 27 1340 0.497
27 28 1260 0.596
27 29 1275 0.627
27 30 1105 0.471
27 31 1101 0.592
27 32 1011 0.45
27 33 1173 0.457
27 34 1063 0.619
27 35 1025 0.518
27 36 1203 0.481
27 37 867 0.522
27 38 993 0.508
27 39 933 0.584
27 40 888 0.556
27 41 1146 0.446
27 42 1175 0.733
27 43 1086 0.635
27 44 881 0.473
27 45 1112 0.623
27 46 1101 0.653
27 47 1133 0.581
27 48 1797 0.535
28 1 2020 0.54
28 2 1948 0.449
28 3 1590 0.513
28 4 1749 0.548
28 5 1249 0.626
28 6 1341 0.505
28 7 1269 0.723
28 8 1267 0.633
28 9 1314 0.51
28 10 1100 0.647
28 11 1210 0.519
28 12 1538 0.53
28 13 1182 0.655
28 14 1020 0.42
28 15 1155 0.545
28 16 1208 0.522
28 17 1365 0.614
28 18 1346 0.595
28 19 1046 0.551
28 20 972 0.518
28 21 973 0.602
28 22 1122 0.647
28 23 1229 0.473
28 24 1206 0.49
28 25 940 0.652
28 26 747 0.7
28 27 17 0.941
28 28 0 0.0
28 29 711 0.572
28 30 1154 0.784
28 31 1232 0.601
28 32 1091 0.647
28 33 1361 0.623
28 34 1075 0.601
28 35 1031 0.665
28 36 938 0.629
28 37 1005 0.645
28 38 1121 0.627
28 39 1108 0.456
28 40 1068 0.472
28 41 960 0.621
28 42 937 0.645
28 43 1020 0.598
28 44 1123 0.728
28 45 1256 0.598
28 46 1263 0.517
28 47 1220 0.579
28 48 1506 0.378
29 1 2768 0.544
29 2 1726 0.507
29 3 1729 0.57
29 4 2216 0.447
29 5 1514 0.541
29 6 1508 0.497
29 7 1217 0.569
29 8 1181 0.479
29 9 1303 0.639
29 10 1372 0.487
29 11 1243 0.577
29 12 1694 0.548
29 13 1267 0.584
29 14 1312 0.639
29 15 1170 0.538
29 16 1260 0.375
29 17 1223 0.562
29 18 1277 0.522
29 19 1254 0.562
29 20 1700 0.561
29 21 1228 0.56
29 22 1504 0.516
29 23 1242 0.647
29 24 1304 0.592
29 25 1458 0.553
29 26 1407 0.536
29 27 1301 0.522
29 28 1372 0.479
29 29 1190 0.627
29 30 1122 0.623
29 31 1006 0.471
29 32 1189 0.573
29 33 1265 0.703
29 34 1089 0.592
29 35 1019 0.572
29 36 1140 0.567
29 37 988 0.517
29 38 1091 0.568
29 39 1277 0.539
29 40 1251 0.562
29 41 1131 0.667
29 42 1177 0.538
29 43 1087 0.531
29 44 1078 0.577
29 45 1041 0.561
29 46 1124 0.542
29 47 1346 0.47
29 48 1538 0.546
30 1 380 0.756
30 2 396 0.501
30 3 2010 0.552
30 4 1576 0.524
30 5 99 0.688
30 6 98 0.482
30 7 1548 0.504
30 8 1716 0.447
30 9 1379 0.569
30 10 0 0.0
30 11 1336 0.556
30 12 1428 0.548
30 13 47 0.665
30 14 45 0.827
30 15 1407 0.516
30 16 1392 0.637
30 17 1514 0.684
30 18 1446 0.601
30 19 1185 0.535
30 20 1368 0.66
30 21 1451 0.437
30 22 1273 0.535
30 23 364 0.735
30 24 284 0.671
30 25 0 0.0
30 26 33 0.506
30 27 1656 0.546
30 28 1436 0.522
30 29 560 0.618
30 30 542 0.577
30 31 1452 0.501
30 32 1340 0.523
30 33 0 0.0
30 34 0 0.0
30 35 1062 0.518
30 36 1181 0.538
30 37 34 0.256
30 38 56 0.314
30 39 1157 0.503
30 40 1238 0.599
30 41 15 0.898
30 42 35 0.705
30 43 1414 0.455
30 44 1210 0.621
30 45 1251 0.599
30 46 1250 0.594
30 47 1378 0.489
30 48 1449 0.527
31 1 2518 0.56
31 2 1970 0.671
31 3 1919 0.544
31 4 2307 0.46
31 5 2138 0.598
31 6 2025 0.474
31 7 1671 0.458
31 8 1759 0.561
31 9 1594 0.602
31 10 1598 0.542
31 11 1697 0.543
31 12 1915 0.388
31 13 1650 0.517
31 14 1625 0.603
31 15 1457 0.508
31 16 1674 0.484
31 17 1608 0.53
31 18 1536 0.579
31 19 1683 0.483
31 20 1480 0.555
31 21 1615 0.661
31 22 1566 0.544
31 23 1456 0.477
31 24 1520 0.714
31 25 1591 0.491
31 26 1595 0.521
31 27 1612 0.547
31 28 1441 0.467
31 29 1384 0.566
31 30 1513 0.689
31 31 1457 0.629
31 32 1180 0.629
31 33 1339 0.43
31 34 1319 0.56
31 35 1149 0.584
31 36 1289 0.619
31 37 1482 0.682
31 38 1308 0.598
31 39 1295 0.713
31 40 1249 0.439
31 41 1427 0.455
31 42 1545 0.51
31 43 1398 0.569
31 44 1761 0.567
31 45 1330 0.526
31 46 1453 0.566
31 47 1423 0.51
31 48 1352 0.361
32 1 1933 0.489
32 2 2235 0.552
32 3 2110 0.422
32 4 2344 0.606
32 5 2295 0.509
32 6 2323 0.559
32 7 2628 0.531
32 8 2704 0.606
32 9 1843 0.587
32 10 2196 0.568
32 11 2144 0.629
32 12 1885 0.649
32 13 1955 0.69
32 14 1869 0.643
32 15 2149 0.598
32 16 1484 0.481
32 17 2534 0.624
32 18 1897 0.584
32 19 1919 0.561
32 20 1755 0.564
32 21 1528 0.545
32 22 1489 0.645
32 23 1864 0.491
32 24 1776 0.594
32 25 1860 0.467
32 26 1779 0.566
32 27 102 0.441
32 28 96 0.484
32 29 1950 0.486
32 30 1680 0.472
32 31 1650 0.556
32 32 1717 0.533
32 33 1635 0.552
32 34 1507 0.642
32 35 1534 0.67
32 36 1708 0.601
32 37 1455 0.566
32 38 1549 0.648
32 39 1643 0.536
32 40 1685 0.67
32 41 1583 0.642
32 42 1508 0.443
32 43 1716 0.486
32 44 1623 0.543
32 45 1687 0.55
32 46 1748 0.554
32 47 1685 0.377
32 48 1190 0.247
