row  column  size-1  circ-1
1 1 2108 0.351
1 2 1722 0.523
1 3 1639 0.52
1 4 1375 0.656
1 5 1813 0.641
1 6 1399 0.583
1 7 1396 0.595
1 8 1816 0.539
1 9 1801 0.494
1 10 1691 0.584
1 11 1868 0.575
1 12 1561 0.587
1 13 1712 0.525
1 14 1685 0.454
1 15 1691 0.586
1 16 1585 0.585
1 17 1244 0.57
1 18 1379 0.553
1 19 1325 0.637
1 20 1604 0.558
1 21 1725 0.375
1 22 1327 0.712
1 23 1379 0.679
1 24 1390 0.557
1 25 1341 0.526
1 26 1236 0.621
1 27 1469 0.49
1 28 1318 0.699
1 29 1056 0.675
1 30 960 0.578
1 31 1203 0.518
1 32 1279 0.592
1 33 1528 0.396
1 34 989 0.563
1 35 1281 0.67
1 36 1128 0.616
1 37 770 0.528
1 38 1172 0.556
1 39 1107 0.497
1 40 1375 0.449
1 41 1140 0.571
1 42 1032 0.645
1 43 1199 0.591
1 44 1260 0.589
1 45 1247 0.447
1 46 1376 0.506
1 47 1135 0.502
1 48 880 0.331
2 1 1520 0.47
2 2 1475 0.55
2 3 1148 0.525
2 4 1240 0.408
2 5 1558 0.536
2 6 1519 0.53
2 7 1104 0.531
2 8 1175 0.551
2 9 1188 0.563
2 10 1790 0.583
2 11 1297 0.516
2 12 1017 0.643
2 13 1485 0.631
2 14 1311 0.529
2 15 1309 0.701
2 16 975 0.636
2 17 1309 0.593
2 18 1004 0.534
2 19 1223 0.554
2 20 1137 0.61
2 21 1185 0.563
2 22 1312 0.58
2 23 1092 0.488
2 24 879 0.447
2 25 1023 0.526
2 26 1004 0.624
2 27 1073 0.535
2 28 948 0.734
2 29 938 0.646
2 30 791 0.525
2 31 810 0.492
2 32 963 0.387
2 33 1193 0.607
2 34 1174 0.377
2 35 1164 0.31
2 36 865 0.589
2 37 1006 0.502
2 38 1062 0.644
2 39 1131 0.562
2 40 1146 0.637
2 41 1111 0.507
2 42 1095 0.42
2 43 1078 0.623
2 44 788 0.536
2 45 1082 0.521
2 46 1099 0.595
2 47 933 0.432
2 48 649 0.382
3 1 1133 0.417
3 2 1164 0.63
3 3 1259 0.528
3 4 0 0.0
3 5 1447 0.586
3 6 1133 0.459
3 7 1245 0.574
3 8 1209 0.633
3 9 1468 0.512
3 10 1038 0.515
3 11 528 0.47
3 12 1107 0.432
3 13 1035 0.578
3 14 942 0.593
3 15 1366 0.562
3 16 1080 0.619
3 17 1102 0.476
3 18 903 0.506
3 19 1176 0.567
3 20 834 0.672
3 21 1091 0.611
3 22 973 0.549
3 23 651 0.495
3 24 981 0.514
3 25 1000 0.427
3 26 892 0.504
3 27 3020 0.516
3 28 928 0.551
3 29 893 0.563
3 30 1058 0.506
3 31 911 0.488
3 32 615 0.42
3 33 646 0.481
3 34 805 0.423
3 35 748 0.319
3 36 788 0.553
3 37 787 0.402
3 38 775 0.565
3 39 854 0.544
3 40 670 0.59
3 41 761 0.529
3 42 704 0.617
3 43 723 0.48
3 44 1146 0.484
3 45 1045 0.603
3 46 979 0.584
3 47 739 0.428
3 48 575 0.247
4 1 1494 0.503
4 2 1103 0.538
4 3 1358 0.627
4 4 1371 0.505
4 5 935 0.629
4 6 1432 0.507
4 7 1451 0.524
4 8 1188 0.469
4 9 913 0.591
4 10 1311 0.427
4 11 1149 0.591
4 12 1221 0.606
4 13 1023 0.565
4 14 1267 0.52
4 15 1177 0.614
4 16 965 0.669
4 17 1129 0.525
4 18 981 0.578
4 19 1199 0.483
4 20 1181 0.454
4 21 973 0.445
4 22 1034 0.448
4 23 1026 0.524
4 24 987 0.417
4 25 1001 0.528
4 26 1072 0.5
4 27 1072 0.584
4 28 1281 0.533
4 29 880 0.533
4 30 893 0.44
4 31 921 0.559
4 32 858 0.569
4 33 462 0.543
4 34 817 0.5
4 35 858 0.554
4 36 851 0.549
4 37 704 0.631
4 38 844 0.449
4 39 825 0.474
4 40 630 0.533
4 41 936 0.381
4 42 788 0.484
4 43 825 0.55
4 44 902 0.347
4 45 1524 0.391
4 46 827 0.542
4 47 1066 0.582
4 48 1068 0.442
5 1 1362 0.503
5 2 1187 0.597
5 3 1279 0.615
5 4 1299 0.471
5 5 1405 0.54
5 6 1408 0.482
5 7 1184 0.535
5 8 1148 0.529
5 9 976 0.506
5 10 1179 0.498
5 11 1326 0.502
5 12 1065 0.521
5 13 1008 0.58
5 14 1033 0.543
5 15 1166 0.489
5 16 987 0.557
5 17 1136 0.523
5 18 980 0.561
5 19 1207 0.428
5 20 901 0.567
5 21 1128 0.62
5 22 962 0.5
5 23 914 0.393
5 24 1159 0.505
5 25 881 0.602
5 26 1274 0.511
5 27 1162 0.408
5 28 989 0.51
5 29 934 0.423
5 30 971 0.416
5 31 716 0.393
5 32 812 0.564
5 33 663 0.654
5 34 656 0.592
5 35 570 0.647
5 36 801 0.539
5 37 814 0.513
5 38 1042 0.493
5 39 904 0.513
5 40 717 0.501
5 41 1099 0.523
5 42 777 0.568
5 43 932 0.418
5 44 683 0.64
5 45 739 0.402
5 46 984 0.348
5 47 1186 0.505
5 48 914 0.396
6 1 1449 0.418
6 2 1313 0.503
6 3 1463 0.522
6 4 1141 0.589
6 5 1228 0.473
6 6 1192 0.47
6 7 1329 0.604
6 8 1247 0.527
6 9 1101 0.556
6 10 1114 0.553
6 11 946 0.498
6 12 1115 0.462
6 13 1070 0.62
6 14 1198 0.497
6 15 1040 0.48
6 16 1030 0.562
6 17 850 0.516
6 18 880 0.604
6 19 1135 0.514
6 20 914 0.415
6 21 1016 0.573
6 22 1091 0.406
6 23 962 0.442
6 24 948 0.427
6 25 544 0.549
6 26 913 0.473
6 27 1104 0.498
6 28 1050 0.506
6 29 1268 0.577
6 30 465 0.516
6 31 910 0.539
6 32 837 0.452
6 33 852 0.6
6 34 1097 0.446
6 35 662 0.516
6 36 1005 0.478
6 37 804 0.386
6 38 1019 0.571
6 39 872 0.411
6 40 1011 0.465
6 41 962 0.575
6 42 874 0.459
6 43 886 0.583
6 44 882 0.631
6 45 0 0.0
6 46 1156 0.606
6 47 774 0.474
6 48 1038 0.508
7 1 1209 0.539
7 2 1277 0.506
7 3 1434 0.473
7 4 1215 0.407
7 5 1427 0.482
7 6 1026 0.452
7 7 1100 0.568
7 8 1071 0.521
7 9 1032 0.6
7 10 1045 0.599
7 11 1005 0.574
7 12 1121 0.435
7 13 1009 0.651
7 14 1561 0.489
7 15 1035 0.413
7 16 928 0.476
7 17 964 0.573
7 18 965 0.482
7 19 1152 0.493
7 20 1189 0.459
7 21 998 0.546
7 22 1018 0.552
7 23 870 0.673
7 24 935 0.582
7 25 1131 0.671
7 26 903 0.495
7 27 1073 0.516
7 28 975 0.433
7 29 1123 0.495
7 30 717 0.474
7 31 1011 0.589
7 32 716 0.504
7 33 993 0.64
7 34 773 0.586
7 35 1063 0.499
7 36 885 0.555
7 37 911 0.517
7 38 948 0.583
7 39 775 0.573
7 40 954 0.518
7 41 748 0.614
7 42 965 0.57
7 43 721 0.446
7 44 938 0.595
7 45 931 0.756
7 46 1078 0.61
7 47 977 0.63
7 48 965 0.57
8 1 1297 0.536
8 2 1176 0.59
8 3 1541 0.404
8 4 1523 0.439
8 5 1225 0.572
8 6 1432 0.507
8 7 0 0.0
8 8 1095 0.48
8 9 1255 0.545
8 10 1282 0.502
8 11 1041 0.527
8 12 1059 0.489
8 13 1013 0.601
8 14 1046 0.553
8 15 938 0.598
8 16 800 0.437
8 17 958 0.446
8 18 1073 0.483
8 19 1133 0.514
8 20 1225 0.564
8 21 1027 0.434
8 22 1025 0.4
8 23 1047 0.543
8 24 960 0.453
8 25 976 0.558
8 26 989 0.53
8 27 1072 0.485
8 28 822 0.469
8 29 962 0.547
8 30 1026 0.365
8 31 853 0.478
8 32 741 0.555
8 33 1014 0.514
8 34 874 0.436
8 35 942 0.508
8 36 1227 0.644
8 37 1098 0.401
8 38 983 0.519
8 39 655 0.444
8 40 859 0.428
8 41 1021 0.426
8 42 955 0.598
8 43 977 0.612
8 44 931 0.649
8 45 972 0.556
8 46 989 0.641
8 47 1086 0.551
8 48 894 0.563
9 1 1715 0.44
9 2 1585 0.424
9 3 1137 0.519
9 4 1207 0.524
9 5 1214 0.535
9 6 1121 0.57
9 7 1277 0.54
9 8 1094 0.504
9 9 910 0.439
9 10 1173 0.572
9 11 1681 0.557
9 12 995 0.669
9 13 932 0.551
9 14 1190 0.53
9 15 995 0.593
9 16 1057 0.428
9 17 1010 0.551
9 18 884 0.487
9 19 893 0.446
9 20 943 0.444
9 21 1001 0.552
9 22 921 0.593
9 23 956 0.528
9 24 976 0.42
9 25 739 0.491
9 26 867 0.46
9 27 1170 0.453
9 28 1145 0.548
9 29 1146 0.51
9 30 871 0.536
9 31 807 0.466
9 32 625 0.475
9 33 747 0.643
9 34 694 0.559
9 35 1018 0.53
9 36 1127 0.465
9 37 683 0.666
9 38 695 0.618
9 39 911 0.536
9 40 862 0.589
9 41 1104 0.584
9 42 993 0.548
9 43 894 0.623
9 44 1012 0.568
9 45 1106 0.559
9 46 1159 0.622
9 47 1214 0.669
9 48 1050 0.382
10 1 1308 0.451
10 2 1178 0.493
10 3 1756 0.497
10 4 1298 0.515
10 5 1115 0.566
10 6 1147 0.532
10 7 1287 0.542
10 8 1048 0.504
10 9 1278 0.453
10 10 1089 0.49
10 11 821 0.501
10 12 648 0.382
10 13 1172 0.577
10 14 1049 0.547
10 15 1127 0.603
10 16 1326 0.567
10 17 944 0.485
10 18 877 0.543
10 19 1026 0.583
10 20 905 0.557
10 21 1089 0.476
10 22 838 0.654
10 23 938 0.577
10 24 1168 0.46
10 25 1069 0.498
10 26 1080 0.548
10 27 1008 0.407
10 28 1024 0.555
10 29 1194 0.424
10 30 1112 0.513
10 31 907 0.532
10 32 1185 0.543
10 33 904 0.484
10 34 992 0.589
10 35 750 0.465
10 36 1073 0.488
10 37 1076 0.504
10 38 1213 0.535
10 39 907 0.502
10 40 689 0.429
10 41 939 0.545
10 42 918 0.532
10 43 896 0.636
10 44 904 0.575
10 45 1023 0.523
10 46 1196 0.595
10 47 1109 0.513
10 48 1036 0.493
11 1 1156 0.613
11 2 1195 0.615
11 3 1153 0.602
11 4 1375 0.388
11 5 1021 0.531
11 6 995 0.57
11 7 1041 0.666
11 8 1044 0.482
11 9 1011 0.595
11 10 959 0.45
11 11 1233 0.498
11 12 1015 0.464
11 13 1099 0.615
11 14 1148 0.628
11 15 1126 0.531
11 16 1089 0.492
11 17 993 0.495
11 18 900 0.679
11 19 1045 0.552
11 20 966 0.373
11 21 1270 0.437
11 22 931 0.521
11 23 1176 0.521
11 24 1039 0.491
11 25 997 0.556
11 26 877 0.552
11 27 1086 0.622
11 28 932 0.439
11 29 984 0.531
11 30 1085 0.454
11 31 997 0.579
11 32 892 0.485
11 33 804 0.415
11 34 1106 0.62
11 35 899 0.533
11 36 1034 0.436
11 37 881 0.529
11 38 892 0.504
11 39 852 0.539
11 40 928 0.693
11 41 1012 0.608
11 42 841 0.544
11 43 807 0.59
11 44 860 0.548
11 45 930 0.498
11 46 889 0.642
11 47 839 0.448
11 48 888 0.43
12 1 1503 0.485
12 2 1382 0.583
12 3 1232 0.589
12 4 1259 0.495
12 5 1382 0.505
12 6 1101 0.531
12 7 1034 0.568
12 8 1152 0.557
12 9 1216 0.502
12 10 1260 0.53
12 11 989 0.507
12 12 1225 0.62
12 13 1124 0.519
12 14 1192 0.469
12 15 1007 0.495
12 16 1307 0.489
12 17 1109 0.424
12 18 1136 0.471
12 19 1019 0.558
12 20 1030 0.526
12 21 998 0.554
12 22 1076 0.481
12 23 1083 0.569
12 24 999 0.534
12 25 981 0.546
12 26 1139 0.634
12 27 667 0.374
12 28 936 0.453
12 29 1055 0.493
12 30 1304 0.458
12 31 1015 0.548
12 32 931 0.397
12 33 1079 0.46
12 34 1064 0.413
12 35 1129 0.53
12 36 1054 0.559
12 37 521 0.404
12 38 1122 0.49
12 39 1019 0.479
12 40 922 0.458
12 41 878 0.431
12 42 993 0.447
12 43 1125 0.514
12 44 962 0.464
12 45 871 0.567
12 46 862 0.549
12 47 1063 0.577
12 48 1007 0.44
13 1 1474 0.457
13 2 1239 0.572
13 3 1060 0.446
13 4 1128 0.442
13 5 1090 0.626
13 6 1286 0.487
13 7 964 0.538
13 8 1087 0.463
13 9 965 0.544
13 10 1036 0.513
13 11 1191 0.406
13 12 1017 0.533
13 13 1000 0.514
13 14 1298 0.212
13 15 1050 0.544
13 16 1161 0.607
13 17 1094 0.541
13 18 965 0.541
13 19 940 0.48
13 20 979 0.505
13 21 1204 0.492
13 22 1101 0.598
13 23 1016 0.476
13 24 1601 0.439
13 25 881 0.52
13 26 930 0.581
13 27 1057 0.512
13 28 1067 0.389
13 29 839 0.439
13 30 1367 0.526
13 31 1248 0.454
13 32 968 0.569
13 33 863 0.546
13 34 798 0.526
13 35 920 0.473
13 36 899 0.512
13 37 912 0.468
13 38 885 0.457
13 39 1083 0.358
13 40 914 0.493
13 41 954 0.456
13 42 1015 0.537
13 43 761 0.617
13 44 930 0.564
13 45 853 0.588
13 46 1019 0.485
13 47 823 0.519
13 48 951 0.458
14 1 1172 0.495
14 2 1166 0.537
14 3 1108 0.517
14 4 1129 0.469
14 5 977 0.773
14 6 2845 0.546
14 7 1126 0.575
14 8 1166 0.553
14 9 997 0.612
14 10 1025 0.545
14 11 937 0.46
14 12 1119 0.62
14 13 1215 0.584
14 14 988 0.534
14 15 1121 0.541
14 16 1153 0.643
14 17 1397 0.538
14 18 926 0.48
14 19 1205 0.546
14 20 1235 0.459
14 21 0 0.0
14 22 1109 0.581
14 23 1092 0.536
14 24 1002 0.609
14 25 1397 0.393
14 26 48 0.394
14 27 1078 0.544
14 28 1089 0.467
14 29 1125 0.548
14 30 1000 0.378
14 31 1214 0.421
14 32 960 0.461
14 33 1131 0.553
14 34 726 0.542
14 35 760 0.519
14 36 957 0.564
14 37 952 0.506
14 38 1072 0.623
14 39 951 0.391
14 40 996 0.633
14 41 931 0.581
14 42 873 0.438
14 43 816 0.602
14 44 1054 0.552
14 45 1095 0.625
14 46 1066 0.465
14 47 856 0.557
14 48 1064 0.446
15 1 1481 0.542
15 2 1129 0.421
15 3 1355 0.603
15 4 1195 0.597
15 5 1182 0.564
15 6 1067 0.674
15 7 1011 0.605
15 8 887 0.585
15 9 939 0.531
15 10 919 0.606
15 11 1107 0.528
15 12 1176 0.524
15 13 1082 0.723
15 14 1105 0.548
15 15 993 0.494
15 16 1042 0.453
15 17 914 0.479
15 18 973 0.525
15 19 918 0.384
15 20 1226 0.356
15 21 1232 0.468
15 22 905 0.536
15 23 1215 0.504
15 24 1052 0.501
15 25 926 0.474
15 26 1018 0.431
15 27 971 0.37
15 28 1147 0.478
15 29 1125 0.475
15 30 925 0.33
15 31 913 0.454
15 32 1047 0.496
15 33 1243 0.43
15 34 858 0.579
15 35 940 0.568
15 36 804 0.592
15 37 929 0.51
15 38 1080 0.655
15 39 1045 0.684
15 40 1079 0.493
15 41 876 0.461
15 42 1046 0.527
15 43 1034 0.467
15 44 714 0.545
15 45 831 0.592
15 46 809 0.572
15 47 981 0.627
15 48 1093 0.395
16 1 1526 0.446
16 2 1661 0.472
16 3 11 0.637
16 4 40 0.354
16 5 1124 0.513
16 6 1449 0.421
16 7 1163 0.594
16 8 1141 0.558
16 9 1350 0.38
16 10 1231 0.59
16 11 1175 0.534
16 12 1140 0.492
16 13 1071 0.468
16 14 1217 0.519
16 15 956 0.594
16 16 1436 0.508
16 17 1054 0.444
16 18 1096 0.628
16 19 967 0.556
16 20 1184 0.445
16 21 944 0.477
16 22 1153 0.491
16 23 1191 0.473
16 24 1054 0.462
16 25 1101 0.484
16 26 1329 0.603
16 27 1229 0.551
16 28 1013 0.472
16 29 1038 0.464
16 30 1281 0.419
16 31 1214 0.466
16 32 919 0.452
16 33 1234 0.363
16 34 1173 0.462
16 35 1093 0.682
16 36 1110 0.555
16 37 937 0.567
16 38 970 0.446
16 39 862 0.591
16 40 621 0.393
16 41 1002 0.485
16 42 1017 0.531
16 43 946 0.471
16 44 944 0.573
16 45 889 0.398
16 46 894 0.372
16 47 919 0.681
16 48 895 0.582
17 1 1604 0.569
17 2 1238 0.575
17 3 1512 0.539
17 4 1277 0.537
17 5 1270 0.551
17 6 1235 0.552
17 7 1193 0.559
17 8 1467 0.574
17 9 1211 0.62
17 10 798 0.602
17 11 1096 0.548
17 12 1344 0.395
17 13 1235 0.502
17 14 1190 0.543
17 15 1188 0.544
17 16 890 0.523
17 17 1156 0.421
17 18 1007 0.415
17 19 1255 0.583
17 20 1113 0.414
17 21 1053 0.572
17 22 1161 0.505
17 23 1164 0.395
17 24 1113 0.576
17 25 1084 0.411
17 26 825 0.482
17 27 1233 0.469
17 28 904 0.556
17 29 1346 0.439
17 30 722 0.544
17 31 1038 0.475
17 32 877 0.526
17 33 887 0.493
17 34 916 0.552
17 35 855 0.5
17 36 1103 0.434
17 37 1075 0.555
17 38 804 0.484
17 39 1027 0.604
17 40 1113 0.428
17 41 1097 0.576
17 42 702 0.464
17 43 1042 0.487
17 44 959 0.55
17 45 835 0.618
17 46 988 0.485
17 47 1308 0.415
17 48 1094 0.499
18 1 1651 0.487
18 2 1313 0.537
18 3 1023 0.616
18 4 986 0.444
18 5 1222 0.5
18 6 1168 0.458
18 7 1341 0.505
18 8 1271 0.52
18 9 1078 0.441
18 10 1331 0.613
18 11 1179 0.597
18 12 942 0.57
18 13 1053 0.594
18 14 1453 0.545
18 15 1117 0.488
18 16 1022 0.468
18 17 948 0.549
18 18 1230 0.583
18 19 1141 0.521
18 20 1036 0.391
18 21 1356 0.328
18 22 1132 0.503
18 23 1733 0.419
18 24 990 0.505
18 25 1162 0.537
18 26 1097 0.645
18 27 1060 0.427
18 28 1055 0.506
18 29 1065 0.523
18 30 1045 0.583
18 31 876 0.544
18 32 841 0.552
18 33 1028 0.498
18 34 906 0.413
18 35 747 0.576
18 36 1109 0.534
18 37 947 0.484
18 38 1137 0.528
18 39 1067 0.618
18 40 900 0.603
18 41 925 0.551
18 42 967 0.585
18 43 814 0.58
18 44 828 0.635
18 45 1046 0.516
18 46 849 0.403
18 47 964 0.588
18 48 881 0.521
19 1 1303 0.526
19 2 1046 0.548
19 3 1173 0.498
19 4 1366 0.551
19 5 1253 0.544
19 6 1115 0.567
19 7 1405 0.534
19 8 1097 0.519
19 9 1048 0.609
19 10 1160 0.476
19 11 1197 0.583
19 12 1221 0.548
19 13 1109 0.524
19 14 1164 0.633
19 15 1234 0.565
19 16 1230 0.508
19 17 1482 0.462
19 18 1054 0.487
19 19 1290 0.434
19 20 1257 0.523
19 21 1166 0.509
19 22 1051 0.451
19 23 1108 0.456
19 24 1226 0.623
19 25 1057 0.548
19 26 1109 0.455
19 27 958 0.54
19 28 1401 0.466
19 29 941 0.491
19 30 779 0.411
19 31 936 0.518
19 32 1112 0.415
19 33 923 0.497
19 34 942 0.378
19 35 1092 0.39
19 36 926 0.383
19 37 973 0.469
19 38 1044 0.583
19 39 1058 0.635
19 40 1161 0.436
19 41 1292 0.596
19 42 1229 0.639
19 43 1105 0.598
19 44 1078 0.543
19 45 861 0.545
19 46 930 0.507
19 47 1004 0.455
19 48 937 0.449
20 1 1583 0.544
20 2 1375 0.482
20 3 1240 0.531
20 4 1334 0.444
20 5 1238 0.555
20 6 1298 0.463
20 7 1095 0.591
20 8 1310 0.465
20 9 939 0.649
20 10 1223 0.5
20 11 1032 0.607
20 12 1305 0.5
20 13 1101 0.511
20 14 1354 0.505
20 15 1357 0.589
20 16 1173 0.484
20 17 1178 0.512
20 18 437 0.615
20 19 1219 0.491
20 20 1292 0.369
20 21 1215 0.411
20 22 1194 0.541
20 23 1200 0.465
20 24 1131 0.594
20 25 1134 0.466
20 26 1154 0.432
20 27 1217 0.551
20 28 1065 0.433
20 29 829 0.572
20 30 1410 0.582
20 31 1182 0.437
20 32 983 0.492
20 33 1225 0.485
20 34 1286 0.523
20 35 859 0.578
20 36 1111 0.499
20 37 895 0.507
20 38 1017 0.529
20 39 1198 0.467
20 40 1102 0.537
20 41 598 0.457
20 42 655 0.642
20 43 891 0.559
20 44 1172 0.62
20 45 1181 0.522
20 46 1237 0.627
20 47 1150 0.459
20 48 1084 0.403
21 1 1570 0.47
21 2 1708 0.453
21 3 1098 0.478
21 4 1419 0.505
21 5 1030 0.426
21 6 1211 0.603
21 7 1263 0.423
21 8 1161 0.516
21 9 1152 0.523
21 10 1043 0.57
21 11 1179 0.527
21 12 1097 0.726
21 13 1209 0.471
21 14 1158 0.534
21 15 1282 0.446
21 16 1207 0.551
21 17 1023 0.525
21 18 1050 0.444
21 19 1314 0.352
21 20 1396 0.434
21 21 1158 0.635
21 22 1207 0.483
21 23 1166 0.53
21 24 1022 0.308
21 25 1220 0.549
21 26 912 0.471
21 27 1073 0.543
21 28 971 0.533
21 29 1377 0.456
21 30 880 0.51
21 31 1117 0.5
21 32 1027 0.515
21 33 1030 0.487
21 34 1079 0.478
21 35 1150 0.332
21 36 1177 0.605
21 37 1319 0.409
21 38 1198 0.444
21 39 1084 0.588
21 40 1066 0.551
21 41 1097 0.6
21 42 992 0.542
21 43 987 0.546
21 44 976 0.504
21 45 1088 0.71
21 46 1186 0.635
21 47 1012 0.445
21 48 1116 0.577
22 1 1339 0.53
22 2 1278 0.519
22 3 1205 0.344
22 4 2316 0.393
22 5 1646 0.344
22 6 1577 0.512
22 7 1500 0.407
22 8 1134 0.462
22 9 1271 0.513
22 10 1287 0.565
22 11 1196 0.497
22 12 1028 0.603
22 13 1084 0.523
22 14 1360 0.469
22 15 1077 0.561
22 16 1057 0.647
22 17 1159 0.494
22 18 1088 0.582
22 19 1251 0.557
22 20 1029 0.497
22 21 1151 0.432
22 22 1199 0.564
22 23 1126 0.603
22 24 1025 0.592
22 25 1533 0.568
22 26 1253 0.422
22 27 1220 0.558
22 28 1244 0.475
22 29 1428 0.455
22 30 1413 0.544
22 31 933 0.483
22 32 886 0.447
22 33 666 0.478
22 34 1226 0.569
22 35 1137 0.399
22 36 1038 0.501
22 37 1181 0.519
22 38 1353 0.451
22 39 928 0.598
22 40 918 0.493
22 41 1007 0.624
22 42 1058 0.514
22 43 1142 0.525
22 44 1135 0.569
22 45 1608 0.506
22 46 1044 0.651
22 47 323 0.667
22 48 1440 0.444
23 1 1598 0.422
23 2 1419 0.384
23 3 1136 0.496
23 4 1102 0.484
23 5 1175 0.533
23 6 1123 0.556
23 7 1126 0.363
23 8 986 0.407
23 9 1342 0.562
23 10 1203 0.416
23 11 1205 0.589
23 12 1345 0.377
23 13 987 0.499
23 14 1078 0.581
23 15 1252 0.552
23 16 1226 0.527
23 17 998 0.494
23 18 1320 0.577
23 19 862 0.568
23 20 1079 0.544
23 21 986 0.516
23 22 1204 0.483
23 23 1149 0.578
23 24 1305 0.56
23 25 1037 0.519
23 26 1165 0.504
23 27 1397 0.474
23 28 1033 0.479
23 29 959 0.43
23 30 1092 0.544
23 31 1229 0.381
23 32 1008 0.471
23 33 1173 0.516
23 34 1060 0.482
23 35 1106 0.52
23 36 1198 0.453
23 37 1234 0.641
23 38 1271 0.342
23 39 1302 0.536
23 40 1765 0.398
23 41 1373 0.533
23 42 1612 0.415
23 43 1539 0.362
23 44 864 0.449
23 45 943 0.618
23 46 1033 0.594
23 47 1378 0.401
23 48 1222 0.43
24 1 1151 0.54
24 2 1378 0.4
24 3 45 0.764
24 4 13 0.371
24 5 936 0.63
24 6 1244 0.503
24 7 1071 0.663
24 8 1285 0.332
24 9 1238 0.541
24 10 1369 0.487
24 11 1063 0.482
24 12 1200 0.414
24 13 1177 0.552
24 14 1194 0.487
24 15 1174 0.605
24 16 1028 0.583
24 17 1286 0.556
24 18 1154 0.581
24 19 1221 0.511
24 20 1187 0.516
24 21 1591 0.556
24 22 1193 0.636
24 23 1178 0.512
24 24 1498 0.529
24 25 1096 0.547
24 26 1158 0.519
24 27 1725 0.397
24 28 1052 0.497
24 29 998 0.508
24 30 1139 0.458
24 31 1245 0.542
24 32 1463 0.43
24 33 1032 0.646
24 34 1037 0.525
24 35 1259 0.494
24 36 1107 0.476
24 37 1161 0.509
24 38 1100 0.562
24 39 990 0.651
24 40 951 0.606
24 41 1439 0.332
24 42 903 0.512
24 43 999 0.699
24 44 1075 0.589
24 45 2094 0.513
24 46 1260 0.542
24 47 1034 0.557
24 48 1272 0.548
25 1 1521 0.553
25 2 1200 0.473
25 3 1434 0.409
25 4 1129 0.503
25 5 984 0.506
25 6 1278 0.482
25 7 1060 0.571
25 8 1157 0.565
25 9 1069 0.446
25 10 1026 0.613
25 11 1232 0.555
25 12 1087 0.65
25 13 1211 0.462
25 14 1215 0.583
25 15 1062 0.559
25 16 1068 0.547
25 17 1126 0.656
25 18 1127 0.526
25 19 1121 0.597
25 20 1186 0.519
25 21 1112 0.481
25 22 1063 0.581
25 23 870 0.516
25 24 787 0.408
25 25 967 0.668
25 26 949 0.495
25 27 1205 0.573
25 28 1119 0.532
25 29 969 0.506
25 30 1178 0.377
25 31 876 0.514
25 32 1779 0.437
25 33 1500 0.378
25 34 1136 0.565
25 35 982 0.576
25 36 1083 0.672
25 37 1057 0.556
25 38 982 0.614
25 39 647 0.532
25 40 895 0.507
25 41 1017 0.645
25 42 871 0.687
25 43 1217 0.595
25 44 927 0.626
25 45 833 0.601
25 46 979 0.522
25 47 1097 0.526
25 48 1355 0.629
26 1 1773 0.455
26 2 985 0.521
26 3 1453 0.33
26 4 1311 0.351
26 5 1403 0.409
26 6 1312 0.619
26 7 1117 0.442
26 8 1007 0.536
26 9 1034 0.529
26 10 1109 0.521
26 11 1113 0.552
26 12 1109 0.585
26 13 993 0.601
26 14 1128 0.512
26 15 1181 0.52
26 16 1122 0.604
26 17 1175 0.617
26 18 1070 0.504
26 19 1064 0.559
26 20 1057 0.555
26 21 1021 0.51
26 22 1031 0.534
26 23 1065 0.36
26 24 955 0.515
26 25 1227 0.574
26 26 1324 0.497
26 27 1525 0.493
26 28 876 0.603
26 29 630 0.574
26 30 735 0.542
26 31 1224 0.499
26 32 995 0.51
26 33 1017 0.505
26 34 1166 0.573
26 35 1018 0.628
26 36 988 0.543
26 37 1219 0.579
26 38 1149 0.589
26 39 908 0.554
26 40 534 0.546
26 41 1050 0.711
26 42 918 0.656
26 43 885 0.517
26 44 1182 0.574
26 45 1256 0.593
26 46 1103 0.647
26 47 1143 0.595
26 48 1341 0.457
27 1 1483 0.532
27 2 1104 0.45
27 3 1120 0.409
27 4 1294 0.474
27 5 1205 0.467
27 6 1013 0.626
27 7 1111 0.51
27 8 1119 0.452
27 9 1041 0.568
27 10 1101 0.583
27 11 1230 0.631
27 12 1245 0.533
27 13 1323 0.454
27 14 1112 0.454
27 15 1335 0.664
27 16 1363 0.544
27 17 1179 0.536
27 18 1018 0.451
27 19 1139 0.655
27 20 1349 0.527
27 21 1193 0.579
27 22 1413 0.554
27 23 1126 0.523
27 24 1242 0.441
27 25 1169 0.55
27 26 998 0.506
27 27 1057 0.573
27 28 1245 0.52
27 29 918 0.408
27 30 1209 0.555
27 31 1033 0.521
27 32 1588 0.458
27 33 986 0.574
27 34 1184 0.444
27 35 1177 0.498
27 36 1095 0.534
27 37 867 0.494
27 38 987 0.605
27 39 1087 0.638
27 40 1153 0.66
27 41 1064 0.617
27 42 853 0.543
27 43 1219 0.549
27 44 866 0.543
27 45 1142 0.598
27 46 1012 0.657
27 47 1250 0.659
27 48 1795 0.539
28 1 1309 0.485
28 2 1580 0.379
28 3 1375 0.36
28 4 1207 0.487
28 5 1374 0.509
28 6 1355 0.482
28 7 1275 0.526
28 8 1190 0.566
28 9 1266 0.488
28 10 1265 0.655
28 11 1143 0.654
28 12 1172 0.526
28 13 1151 0.517
28 14 1285 0.524
28 15 1186 0.58
28 16 923 0.567
28 17 1061 0.542
28 18 1117 0.45
28 19 1244 0.59
28 20 1097 0.598
28 21 1182 0.639
28 22 1072 0.495
28 23 1217 0.513
28 24 1093 0.538
28 25 1182 0.608
28 26 970 0.571
28 27 1173 0.519
28 28 1227 0.533
28 29 1181 0.518
28 30 1264 0.625
28 31 1235 0.487
28 32 1128 0.481
28 33 899 0.769
28 34 1003 0.466
28 35 1132 0.506
28 36 1093 0.354
28 37 866 0.436
28 38 1433 0.601
28 39 1147 0.515
28 40 1274 0.587
28 41 1038 0.502
28 42 1109 0.666
28 43 909 0.546
28 44 1125 0.568
28 45 224 0.459
28 46 1594 0.623
28 47 1010 0.758
28 48 1364 0.548
29 1 1752 0.566
29 2 1737 0.498
29 3 1490 0.463
29 4 1297 0.498
29 5 1343 0.405
29 6 1191 0.553
29 7 1176 0.434
29 8 1367 0.543
29 9 1918 0.474
29 10 1130 0.66
29 11 1249 0.423
29 12 1417 0.521
29 13 1319 0.506
29 14 1260 0.461
29 15 1398 0.516
29 16 1237 0.532
29 17 1333 0.561
29 18 1320 0.537
29 19 1403 0.488
29 20 1001 0.5
29 21 1106 0.536
29 22 1208 0.621
29 23 1185 0.554
29 24 1184 0.555
29 25 1058 0.542
29 26 1049 0.541
29 27 997 0.545
29 28 996 0.515
29 29 1123 0.578
29 30 929 0.665
29 31 1086 0.543
29 32 1086 0.592
29 33 831 0.457
29 34 1732 0.387
29 35 304 0.67
29 36 1229 0.512
29 37 1058 0.455
29 38 1017 0.514
29 39 1144 0.437
29 40 1351 0.618
29 41 1121 0.558
29 42 1170 0.662
29 43 906 0.587
29 44 1091 0.627
29 45 1182 0.631
29 46 983 0.704
29 47 1345 0.457
29 48 1125 0.596
30 1 1455 0.488
30 2 1203 0.422
30 3 1351 0.56
30 4 1341 0.405
30 5 1245 0.431
30 6 1480 0.402
30 7 1141 0.425
30 8 1373 0.462
30 9 1099 0.593
30 10 1117 0.605
30 11 1155 0.588
30 12 1248 0.619
30 13 1264 0.565
30 14 1077 0.61
30 15 1124 0.48
30 16 1257 0.53
30 17 1070 0.56
30 18 1128 0.527
30 19 1118 0.484
30 20 1049 0.458
30 21 1223 0.511
30 22 1213 0.421
30 23 1029 0.566
30 24 1302 0.614
30 25 1481 0.43
30 26 1305 0.518
30 27 1388 0.474
30 28 1149 0.41
30 29 1196 0.442
30 30 1353 0.522
30 31 886 0.522
30 32 979 0.508
30 33 1198 0.609
30 34 1043 0.424
30 35 1065 0.51
30 36 1000 0.559
30 37 1055 0.462
30 38 1447 0.441
30 39 918 0.453
30 40 884 0.661
30 41 1324 0.458
30 42 1290 0.488
30 43 1036 0.385
30 44 1314 0.575
30 45 1265 0.562
30 46 1059 0.642
30 47 1243 0.647
30 48 1410 0.521
31 1 1713 0.481
31 2 1389 0.405
31 3 2304 0.377
31 4 1382 0.328
31 5 1320 0.517
31 6 1235 0.482
31 7 1078 0.434
31 8 901 0.465
31 9 1161 0.604
31 10 1050 0.508
31 11 1368 0.52
31 12 1428 0.522
31 13 1314 0.572
31 14 1217 0.39
31 15 1478 0.495
31 16 1252 0.523
31 17 1003 0.503
31 18 1135 0.648
31 19 1631 0.514
31 20 1279 0.386
31 21 1412 0.433
31 22 1223 0.494
31 23 1293 0.536
31 24 1426 0.602
31 25 1272 0.463
31 26 973 0.549
31 27 1244 0.49
31 28 1307 0.393
31 29 1146 0.473
31 30 923 0.677
31 31 1179 0.534
31 32 1041 0.494
31 33 1031 0.552
31 34 1018 0.649
31 35 971 0.574
31 36 1169 0.497
31 37 1033 0.49
31 38 1011 0.443
31 39 1053 0.504
31 40 1176 0.535
31 41 1145 0.598
31 42 1074 0.565
31 43 1377 0.465
31 44 1188 0.596
31 45 1272 0.488
31 46 1191 0.464
31 47 1243 0.591
31 48 1280 0.367
32 1 1468 0.506
32 2 1490 0.366
32 3 1702 0.33
32 4 1694 0.361
32 5 1269 0.488
32 6 1149 0.501
32 7 1357 0.442
32 8 1461 0.568
32 9 1398 0.548
32 10 1303 0.439
32 11 1404 0.459
32 12 2156 0.433
32 13 1490 0.53
32 14 1570 0.595
32 15 1519 0.529
32 16 1511 0.607
32 17 2186 0.506
32 18 1432 0.504
32 19 1534 0.516
32 20 1496 0.472
32 21 1435 0.42
32 22 1349 0.568
32 23 1334 0.46
32 24 1120 0.585
32 25 1438 0.639
32 26 1251 0.464
32 27 1502 0.581
32 28 1404 0.682
32 29 1453 0.511
32 30 1463 0.536
32 31 1474 0.637
32 32 1421 0.548
32 33 1282 0.551
32 34 1536 0.494
32 35 1432 0.492
32 36 1422 0.496
32 37 1506 0.493
32 38 1321 0.458
32 39 1163 0.596
32 40 1234 0.438
32 41 1303 0.531
32 42 1348 0.612
32 43 1033 0.606
32 44 1438 0.458
32 45 1177 0.469
32 46 1416 0.512
32 47 1023 0.603
32 48 1205 0.414
