row  column  size-1  circ-1
1 1 1994 0.348
1 2 2007 0.515
1 3 2121 0.503
1 4 1893 0.461
1 5 1958 0.48
1 6 2559 0.391
1 7 1569 0.532
1 8 1621 0.472
1 9 1776 0.463
1 10 1852 0.385
1 11 1622 0.376
1 12 1753 0.338
1 13 1620 0.397
1 14 1647 0.397
1 15 1394 0.567
1 16 1485 0.41
1 17 1792 0.419
1 18 2251 0.328
1 19 1418 0.429
1 20 1596 0.444
1 21 1575 0.484
1 22 1612 0.468
1 23 1451 0.391
1 24 1731 0.493
1 25 1887 0.333
1 26 1496 0.365
1 27 1539 0.345
1 28 1467 0.393
1 29 1868 0.499
1 30 1516 0.445
1 31 1357 0.412
1 32 1298 0.486
1 33 3084 0.558
1 34 2991 0.617
1 35 1160 0.466
1 36 1353 0.401
1 37 1491 0.438
1 38 1422 0.491
1 39 1381 0.58
1 40 1568 0.513
1 41 1556 0.419
1 42 1539 0.448
1 43 1439 0.424
1 44 1468 0.481
1 45 1282 0.463
1 46 1354 0.333
1 47 1261 0.314
1 48 1093 0.217
2 1 1284 0.328
2 2 1581 0.466
2 3 1773 0.463
2 4 1684 0.546
2 5 1409 0.405
2 6 1452 0.516
2 7 1158 0.359
2 8 1351 0.517
2 9 1543 0.363
2 10 1425 0.412
2 11 1607 0.341
2 12 1328 0.421
2 13 1147 0.385
2 14 1211 0.446
2 15 1394 0.51
2 16 1409 0.379
2 17 1272 0.472
2 18 1530 0.493
2 19 1226 0.517
2 20 1328 0.59
2 21 1256 0.45
2 22 1172 0.369
2 23 1312 0.421
2 24 1335 0.52
2 25 1310 0.525
2 26 1139 0.481
2 27 1037 0.411
2 28 1040 0.394
2 29 1163 0.372
2 30 1459 0.44
2 31 1145 0.428
2 32 1128 0.62
2 33 368 0.157
2 34 390 0.252
2 35 1051 0.424
2 36 1303 0.567
2 37 1095 0.332
2 38 753 0.312
2 39 0 0.0
2 40 1243 0.454
2 41 1370 0.445
2 42 1160 0.583
2 43 1082 0.356
2 44 942 0.372
2 45 759 0.44
2 46 666 0.366
2 47 1076 0.335
2 48 825 0.162
3 1 970 0.311
3 2 790 0.4
3 3 1686 0.466
3 4 1444 0.592
3 5 1482 0.4
3 6 1116 0.473
3 7 1462 0.386
3 8 1383 0.495
3 9 1721 0.368
3 10 1124 0.406
3 11 1304 0.44
3 12 1217 0.361
3 13 1182 0.42
3 14 1202 0.449
3 15 1515 0.461
3 16 1154 0.366
3 17 969 0.421
3 18 1126 0.472
3 19 1198 0.497
3 20 1126 0.326
3 21 0 0.0
3 22 0 0.0
3 23 1184 0.505
3 24 1149 0.461
3 25 172 0.448
3 26 221 0.531
3 27 1257 0.314
3 28 1133 0.595
3 29 1208 0.439
3 30 1193 0.482
3 31 1055 0.602
3 32 903 0.487
3 33 951 0.339
3 34 1064 0.279
3 35 925 0.386
3 36 896 0.488
3 37 883 0.382
3 38 891 0.342
3 39 919 0.337
3 40 924 0.519
3 41 1115 0.484
3 42 1030 0.519
3 43 832 0.422
3 44 805 0.366
3 45 889 0.557
3 46 1302 0.294
3 47 1074 0.368
3 48 1023 0.196
4 1 1526 0.375
4 2 1258 0.474
4 3 1443 0.348
4 4 1341 0.456
4 5 1345 0.55
4 6 1444 0.41
4 7 1495 0.508
4 8 1511 0.433
4 9 1243 0.425
4 10 1201 0.443
4 11 1247 0.49
4 12 1170 0.348
4 13 1133 0.475
4 14 1088 0.337
4 15 1043 0.481
4 16 1124 0.413
4 17 1048 0.351
4 18 1014 0.348
4 19 989 0.449
4 20 1088 0.385
4 21 919 0.515
4 22 978 0.422
4 23 1408 0.103
4 24 1105 0.106
4 25 783 0.419
4 26 862 0.372
4 27 1143 0.432
4 28 997 0.498
4 29 861 0.295
4 30 920 0.395
4 31 1079 0.366
4 32 1229 0.365
4 33 805 0.502
4 34 1006 0.434
4 35 639 0.47
4 36 549 0.385
4 37 803 0.5
4 38 776 0.326
4 39 498 0.38
4 40 983 0.376
4 41 1134 0.492
4 42 916 0.316
4 43 949 0.366
4 44 508 0.552
4 45 252 0.234
4 46 0 0.0
4 47 1156 0.35
4 48 1214 0.342
5 1 1590 0.493
5 2 1609 0.399
5 3 1543 0.432
5 4 1335 0.48
5 5 1056 0.442
5 6 1124 0.562
5 7 1211 0.475
5 8 1573 0.399
5 9 1205 0.439
5 10 1202 0.562
5 11 1219 0.563
5 12 1039 0.41
5 13 834 0.372
5 14 911 0.417
5 15 1020 0.346
5 16 1049 0.407
5 17 1114 0.537
5 18 917 0.436
5 19 882 0.418
5 20 1076 0.37
5 21 1007 0.455
5 22 1160 0.555
5 23 938 0.336
5 24 821 0.467
5 25 836 0.332
5 26 781 0.6
5 27 930 0.378
5 28 963 0.446
5 29 1025 0.42
5 30 1341 0.34
5 31 922 0.369
5 32 887 0.352
5 33 781 0.446
5 34 805 0.417
5 35 971 0.392
5 36 783 0.475
5 37 353 0.245
5 38 614 0.32
5 39 922 0.499
5 40 790 0.403
5 41 881 0.381
5 42 1255 0.412
5 43 1052 0.414
5 44 940 0.393
5 45 583 0.28
5 46 1072 0.386
5 47 1307 0.523
5 48 1302 0.299
6 1 1793 0.442
6 2 1679 0.288
6 3 2291 0.29
6 4 1479 0.309
6 5 1162 0.462
6 6 1319 0.49
6 7 983 0.344
6 8 1260 0.387
6 9 1323 0.584
6 10 1169 0.42
6 11 951 0.511
6 12 1084 0.495
6 13 1133 0.445
6 14 1162 0.541
6 15 1159 0.429
6 16 1401 0.305
6 17 1403 0.471
6 18 879 0.372
6 19 1008 0.491
6 20 1300 0.542
6 21 919 0.445
6 22 1052 0.413
6 23 998 0.378
6 24 1142 0.465
6 25 1100 0.328
6 26 977 0.469
6 27 1093 0.512
6 28 994 0.441
6 29 856 0.422
6 30 796 0.385
6 31 1393 0.372
6 32 849 0.488
6 33 254 0.443
6 34 295 0.254
6 35 897 0.359
6 36 1018 0.436
6 37 926 0.488
6 38 555 0.455
6 39 743 0.378
6 40 764 0.425
6 41 878 0.481
6 42 1078 0.474
6 43 1046 0.375
6 44 1343 0.388
6 45 823 0.378
6 46 13 0.846
6 47 1142 0.454
6 48 1433 0.339
7 1 1138 0.385
7 2 805 0.298
7 3 1881 0.408
7 4 1421 0.357
7 5 1230 0.556
7 6 1150 0.454
7 7 1258 0.598
7 8 1241 0.524
7 9 1334 0.399
7 10 878 0.573
7 11 1055 0.459
7 12 1282 0.424
7 13 723 0.507
7 14 15 0.465
7 15 1565 0.256
7 16 1112 0.394
7 17 1144 0.406
7 18 1223 0.401
7 19 1398 0.305
7 20 1098 0.47
7 21 1039 0.445
7 22 1282 0.374
7 23 1340 0.388
7 24 1362 0.293
7 25 1031 0.298
7 26 1489 0.353
7 27 977 0.407
7 28 795 0.387
7 29 756 0.413
7 30 824 0.347
7 31 935 0.326
7 32 848 0.388
7 33 836 0.47
7 34 889 0.446
7 35 977 0.313
7 36 950 0.482
7 37 956 0.422
7 38 969 0.401
7 39 1052 0.271
7 40 974 0.485
7 41 988 0.514
7 42 1076 0.441
7 43 945 0.505
7 44 964 0.427
7 45 1242 0.672
7 46 1040 0.54
7 47 1058 0.473
7 48 1370 0.404
8 1 2079 0.39
8 2 1770 0.384
8 3 1694 0.414
8 4 1026 0.367
8 5 1110 0.393
8 6 1102 0.558
8 7 1249 0.475
8 8 992 0.547
8 9 1317 0.397
8 10 1232 0.499
8 11 1284 0.432
8 12 1083 0.362
8 13 1188 0.337
8 14 1249 0.437
8 15 997 0.532
8 16 998 0.339
8 17 1162 0.357
8 18 1397 0.465
8 19 802 0.456
8 20 1012 0.36
8 21 1407 0.345
8 22 564 0.331
8 23 1107 0.508
8 24 846 0.363
8 25 924 0.481
8 26 1027 0.482
8 27 1173 0.315
8 28 1388 0.067
8 29 1119 0.261
8 30 855 0.453
8 31 1160 0.383
8 32 971 0.525
8 33 950 0.492
8 34 943 0.577
8 35 1030 0.429
8 36 991 0.397
8 37 1131 0.399
8 38 837 0.317
8 39 91 0.226
8 40 842 0.391
8 41 1109 0.457
8 42 957 0.263
8 43 946 0.434
8 44 1110 0.493
8 45 521 0.236
8 46 2380 0.212
8 47 1116 0.489
8 48 1162 0.457
9 1 1847 0.42
9 2 1229 0.532
9 3 1567 0.341
9 4 1378 0.341
9 5 1411 0.527
9 6 1373 0.435
9 7 1349 0.474
9 8 1595 0.459
9 9 1192 0.443
9 10 1242 0.458
9 11 701 0.42
9 12 639 0.491
9 13 1031 0.376
9 14 1228 0.618
9 15 1199 0.513
9 16 1243 0.434
9 17 1136 0.531
9 18 984 0.634
9 19 1067 0.559
9 20 1065 0.362
9 21 80 0.39
9 22 0 0.0
9 23 1235 0.548
9 24 1108 0.428
9 25 179 0.489
9 26 1004 0.489
9 27 961 0.454
9 28 783 0.229
9 29 1157 0.34
9 30 1138 0.35
9 31 1298 0.439
9 32 877 0.578
9 33 966 0.453
9 34 978 0.503
9 35 1130 0.492
9 36 1066 0.483
9 37 1074 0.385
9 38 1092 0.301
9 39 1112 0.328
9 40 857 0.369
9 41 1112 0.323
9 42 1070 0.368
9 43 1190 0.457
9 44 1164 0.535
9 45 920 0.579
9 46 1017 0.416
9 47 1269 0.475
9 48 1558 0.387
10 1 2058 0.445
10 2 1260 0.489
10 3 1423 0.399
10 4 1525 0.437
10 5 1466 0.485
10 6 1346 0.429
10 7 1299 0.455
10 8 1300 0.599
10 9 1167 0.536
10 10 1234 0.482
10 11 1203 0.461
10 12 1217 0.563
10 13 1274 0.519
10 14 1167 0.379
10 15 1100 0.46
10 16 1198 0.422
10 17 788 0.526
10 18 935 0.476
10 19 1161 0.373
10 20 1063 0.379
10 21 647 0.396
10 22 622 0.323
10 23 1148 0.422
10 24 1130 0.378
10 25 1052 0.451
10 26 1007 0.444
10 27 941 0.469
10 28 1081 0.489
10 29 932 0.44
10 30 947 0.419
10 31 1285 0.372
10 32 1067 0.381
10 33 418 0.463
10 34 505 0.336
10 35 1172 0.45
10 36 1162 0.48
10 37 1076 0.271
10 38 1061 0.457
10 39 981 0.482
10 40 1100 0.403
10 41 1174 0.436
10 42 1251 0.311
10 43 0 0.0
10 44 0 0.0
10 45 986 0.486
10 46 1172 0.474
10 47 1206 0.521
10 48 1127 0.38
11 1 1589 0.408
11 2 1355 0.355
11 3 1381 0.38
11 4 1513 0.386
11 5 1559 0.556
11 6 24 0.433
11 7 1407 0.383
11 8 1327 0.389
11 9 1400 0.393
11 10 1332 0.427
11 11 1110 0.463
11 12 1090 0.316
11 13 1410 0.442
11 14 1318 0.583
11 15 1228 0.471
11 16 1273 0.472
11 17 1188 0.431
11 18 978 0.62
11 19 1236 0.541
11 20 1392 0.39
11 21 96 0.225
11 22 32 0.52
11 23 1325 0.475
11 24 1383 0.38
11 25 1094 0.367
11 26 1005 0.48
11 27 972 0.401
11 28 891 0.367
11 29 1130 0.541
11 30 1089 0.451
11 31 1078 0.546
11 32 882 0.408
11 33 1210 0.405
11 34 973 0.316
11 35 1073 0.379
11 36 1049 0.374
11 37 1180 0.47
11 38 1139 0.269
11 39 1117 0.445
11 40 529 0.424
11 41 371 0.465
11 42 0 0.0
11 43 1075 0.481
11 44 954 0.476
11 45 1040 0.525
11 46 1031 0.397
11 47 1180 0.373
11 48 1527 0.398
12 1 1659 0.482
12 2 1431 0.542
12 3 1534 0.361
12 4 1485 0.416
12 5 1534 0.404
12 6 1236 0.395
12 7 1281 0.348
12 8 1449 0.471
12 9 569 0.49
12 10 775 0.551
12 11 1211 0.367
12 12 1101 0.413
12 13 1279 0.472
12 14 1880 0.592
12 15 1128 0.442
12 16 1082 0.414
12 17 1103 0.403
12 18 1401 0.532
12 19 1343 0.335
12 20 1079 0.407
12 21 1287 0.428
12 22 1314 0.424
12 23 1336 0.447
12 24 1124 0.445
12 25 1045 0.482
12 26 938 0.488
12 27 1022 0.43
12 28 1112 0.632
12 29 1172 0.557
12 30 997 0.39
12 31 897 0.334
12 32 999 0.457
12 33 1172 0.386
12 34 1058 0.414
12 35 1285 0.325
12 36 1179 0.359
12 37 1213 0.4
12 38 836 0.567
12 39 1203 0.44
12 40 1171 0.497
12 41 1151 0.522
12 42 1130 0.439
12 43 920 0.371
12 44 1170 0.296
12 45 1145 0.402
12 46 957 0.245
12 47 1241 0.351
12 48 1251 0.315
13 1 1484 0.419
13 2 1240 0.442
13 3 1298 0.426
13 4 1228 0.457
13 5 947 0.533
13 6 961 0.538
13 7 1179 0.43
13 8 887 0.493
13 9 1329 0.434
13 10 1538 0.437
13 11 1758 0.378
13 12 1480 0.444
13 13 0 0.0
13 14 16 0.484
13 15 984 0.392
13 16 1161 0.517
13 17 1037 0.436
13 18 1275 0.467
13 19 1193 0.386
13 20 1176 0.482
13 21 0 0.0
13 22 0 0.0
13 23 1176 0.414
13 24 1274 0.471
13 25 128 0.449
13 26 221 0.327
13 27 1059 0.458
13 28 924 0.526
13 29 1017 0.383
13 30 929 0.481
13 31 1154 0.347
13 32 1040 0.45
13 33 973 0.504
13 34 857 0.372
13 35 632 0.186
13 36 967 0.533
13 37 1046 0.361
13 38 1104 0.344
13 39 0 0.0
13 40 0 0.0
13 41 1089 0.447
13 42 1151 0.518
13 43 1049 0.427
13 44 968 0.453
13 45 1088 0.367
13 46 1127 0.375
13 47 1036 0.262
13 48 1135 0.272
14 1 1622 0.319
14 2 1274 0.34
14 3 800 0.373
14 4 1162 0.572
14 5 1401 0.548
14 6 1331 0.454
14 7 1300 0.434
14 8 1260 0.449
14 9 1391 0.382
14 10 1105 0.467
14 11 1735 0.404
14 12 1312 0.472
14 13 1455 0.506
14 14 1003 0.374
14 15 1273 0.454
14 16 1044 0.472
14 17 1376 0.474
14 18 1021 0.493
14 19 1105 0.515
14 20 1246 0.454
14 21 1392 0.47
14 22 1230 0.443
14 23 1187 0.307
14 24 1150 0.533
14 25 1289 0.419
14 26 1337 0.459
14 27 1044 0.545
14 28 1045 0.351
14 29 1072 0.332
14 30 1139 0.423
14 31 872 0.56
14 32 871 0.443
14 33 840 0.448
14 34 1145 0.435
14 35 1056 0.343
14 36 897 0.493
14 37 542 0.46
14 38 1159 0.435
14 39 1031 0.429
14 40 1260 0.412
14 41 1010 0.424
14 42 852 0.353
14 43 0 0.0
14 44 203 0.578
14 45 1380 0.361
14 46 674 0.362
14 47 331 0.219
14 48 350 0.243
15 1 1061 0.295
15 2 1455 0.469
15 3 1468 0.499
15 4 1282 0.451
15 5 1366 0.528
15 6 1088 0.401
15 7 1232 0.437
15 8 1260 0.436
15 9 1379 0.354
15 10 1232 0.43
15 11 1178 0.374
15 12 1319 0.491
15 13 1337 0.388
15 14 1167 0.405
15 15 1348 0.359
15 16 1465 0.477
15 17 838 0.41
15 18 1079 0.46
15 19 1240 0.356
15 20 1430 0.537
15 21 0 0.0
15 22 0 0.0
15 23 1312 0.36
15 24 1325 0.462
15 25 1260 0.51
15 26 851 0.347
15 27 1105 0.543
15 28 998 0.412
15 29 1031 0.459
15 30 1212 0.479
15 31 967 0.544
15 32 1002 0.376
15 33 609 0.489
15 34 926 0.505
15 35 1083 0.364
15 36 815 0.261
15 37 1059 0.449
15 38 933 0.395
15 39 954 0.539
15 40 786 0.362
15 41 1173 0.387
15 42 1025 0.427
15 43 987 0.493
15 44 816 0.374
15 45 1319 0.388
15 46 1160 0.592
15 47 1181 0.429
15 48 1190 0.301
16 1 1687 0.449
16 2 1344 0.451
16 3 1437 0.485
16 4 1471 0.386
16 5 1519 0.409
16 6 1331 0.562
16 7 1374 0.497
16 8 1224 0.506
16 9 1504 0.475
16 10 1483 0.43
16 11 1301 0.392
16 12 1301 0.418
16 13 1276 0.366
16 14 1400 0.609
16 15 1252 0.548
16 16 1426 0.424
16 17 1031 0.513
16 18 1381 0.464
16 19 1339 0.45
16 20 1123 0.385
16 21 1460 0.351
16 22 1431 0.448
16 23 1463 0.452
16 24 1096 0.429
16 25 1266 0.411
16 26 1223 0.389
16 27 844 0.397
16 28 1100 0.458
16 29 1194 0.415
16 30 1234 0.468
16 31 1351 0.467
16 32 1532 0.473
16 33 1094 0.405
16 34 1055 0.426
16 35 1033 0.405
16 36 1016 0.413
16 37 1097 0.43
16 38 767 0.462
16 39 924 0.45
16 40 1013 0.526
16 41 1083 0.377
16 42 1258 0.365
16 43 977 0.374
16 44 1062 0.53
16 45 1415 0.439
16 46 1049 0.39
16 47 1269 0.359
16 48 1091 0.282
17 1 1683 0.349
17 2 1587 0.492
17 3 1558 0.348
17 4 1484 0.443
17 5 1242 0.584
17 6 1419 0.412
17 7 1532 0.341
17 8 1201 0.531
17 9 1426 0.411
17 10 1235 0.416
17 11 1273 0.465
17 12 1290 0.407
17 13 891 0.419
17 14 447 0.524
17 15 1359 0.436
17 16 1173 0.482
17 17 1366 0.311
17 18 1380 0.518
17 19 1329 0.399
17 20 1141 0.418
17 21 1450 0.471
17 22 1218 0.441
17 23 994 0.409
17 24 1025 0.356
17 25 279 0.348
17 26 359 0.204
17 27 1341 0.507
17 28 1117 0.553
17 29 253 0.491
17 30 326 0.344
17 31 1219 0.325
17 32 1150 0.421
17 33 1100 0.418
17 34 840 0.437
17 35 949 0.476
17 36 1047 0.425
17 37 1197 0.409
17 38 1098 0.293
17 39 1426 0.373
17 40 1182 0.433
17 41 915 0.455
17 42 931 0.415
17 43 1222 0.443
17 44 1193 0.496
17 45 1168 0.424
17 46 1071 0.491
17 47 1316 0.41
17 48 1169 0.447
18 1 2178 0.432
18 2 1326 0.495
18 3 331 0.439
18 4 811 0.563
18 5 1834 0.442
18 6 1271 0.417
18 7 1409 0.487
18 8 1176 0.427
18 9 1076 0.378
18 10 1235 0.433
18 11 1418 0.418
18 12 1313 0.513
18 13 1794 0.384
18 14 1505 0.512
18 15 1450 0.372
18 16 1269 0.394
18 17 1271 0.45
18 18 1191 0.463
18 19 1233 0.425
18 20 1266 0.314
18 21 1385 0.459
18 22 1183 0.463
18 23 1143 0.463
18 24 1339 0.461
18 25 1380 0.468
18 26 1405 0.479
18 27 1267 0.384
18 28 1346 0.501
18 29 1155 0.413
18 30 1253 0.437
18 31 1231 0.351
18 32 1223 0.433
18 33 1146 0.417
18 34 934 0.37
18 35 1058 0.424
18 36 1206 0.413
18 37 933 0.405
18 38 1017 0.34
18 39 1153 0.372
18 40 1357 0.451
18 41 1058 0.326
18 42 1193 0.432
18 43 963 0.439
18 44 1000 0.471
18 45 1172 0.413
18 46 1099 0.43
18 47 1199 0.428
18 48 1401 0.419
19 1 1742 0.404
19 2 1320 0.428
19 3 1538 0.422
19 4 1434 0.527
19 5 1323 0.433
19 6 1293 0.438
19 7 1324 0.409
19 8 1171 0.396
19 9 1178 0.455
19 10 1135 0.394
19 11 1328 0.421
19 12 1490 0.451
19 13 30 0.208
19 14 15 0.397
19 15 1521 0.488
19 16 1459 0.42
19 17 866 0.471
19 18 733 0.412
19 19 1201 0.385
19 20 1359 0.376
19 21 1513 0.44
19 22 1544 0.296
19 23 1169 0.3
19 24 1740 0.38
19 25 1257 0.395
19 26 1309 0.358
19 27 1007 0.446
19 28 1306 0.376
19 29 1247 0.333
19 30 1011 0.496
19 31 1356 0.4
19 32 1342 0.325
19 33 1279 0.505
19 34 1356 0.421
19 35 1369 0.441
19 36 1141 0.459
19 37 1083 0.573
19 38 994 0.412
19 39 1261 0.436
19 40 1092 0.419
19 41 142 0.483
19 42 169 0.452
19 43 1044 0.36
19 44 1028 0.44
19 45 1192 0.429
19 46 1312 0.265
19 47 1099 0.424
19 48 1144 0.222
20 1 1404 0.424
20 2 1330 0.453
20 3 1405 0.389
20 4 1495 0.368
20 5 987 0.44
20 6 0 0.0
20 7 1601 0.39
20 8 1277 0.369
20 9 1390 0.547
20 10 1438 0.425
20 11 1377 0.374
20 12 1216 0.486
20 13 1168 0.45
20 14 1435 0.376
20 15 1379 0.46
20 16 1246 0.427
20 17 1218 0.376
20 18 1474 0.449
20 19 1332 0.386
20 20 1201 0.503
20 21 1188 0.421
20 22 1240 0.257
20 23 1302 0.543
20 24 1239 0.318
20 25 1301 0.337
20 26 1240 0.365
20 27 1431 0.452
20 28 1291 0.361
20 29 1356 0.324
20 30 1039 0.382
20 31 1266 0.406
20 32 977 0.439
20 33 927 0.431
20 34 1450 0.37
20 35 998 0.494
20 36 945 0.341
20 37 1007 0.503
20 38 942 0.5
20 39 1110 0.382
20 40 1096 0.496
20 41 1255 0.354
20 42 1177 0.543
20 43 990 0.448
20 44 1345 0.35
20 45 1132 0.428
20 46 986 0.53
20 47 1023 0.238
20 48 1251 0.229
21 1 1776 0.349
21 2 1249 0.516
21 3 1591 0.369
21 4 1612 0.429
21 5 1031 0.453
21 6 1552 0.403
21 7 1518 0.441
21 8 1415 0.562
21 9 1124 0.414
21 10 1111 0.477
21 11 1313 0.514
21 12 1305 0.435
21 13 1358 0.35
21 14 1282 0.511
21 15 1669 0.322
21 16 1551 0.325
21 17 1715 0.407
21 18 1450 0.417
21 19 1120 0.464
21 20 1217 0.514
21 21 1570 0.33
21 22 1218 0.411
21 23 1298 0.384
21 24 1189 0.364
21 25 1203 0.552
21 26 1118 0.366
21 27 1612 0.331
21 28 1382 0.441
21 29 1093 0.338
21 30 1042 0.467
21 31 1479 0.379
21 32 1298 0.391
21 33 1097 0.383
21 34 1146 0.411
21 35 1218 0.405
21 36 1285 0.442
21 37 1605 0.516
21 38 1318 0.332
21 39 1076 0.382
21 40 1072 0.568
21 41 1249 0.421
21 42 1122 0.507
21 43 1080 0.411
21 44 1115 0.432
21 45 1095 0.39
21 46 1268 0.537
21 47 1288 0.369
21 48 1245 0.463
22 1 1731 0.4
22 2 1385 0.379
22 3 1749 0.335
22 4 1717 0.41
22 5 1439 0.488
22 6 1332 0.489
22 7 1409 0.486
22 8 1194 0.415
22 9 1258 0.39
22 10 1513 0.452
22 11 1220 0.421
22 12 1452 0.284
22 13 1512 0.484
22 14 1545 0.33
22 15 1488 0.401
22 16 1336 0.361
22 17 1363 0.379
22 18 1399 0.408
22 19 1229 0.452
22 20 1430 0.341
22 21 1210 0.417
22 22 1422 0.417
22 23 1049 0.351
22 24 977 0.394
22 25 1150 0.315
22 26 1253 0.51
22 27 1429 0.399
22 28 1419 0.315
22 29 357 0.259
22 30 363 0.412
22 31 167 0.306
22 32 1189 0.455
22 33 1622 0.274
22 34 1237 0.402
22 35 1113 0.468
22 36 962 0.441
22 37 1301 0.479
22 38 1203 0.369
22 39 959 0.432
22 40 970 0.523
22 41 1301 0.283
22 42 1088 0.428
22 43 994 0.351
22 44 1181 0.287
22 45 1182 0.491
22 46 1148 0.435
22 47 1357 0.385
22 48 1394 0.332
23 1 2224 0.397
23 2 1807 0.339
23 3 1662 0.366
23 4 1529 0.328
23 5 1362 0.461
23 6 1184 0.499
23 7 1235 0.435
23 8 1388 0.351
23 9 1789 0.458
23 10 1247 0.436
23 11 893 0.445
23 12 1338 0.424
23 13 937 0.565
23 14 1210 0.445
23 15 1056 0.478
23 16 1405 0.37
23 17 1577 0.396
23 18 1739 0.341
23 19 1616 0.318
23 20 1643 0.327
23 21 1339 0.302
23 22 1286 0.381
23 23 1156 0.455
23 24 1301 0.335
23 25 1271 0.421
23 26 1271 0.503
23 27 1367 0.416
23 28 1276 0.359
23 29 1302 0.302
23 30 1071 0.408
23 31 1113 0.374
23 32 961 0.349
23 33 1151 0.388
23 34 1062 0.558
23 35 1307 0.53
23 36 1178 0.494
23 37 408 0.625
23 38 906 0.472
23 39 1173 0.363
23 40 1178 0.464
23 41 254 0.429
23 42 177 0.5
23 43 1394 0.343
23 44 1214 0.552
23 45 1268 0.417
23 46 1286 0.435
23 47 1060 0.464
23 48 1315 0.334
24 1 2887 0.438
24 2 1719 0.343
24 3 1523 0.407
24 4 1328 0.425
24 5 1394 0.325
24 6 1304 0.406
24 7 1302 0.421
24 8 1170 0.439
24 9 1285 0.488
24 10 1707 0.423
24 11 1264 0.427
24 12 1435 0.482
24 13 604 0.508
24 14 690 0.347
24 15 1322 0.44
24 16 1327 0.469
24 17 1560 0.391
24 18 1161 0.425
24 19 1288 0.424
24 20 1497 0.358
24 21 1135 0.426
24 22 1320 0.433
24 23 1197 0.416
24 24 1125 0.515
24 25 1306 0.49
24 26 1285 0.454
24 27 1390 0.415
24 28 1328 0.461
24 29 1228 0.421
24 30 1278 0.419
24 31 1352 0.452
24 32 962 0.462
24 33 1210 0.43
24 34 1359 0.396
24 35 1045 0.51
24 36 1048 0.382
24 37 1207 0.586
24 38 1093 0.471
24 39 1183 0.336
24 40 1071 0.41
24 41 1361 0.37
24 42 1366 0.358
24 43 1117 0.325
24 44 1074 0.366
24 45 1342 0.407
24 46 1187 0.518
24 47 1159 0.381
24 48 1340 0.328
25 1 1910 0.502
25 2 2097 0.316
25 3 1207 0.347
25 4 1741 0.451
25 5 1297 0.501
25 6 1373 0.465
25 7 1388 0.349
25 8 1405 0.336
25 9 1052 0.501
25 10 1049 0.561
25 11 1273 0.442
25 12 1846 0.446
25 13 1484 0.461
25 14 1439 0.436
25 15 1387 0.426
25 16 1539 0.405
25 17 1384 0.418
25 18 1403 0.415
25 19 1352 0.353
25 20 1397 0.454
25 21 1308 0.419
25 22 1383 0.558
25 23 1325 0.377
25 24 1290 0.537
25 25 1108 0.429
25 26 1476 0.372
25 27 1121 0.414
25 28 1159 0.418
25 29 1247 0.512
25 30 1311 0.38
25 31 1309 0.34
25 32 1263 0.391
25 33 1232 0.414
25 34 1489 0.556
25 35 989 0.387
25 36 1209 0.352
25 37 1187 0.365
25 38 1353 0.385
25 39 1090 0.481
25 40 973 0.41
25 41 1444 0.399
25 42 1231 0.378
25 43 1094 0.42
25 44 1221 0.314
25 45 989 0.464
25 46 1132 0.462
25 47 1307 0.42
25 48 1523 0.271
26 1 2374 0.383
26 2 1672 0.291
26 3 1638 0.408
26 4 1588 0.354
26 5 1538 0.382
26 6 1393 0.471
26 7 1541 0.438
26 8 1158 0.474
26 9 1524 0.327
26 10 1726 0.432
26 11 1281 0.438
26 12 1378 0.422
26 13 1932 0.457
26 14 1410 0.349
26 15 1522 0.414
26 16 1526 0.405
26 17 1476 0.324
26 18 1073 0.385
26 19 1332 0.495
26 20 1379 0.37
26 21 1138 0.377
26 22 1022 0.555
26 23 1340 0.355
26 24 1246 0.366
26 25 1141 0.381
26 26 1111 0.543
26 27 1314 0.369
26 28 1225 0.423
26 29 161 0.529
26 30 242 0.499
26 31 1732 0.308
26 32 1219 0.451
26 33 1286 0.479
26 34 1189 0.313
26 35 1207 0.371
26 36 1261 0.481
26 37 1089 0.474
26 38 1294 0.499
26 39 1255 0.407
26 40 1287 0.4
26 41 1244 0.443
26 42 1004 0.431
26 43 1183 0.481
26 44 994 0.377
26 45 1192 0.446
26 46 1248 0.377
26 47 544 0.55
26 48 754 0.544
27 1 2041 0.319
27 2 1648 0.478
27 3 1538 0.426
27 4 1645 0.298
27 5 1356 0.396
27 6 1208 0.37
27 7 1442 0.347
27 8 1488 0.477
27 9 1397 0.464
27 10 1405 0.423
27 11 654 0.425
27 12 706 0.465
27 13 1392 0.512
27 14 1507 0.402
27 15 1492 0.432
27 16 1471 0.491
27 17 1652 0.347
27 18 1329 0.467
27 19 1558 0.321
27 20 1320 0.354
27 21 1819 0.441
27 22 1362 0.273
27 23 1421 0.462
27 24 1350 0.325
27 25 1362 0.432
27 26 1436 0.422
27 27 1450 0.48
27 28 1524 0.314
27 29 1802 0.283
27 30 1452 0.339
27 31 1084 0.449
27 32 1016 0.472
27 33 1385 0.477
27 34 1407 0.441
27 35 1224 0.463
27 36 1178 0.474
27 37 1235 0.449
27 38 1289 0.329
27 39 1280 0.459
27 40 1232 0.549
27 41 1114 0.409
27 42 1128 0.481
27 43 723 0.507
27 44 1143 0.48
27 45 1355 0.301
27 46 1347 0.358
27 47 1441 0.391
27 48 1597 0.287
28 1 2615 0.349
28 2 1732 0.381
28 3 1427 0.47
28 4 1671 0.437
28 5 1343 0.415
28 6 1475 0.393
28 7 1747 0.365
28 8 1414 0.387
28 9 1471 0.471
28 10 1445 0.502
28 11 1850 0.423
28 12 1269 0.477
28 13 1295 0.379
28 14 1182 0.552
28 15 1338 0.408
28 16 1364 0.391
28 17 1176 0.443
28 18 1307 0.486
28 19 1382 0.336
28 20 1326 0.527
28 21 1232 0.541
28 22 1229 0.462
28 23 1347 0.451
28 24 1501 0.456
28 25 1107 0.434
28 26 1197 0.471
28 27 1324 0.355
28 28 1218 0.449
28 29 1302 0.424
28 30 1215 0.485
28 31 1391 0.419
28 32 1582 0.388
28 33 1163 0.432
28 34 864 0.429
28 35 933 0.473
28 36 1299 0.48
28 37 1140 0.424
28 38 1100 0.529
28 39 1269 0.467
28 40 1175 0.448
28 41 1074 0.421
28 42 1182 0.462
28 43 1444 0.421
28 44 1145 0.455
28 45 1272 0.478
28 46 1288 0.508
28 47 1109 0.419
28 48 1530 0.374
29 1 1481 0.428
29 2 1257 0.464
29 3 1536 0.276
29 4 1358 0.335
29 5 1289 0.379
29 6 1442 0.481
29 7 1673 0.351
29 8 1443 0.527
29 9 1374 0.334
29 10 1661 0.427
29 11 1289 0.4
29 12 1239 0.436
29 13 976 0.441
29 14 1366 0.439
29 15 1328 0.543
29 16 1037 0.386
29 17 1451 0.339
29 18 1452 0.436
29 19 1349 0.391
29 20 1889 0.37
29 21 1576 0.438
29 22 1464 0.428
29 23 1234 0.398
29 24 1393 0.449
29 25 1357 0.495
29 26 1430 0.476
29 27 1804 0.455
29 28 1151 0.478
29 29 1438 0.404
29 30 1313 0.4
29 31 1297 0.374
29 32 1396 0.5
29 33 1288 0.44
29 34 1289 0.485
29 35 1368 0.37
29 36 1305 0.471
29 37 1238 0.518
29 38 1338 0.354
29 39 1335 0.489
29 40 1180 0.362
29 41 1265 0.455
29 42 1134 0.445
29 43 1334 0.451
29 44 1304 0.321
29 45 1221 0.512
29 46 1735 0.437
29 47 545 0.207
29 48 873 0.351
30 1 2376 0.38
30 2 1702 0.503
30 3 1995 0.331
30 4 1475 0.37
30 5 1568 0.351
30 6 1365 0.396
30 7 1598 0.407
30 8 1548 0.41
30 9 927 0.512
30 10 1058 0.488
30 11 1368 0.49
30 12 1635 0.435
30 13 1431 0.414
30 14 1510 0.426
30 15 1567 0.402
30 16 1622 0.527
30 17 1342 0.449
30 18 1399 0.523
30 19 1577 0.467
30 20 1592 0.44
30 21 1500 0.426
30 22 1280 0.315
30 23 1558 0.416
30 24 1355 0.476
30 25 1286 0.417
30 26 1491 0.392
30 27 1253 0.435
30 28 1197 0.599
30 29 989 0.436
30 30 965 0.43
30 31 1515 0.389
30 32 1508 0.439
30 33 1465 0.447
30 34 1370 0.491
30 35 1313 0.444
30 36 1142 0.318
30 37 1302 0.389
30 38 1266 0.363
30 39 1322 0.458
30 40 1104 0.274
30 41 1210 0.368
30 42 1210 0.516
30 43 1262 0.568
30 44 1364 0.436
30 45 1865 0.335
30 46 1565 0.449
30 47 1895 0.362
30 48 1448 0.297
31 1 1643 0.408
31 2 1453 0.367
31 3 1758 0.359
31 4 1842 0.309
31 5 1644 0.278
31 6 1475 0.486
31 7 1349 0.389
31 8 1569 0.368
31 9 2190 0.341
31 10 1574 0.327
31 11 1487 0.455
31 12 1648 0.492
31 13 0 0.0
31 14 0 0.0
31 15 2243 0.39
31 16 1383 0.521
31 17 1637 0.486
31 18 1424 0.448
31 19 1533 0.455
31 20 1678 0.394
31 21 1627 0.366
31 22 1439 0.49
31 23 1678 0.438
31 24 1727 0.506
31 25 1634 0.484
31 26 1472 0.485
31 27 1518 0.489
31 28 1388 0.435
31 29 1968 0.446
31 30 1129 0.427
31 31 1215 0.424
31 32 1233 0.453
31 33 1382 0.469
31 34 992 0.397
31 35 1789 0.314
31 36 1289 0.458
31 37 1505 0.438
31 38 1336 0.484
31 39 1511 0.414
31 40 1425 0.508
31 41 1341 0.404
31 42 1343 0.504
31 43 1469 0.405
31 44 1425 0.402
31 45 1573 0.468
31 46 1535 0.535
31 47 1357 0.514
31 48 1085 0.274
32 1 1927 0.567
32 2 2080 0.425
32 3 1622 0.364
32 4 1968 0.29
32 5 2009 0.459
32 6 2361 0.338
32 7 1799 0.458
32 8 1771 0.421
32 9 1698 0.412
32 10 1851 0.341
32 11 1761 0.466
32 12 1569 0.523
32 13 1336 0.524
32 14 877 0.479
32 15 1801 0.388
32 16 1579 0.425
32 17 1516 0.579
32 18 1664 0.44
32 19 2400 0.429
32 20 1519 0.498
32 21 1635 0.45
32 22 1911 0.439
32 23 1878 0.499
32 24 1584 0.426
32 25 1443 0.45
32 26 1497 0.5
32 27 1735 0.508
32 28 1635 0.501
32 29 1388 0.465
32 30 1529 0.377
32 31 1708 0.474
32 32 1817 0.485
32 33 1522 0.448
32 34 1298 0.468
32 35 1811 0.299
32 36 1667 0.428
32 37 1813 0.403
32 38 1735 0.493
32 39 1424 0.469
32 40 1326 0.444
32 41 1747 0.448
32 42 1453 0.38
32 43 1379 0.479
32 44 1556 0.482
32 45 2110 0.359
32 46 1757 0.45
32 47 1629 0.427
32 48 1371 0.288
