row  column  size-1  circ-1
1 1 1990 0.358
1 2 1451 0.538
1 3 1801 0.381
1 4 1495 0.413
1 5 1797 0.305
1 6 1697 0.391
1 7 1461 0.339
1 8 1057 0.455
1 9 1341 0.35
1 10 1204 0.457
1 11 1391 0.442
1 12 1379 0.279
1 13 1110 0.421
1 14 1293 0.488
1 15 844 0.586
1 16 458 0.73
1 17 2264 0.361
1 18 1731 0.322
1 19 489 0.626
1 20 731 0.402
1 21 1413 0.476
1 22 1359 0.286
1 23 363 0.549
1 24 1329 0.401
1 25 1074 0.56
1 26 1725 0.366
1 27 1239 0.471
1 28 1276 0.305
1 29 785 0.596
1 30 1655 0.33
1 31 1297 0.333
1 32 1195 0.331
1 33 1230 0.326
1 34 1440 0.411
1 35 1305 0.366
1 36 1279 0.308
1 37 1174 0.31
1 38 1281 0.346
1 39 1133 0.351
1 40 1610 0.341
1 41 926 0.461
1 42 1029 0.377
1 43 1456 0.423
1 44 1564 0.411
1 45 280 0.705
1 46 224 0.728
1 47 1096 0.431
1 48 1197 0.252
2 1 2134 0.233
2 2 1114 0.281
2 3 1211 0.37
2 4 1040 0.467
2 5 1313 0.242
2 6 1191 0.334
2 7 1184 0.322
2 8 875 0.379
2 9 1417 0.212
2 10 1162 0.383
2 11 952 0.366
2 12 681 0.438
2 13 838 0.313
2 14 677 0.292
2 15 897 0.328
2 16 1095 0.346
2 17 948 0.298
2 18 1430 0.335
2 19 1085 0.286
2 20 1029 0.453
2 21 823 0.319
2 22 982 0.361
2 23 601 0.447
2 24 940 0.358
2 25 1036 0.252
2 26 467 0.668
2 27 897 0.393
2 28 975 0.374
2 29 519 0.396
2 30 730 0.339
2 31 717 0.331
2 32 853 0.443
2 33 906 0.428
2 34 936 0.37
2 35 790 0.413
2 36 778 0.415
2 37 750 0.266
2 38 847 0.283
2 39 883 0.501
2 40 780 0.282
2 41 835 0.365
2 42 1048 0.356
2 43 850 0.347
2 44 888 0.367
2 45 789 0.314
2 46 1018 0.327
2 47 662 0.548
2 48 658 0.136
3 1 1527 0.266
3 2 1265 0.445
3 3 1619 0.365
3 4 919 0.356
3 5 1046 0.459
3 6 1070 0.24
3 7 928 0.298
3 8 1012 0.351
3 9 845 0.482
3 10 758 0.439
3 11 988 0.315
3 12 765 0.356
3 13 918 0.283
3 14 880 0.23
3 15 581 0.465
3 16 440 0.377
3 17 936 0.284
3 18 957 0.27
3 19 908 0.357
3 20 864 0.34
3 21 391 0.324
3 22 438 0.256
3 23 777 0.327
3 24 759 0.408
3 25 718 0.529
3 26 1018 0.223
3 27 780 0.299
3 28 686 0.447
3 29 801 0.332
3 30 991 0.246
3 31 709 0.401
3 32 754 0.328
3 33 501 0.48
3 34 670 0.322
3 35 798 0.361
3 36 717 0.292
3 37 768 0.379
3 38 646 0.537
3 39 720 0.461
3 40 662 0.289
3 41 863 0.307
3 42 700 0.215
3 43 715 0.419
3 44 684 0.328
3 45 758 0.344
3 46 939 0.365
3 47 630 0.41
3 48 669 0.41
4 1 2026 0.216
4 2 1441 0.315
4 3 1373 0.269
4 4 783 0.501
4 5 1277 0.287
4 6 767 0.317
4 7 964 0.389
4 8 1221 0.24
4 9 753 0.414
4 10 962 0.34
4 11 933 0.349
4 12 799 0.334
4 13 886 0.269
4 14 848 0.273
4 15 1032 0.283
4 16 857 0.162
4 17 846 0.239
4 18 458 0.26
4 19 653 0.263
4 20 870 0.355
4 21 846 0.27
4 22 712 0.202
4 23 474 0.483
4 24 912 0.29
4 25 725 0.514
4 26 622 0.36
4 27 888 0.373
4 28 808 0.333
4 29 732 0.258
4 30 446 0.437
4 31 685 0.252
4 32 739 0.292
4 33 1140 0.28
4 34 778 0.356
4 35 563 0.293
4 36 737 0.335
4 37 713 0.393
4 38 663 0.386
4 39 829 0.378
4 40 772 0.319
4 41 750 0.254
4 42 718 0.393
4 43 488 0.517
4 44 879 0.435
4 45 819 0.299
4 46 768 0.301
4 47 881 0.44
4 48 962 0.448
5 1 2166 0.228
5 2 2152 0.214
5 3 1173 0.276
5 4 1424 0.267
5 5 1235 0.284
5 6 665 0.477
5 7 514 0.735
5 8 1228 0.219
5 9 1071 0.261
5 10 1041 0.214
5 11 985 0.25
5 12 1115 0.352
5 13 878 0.374
5 14 1422 0.334
5 15 327 0.548
5 16 312 0.303
5 17 980 0.344
5 18 960 0.327
5 19 393 0.655
5 20 328 0.355
5 21 762 0.267
5 22 753 0.367
5 23 891 0.225
5 24 865 0.256
5 25 674 0.342
5 26 510 0.258
5 27 816 0.267
5 28 795 0.314
5 29 934 0.211
5 30 792 0.264
5 31 779 0.265
5 32 642 0.252
5 33 642 0.282
5 34 558 0.277
5 35 671 0.377
5 36 668 0.397
5 37 806 0.363
5 38 1089 0.183
5 39 681 0.315
5 40 1064 0.281
5 41 39 0.561
5 42 39 0.196
5 43 815 0.404
5 44 680 0.416
5 45 913 0.348
5 46 196 0.485
5 47 1028 0.309
5 48 1582 0.294
6 1 1583 0.277
6 2 1690 0.281
6 3 1452 0.316
6 4 1308 0.375
6 5 1080 0.347
6 6 1047 0.321
6 7 1107 0.279
6 8 1090 0.138
6 9 1052 0.263
6 10 1062 0.388
6 11 923 0.305
6 12 950 0.333
6 13 853 0.292
6 14 767 0.44
6 15 805 0.217
6 16 1106 0.228
6 17 919 0.237
6 18 826 0.325
6 19 873 0.347
6 20 945 0.342
6 21 799 0.241
6 22 704 0.253
6 23 767 0.265
6 24 807 0.322
6 25 814 0.347
6 26 646 0.457
6 27 945 0.297
6 28 865 0.243
6 29 651 0.276
6 30 764 0.302
6 31 711 0.302
6 32 714 0.278
6 33 724 0.222
6 34 707 0.436
6 35 783 0.29
6 36 714 0.383
6 37 673 0.387
6 38 655 0.266
6 39 864 0.448
6 40 660 0.429
6 41 878 0.401
6 42 773 0.486
6 43 370 0.558
6 44 658 0.292
6 45 724 0.398
6 46 1151 0.374
6 47 731 0.328
6 48 1318 0.353
7 1 2144 0.279
7 2 1885 0.251
7 3 1282 0.364
7 4 1220 0.356
7 5 1209 0.268
7 6 1968 0.224
7 7 785 0.277
7 8 977 0.194
7 9 1056 0.238
7 10 897 0.437
7 11 962 0.276
7 12 558 0.452
7 13 949 0.324
7 14 1129 0.21
7 15 785 0.235
7 16 913 0.28
7 17 763 0.236
7 18 767 0.335
7 19 879 0.254
7 20 866 0.29
7 21 854 0.253
7 22 772 0.311
7 23 807 0.207
7 24 797 0.267
7 25 754 0.377
7 26 778 0.197
7 27 1017 0.274
7 28 812 0.336
7 29 856 0.288
7 30 758 0.375
7 31 754 0.213
7 32 861 0.132
7 33 698 0.287
7 34 885 0.356
7 35 521 0.431
7 36 588 0.414
7 37 732 0.361
7 38 596 0.326
7 39 968 0.124
7 40 683 0.319
7 41 745 0.337
7 42 914 0.232
7 43 635 0.355
7 44 655 0.432
7 45 963 0.224
7 46 1045 0.305
7 47 945 0.265
7 48 1744 0.294
8 1 2119 0.278
8 2 1626 0.172
8 3 1389 0.354
8 4 1118 0.218
8 5 1165 0.252
8 6 1031 0.335
8 7 1069 0.23
8 8 935 0.277
8 9 1045 0.316
8 10 976 0.373
8 11 931 0.382
8 12 1404 0.36
8 13 769 0.223
8 14 1105 0.331
8 15 715 0.473
8 16 880 0.211
8 17 866 0.335
8 18 894 0.23
8 19 327 0.652
8 20 724 0.315
8 21 811 0.252
8 22 740 0.286
8 23 696 0.391
8 24 686 0.278
8 25 711 0.211
8 26 945 0.242
8 27 621 0.396
8 28 746 0.285
8 29 957 0.486
8 30 608 0.382
8 31 630 0.391
8 32 611 0.188
8 33 666 0.232
8 34 700 0.293
8 35 619 0.302
8 36 863 0.339
8 37 796 0.284
8 38 805 0.298
8 39 843 0.264
8 40 736 0.326
8 41 673 0.38
8 42 677 0.318
8 43 711 0.288
8 44 809 0.343
8 45 1168 0.289
8 46 1001 0.22
8 47 1153 0.309
8 48 1379 0.419
9 1 1899 0.362
9 2 1176 0.396
9 3 1543 0.29
9 4 637 0.398
9 5 1135 0.302
9 6 1096 0.176
9 7 1215 0.222
9 8 1039 0.261
9 9 1047 0.314
9 10 919 0.435
9 11 663 0.433
9 12 1419 0.279
9 13 933 0.266
9 14 825 0.36
9 15 403 0.332
9 16 383 0.241
9 17 1308 0.212
9 18 1769 0.353
9 19 721 0.413
9 20 835 0.316
9 21 802 0.335
9 22 863 0.293
9 23 713 0.267
9 24 889 0.124
9 25 843 0.294
9 26 726 0.343
9 27 896 0.345
9 28 718 0.271
9 29 940 0.32
9 30 804 0.295
9 31 986 0.313
9 32 994 0.276
9 33 735 0.353
9 34 733 0.236
9 35 783 0.361
9 36 704 0.319
9 37 489 0.645
9 38 737 0.294
9 39 639 0.456
9 40 732 0.304
9 41 814 0.295
9 42 830 0.331
9 43 1124 0.202
9 44 1048 0.298
9 45 167 0.502
9 46 61 0.184
9 47 1367 0.227
9 48 1445 0.337
10 1 1925 0.279
10 2 908 0.372
10 3 1223 0.35
10 4 1652 0.409
10 5 1221 0.339
10 6 1181 0.398
10 7 907 0.256
10 8 1016 0.397
10 9 1013 0.339
10 10 923 0.227
10 11 1152 0.13
10 12 1034 0.193
10 13 949 0.229
10 14 889 0.352
10 15 946 0.322
10 16 964 0.275
10 17 820 0.314
10 18 818 0.414
10 19 705 0.324
10 20 824 0.363
10 21 1076 0.205
10 22 913 0.331
10 23 784 0.341
10 24 763 0.378
10 25 731 0.368
10 26 822 0.23
10 27 867 0.269
10 28 769 0.287
10 29 790 0.332
10 30 603 0.41
10 31 871 0.24
10 32 692 0.352
10 33 686 0.373
10 34 724 0.156
10 35 776 0.441
10 36 805 0.237
10 37 833 0.374
10 38 787 0.469
10 39 753 0.527
10 40 737 0.344
10 41 794 0.343
10 42 733 0.313
10 43 960 0.362
10 44 866 0.312
10 45 973 0.276
10 46 1132 0.321
10 47 1133 0.416
10 48 1623 0.402
11 1 1792 0.491
11 2 1249 0.314
11 3 1558 0.235
11 4 358 0.183
11 5 1329 0.315
11 6 1243 0.228
11 7 1198 0.317
11 8 1384 0.231
11 9 1158 0.253
11 10 1545 0.179
11 11 1080 0.425
11 12 940 0.226
11 13 1059 0.287
11 14 959 0.344
11 15 1221 0.203
11 16 623 0.364
11 17 921 0.343
11 18 764 0.295
11 19 1074 0.369
11 20 853 0.294
11 21 821 0.358
11 22 842 0.269
11 23 898 0.278
11 24 769 0.235
11 25 694 0.292
11 26 999 0.218
11 27 984 0.314
11 28 758 0.389
11 29 843 0.295
11 30 1582 0.264
11 31 761 0.278
11 32 681 0.297
11 33 838 0.29
11 34 829 0.323
11 35 833 0.3
11 36 1411 0.165
11 37 674 0.293
11 38 779 0.256
11 39 930 0.37
11 40 741 0.326
11 41 842 0.291
11 42 869 0.277
11 43 880 0.27
11 44 649 0.274
11 45 1067 0.312
11 46 902 0.392
11 47 618 0.561
11 48 1186 0.316
12 1 1699 0.413
12 2 1243 0.253
12 3 915 0.427
12 4 1387 0.209
12 5 1438 0.278
12 6 1141 0.325
12 7 1197 0.268
12 8 1024 0.28
12 9 1026 0.268
12 10 1013 0.268
12 11 1006 0.303
12 12 729 0.227
12 13 1124 0.24
12 14 1087 0.214
12 15 1016 0.327
12 16 801 0.295
12 17 927 0.453
12 18 890 0.378
12 19 861 0.409
12 20 568 0.443
12 21 906 0.301
12 22 914 0.345
12 23 872 0.294
12 24 827 0.482
12 25 790 0.459
12 26 703 0.319
12 27 814 0.257
12 28 798 0.332
12 29 935 0.35
12 30 981 0.218
12 31 788 0.272
12 32 708 0.288
12 33 850 0.305
12 34 842 0.293
12 35 533 0.263
12 36 989 0.379
12 37 625 0.284
12 38 699 0.393
12 39 823 0.369
12 40 876 0.314
12 41 846 0.293
12 42 704 0.359
12 43 891 0.303
12 44 831 0.244
12 45 778 0.302
12 46 772 0.279
12 47 842 0.334
12 48 1272 0.301
13 1 2079 0.278
13 2 1471 0.232
13 3 1635 0.369
13 4 1421 0.275
13 5 1580 0.145
13 6 466 0.714
13 7 889 0.361
13 8 1196 0.316
13 9 1351 0.263
13 10 1188 0.21
13 11 919 0.387
13 12 971 0.325
13 13 1363 0.164
13 14 1006 0.206
13 15 412 0.331
13 16 1109 0.27
13 17 371 0.177
13 18 310 0.604
13 19 857 0.361
13 20 687 0.336
13 21 1541 0.189
13 22 1054 0.277
13 23 656 0.391
13 24 570 0.464
13 25 111 0.559
13 26 713 0.353
13 27 424 0.623
13 28 485 0.488
13 29 1017 0.227
13 30 832 0.45
13 31 1007 0.222
13 32 806 0.413
13 33 906 0.31
13 34 786 0.286
13 35 906 0.438
13 36 570 0.458
13 37 292 0.421
13 38 65 0.343
13 39 875 0.284
13 40 632 0.498
13 41 579 0.497
13 42 545 0.307
13 43 1019 0.363
13 44 945 0.199
13 45 99 0.394
13 46 142 0.565
13 47 926 0.311
13 48 1162 0.227
14 1 1256 0.363
14 2 1182 0.361
14 3 995 0.414
14 4 1138 0.382
14 5 846 0.333
14 6 1106 0.345
14 7 1222 0.436
14 8 967 0.35
14 9 1132 0.252
14 10 1085 0.218
14 11 965 0.43
14 12 904 0.32
14 13 953 0.228
14 14 962 0.368
14 15 879 0.419
14 16 810 0.494
14 17 1791 0.436
14 18 905 0.224
14 19 762 0.313
14 20 937 0.307
14 21 832 0.302
14 22 801 0.279
14 23 813 0.223
14 24 777 0.247
14 25 1030 0.258
14 26 949 0.274
14 27 1118 0.387
14 28 563 0.43
14 29 953 0.25
14 30 656 0.271
14 31 861 0.426
14 32 746 0.308
14 33 1599 0.322
14 34 690 0.347
14 35 761 0.481
14 36 928 0.325
14 37 863 0.317
14 38 809 0.334
14 39 792 0.295
14 40 832 0.314
14 41 734 0.287
14 42 795 0.336
14 43 981 0.315
14 44 909 0.332
14 45 1135 0.307
14 46 880 0.399
14 47 827 0.313
14 48 1276 0.293
15 1 1244 0.417
15 2 1080 0.295
15 3 1407 0.212
15 4 1589 0.269
15 5 1259 0.344
15 6 1079 0.306
15 7 1040 0.326
15 8 1135 0.382
15 9 994 0.318
15 10 966 0.31
15 11 934 0.325
15 12 950 0.322
15 13 980 0.243
15 14 1064 0.367
15 15 1167 0.247
15 16 1019 0.3
15 17 928 0.396
15 18 938 0.386
15 19 870 0.382
15 20 1020 0.277
15 21 806 0.268
15 22 1017 0.288
15 23 960 0.481
15 24 751 0.409
15 25 789 0.362
15 26 762 0.362
15 27 788 0.358
15 28 843 0.346
15 29 707 0.247
15 30 767 0.199
15 31 746 0.231
15 32 881 0.426
15 33 821 0.279
15 34 824 0.238
15 35 891 0.411
15 36 782 0.255
15 37 952 0.323
15 38 764 0.424
15 39 715 0.323
15 40 959 0.255
15 41 885 0.264
15 42 920 0.263
15 43 848 0.241
15 44 700 0.269
15 45 958 0.231
15 46 713 0.332
15 47 935 0.358
15 48 1206 0.306
16 1 1684 0.413
16 2 1030 0.309
16 3 1398 0.421
16 4 1240 0.343
16 5 1140 0.302
16 6 1233 0.364
16 7 1182 0.247
16 8 975 0.373
16 9 1041 0.258
16 10 1057 0.243
16 11 1095 0.275
16 12 1141 0.417
16 13 1026 0.359
16 14 686 0.529
16 15 1025 0.423
16 16 966 0.345
16 17 805 0.353
16 18 866 0.303
16 19 892 0.305
16 20 919 0.224
16 21 997 0.323
16 22 1081 0.339
16 23 1030 0.334
16 24 933 0.311
16 25 901 0.245
16 26 878 0.494
16 27 1074 0.275
16 28 1037 0.322
16 29 902 0.544
16 30 975 0.22
16 31 834 0.28
16 32 636 0.39
16 33 901 0.282
16 34 730 0.263
16 35 792 0.215
16 36 817 0.259
16 37 851 0.344
16 38 702 0.39
16 39 768 0.195
16 40 840 0.241
16 41 722 0.238
16 42 782 0.27
16 43 722 0.309
16 44 800 0.25
16 45 815 0.289
16 46 850 0.296
16 47 613 0.345
16 48 1739 0.429
17 1 1827 0.294
17 2 1888 0.366
17 3 1302 0.392
17 4 1528 0.267
17 5 1243 0.282
17 6 1207 0.453
17 7 975 0.384
17 8 1178 0.278
17 9 1049 0.41
17 10 1160 0.213
17 11 889 0.227
17 12 862 0.398
17 13 1049 0.337
17 14 937 0.346
17 15 480 0.411
17 16 430 0.404
17 17 1146 0.358
17 18 797 0.234
17 19 1712 0.279
17 20 2061 0.307
17 21 88 0.543
17 22 103 0.569
17 23 965 0.213
17 24 831 0.154
17 25 2054 0.333
17 26 831 0.338
17 27 33 0.274
17 28 59 0.571
17 29 1412 0.218
17 30 916 0.291
17 31 885 0.338
17 32 957 0.262
17 33 859 0.19
17 34 796 0.184
17 35 815 0.283
17 36 877 0.306
17 37 911 0.228
17 38 1185 0.213
17 39 711 0.283
17 40 521 0.438
17 41 649 0.354
17 42 582 0.28
17 43 947 0.297
17 44 840 0.341
17 45 1747 0.206
17 46 0 0.0
17 47 906 0.383
17 48 1348 0.301
18 1 1564 0.39
18 2 1347 0.331
18 3 1396 0.21
18 4 1124 0.272
18 5 1531 0.323
18 6 1213 0.302
18 7 1048 0.233
18 8 1079 0.265
18 9 1228 0.228
18 10 1013 0.336
18 11 897 0.353
18 12 918 0.299
18 13 1107 0.37
18 14 953 0.326
18 15 1016 0.412
18 16 1378 0.233
18 17 1027 0.263
18 18 1000 0.179
18 19 945 0.432
18 20 765 0.354
18 21 995 0.334
18 22 1027 0.297
18 23 956 0.461
18 24 769 0.406
18 25 1875 0.392
18 26 794 0.277
18 27 959 0.36
18 28 828 0.443
18 29 787 0.46
18 30 781 0.354
18 31 917 0.271
18 32 871 0.326
18 33 704 0.322
18 34 746 0.34
18 35 740 0.322
18 36 719 0.316
18 37 747 0.366
18 38 631 0.293
18 39 919 0.289
18 40 898 0.249
18 41 796 0.318
18 42 972 0.298
18 43 786 0.223
18 44 723 0.331
18 45 980 0.355
18 46 990 0.259
18 47 739 0.409
18 48 1290 0.35
19 1 2054 0.297
19 2 1438 0.269
19 3 1605 0.249
19 4 1887 0.2
19 5 870 0.405
19 6 1104 0.348
19 7 900 0.418
19 8 1109 0.442
19 9 1166 0.377
19 10 1217 0.222
19 11 1408 0.242
19 12 1063 0.373
19 13 918 0.381
19 14 2339 0.284
19 15 879 0.304
19 16 930 0.259
19 17 972 0.413
19 18 652 0.446
19 19 1019 0.327
19 20 868 0.365
19 21 1025 0.266
19 22 881 0.312
19 23 738 0.388
19 24 1028 0.347
19 25 830 0.316
19 26 836 0.3
19 27 689 0.277
19 28 924 0.315
19 29 868 0.393
19 30 793 0.374
19 31 791 0.488
19 32 1738 0.291
19 33 672 0.258
19 34 944 0.316
19 35 997 0.157
19 36 959 0.202
19 37 1021 0.278
19 38 958 0.344
19 39 742 0.395
19 40 979 0.368
19 41 838 0.206
19 42 759 0.267
19 43 888 0.385
19 44 737 0.28
19 45 976 0.246
19 46 643 0.295
19 47 835 0.35
19 48 1126 0.358
20 1 2087 0.356
20 2 1014 0.42
20 3 965 0.264
20 4 985 0.287
20 5 1246 0.343
20 6 1378 0.221
20 7 1254 0.288
20 8 829 0.324
20 9 1212 0.266
20 10 895 0.329
20 11 1096 0.294
20 12 1314 0.165
20 13 1137 0.323
20 14 1005 0.422
20 15 1313 0.32
20 16 1179 0.323
20 17 1021 0.364
20 18 1166 0.221
20 19 642 0.367
20 20 2004 0.325
20 21 879 0.283
20 22 802 0.342
20 23 860 0.367
20 24 856 0.27
20 25 854 0.258
20 26 963 0.347
20 27 815 0.404
20 28 1062 0.248
20 29 949 0.27
20 30 985 0.309
20 31 674 0.481
20 32 1035 0.205
20 33 934 0.372
20 34 801 0.314
20 35 711 0.289
20 36 877 0.347
20 37 935 0.27
20 38 853 0.244
20 39 617 0.318
20 40 959 0.204
20 41 710 0.456
20 42 905 0.256
20 43 933 0.271
20 44 943 0.265
20 45 930 0.37
20 46 1085 0.335
20 47 830 0.313
20 48 1209 0.348
21 1 1029 0.48
21 2 1966 0.333
21 3 1234 0.309
21 4 1331 0.322
21 5 1055 0.219
21 6 1294 0.28
21 7 1713 0.18
21 8 1143 0.366
21 9 1013 0.275
21 10 832 0.275
21 11 1212 0.245
21 12 1112 0.295
21 13 914 0.528
21 14 21 0.277
21 15 428 0.379
21 16 862 0.317
21 17 1340 0.273
21 18 1666 0.266
21 19 957 0.366
21 20 992 0.387
21 21 1078 0.208
21 22 883 0.232
21 23 1830 0.287
21 24 889 0.378
21 25 909 0.277
21 26 789 0.297
21 27 1954 0.271
21 28 585 0.37
21 29 968 0.324
21 30 882 0.255
21 31 790 0.278
21 32 815 0.41
21 33 957 0.267
21 34 959 0.4
21 35 985 0.399
21 36 763 0.278
21 37 1040 0.319
21 38 874 0.497
21 39 879 0.286
21 40 871 0.198
21 41 664 0.325
21 42 602 0.318
21 43 950 0.29
21 44 1103 0.354
21 45 0 0.0
21 46 1042 0.329
21 47 1022 0.259
21 48 1286 0.494
22 1 2214 0.281
22 2 1225 0.304
22 3 1065 0.367
22 4 1455 0.218
22 5 1017 0.434
22 6 821 0.485
22 7 982 0.217
22 8 881 0.406
22 9 1212 0.186
22 10 1180 0.324
22 11 974 0.249
22 12 1409 0.341
22 13 909 0.277
22 14 1519 0.198
22 15 1000 0.408
22 16 1082 0.287
22 17 1126 0.322
22 18 1018 0.314
22 19 969 0.435
22 20 1139 0.29
22 21 1027 0.307
22 22 654 0.353
22 23 683 0.319
22 24 837 0.343
22 25 847 0.259
22 26 870 0.229
22 27 776 0.311
22 28 973 0.361
22 29 820 0.321
22 30 780 0.335
22 31 1078 0.277
22 32 996 0.254
22 33 889 0.387
22 34 861 0.339
22 35 1000 0.392
22 36 928 0.302
22 37 939 0.356
22 38 1003 0.358
22 39 925 0.338
22 40 688 0.237
22 41 1190 0.213
22 42 916 0.23
22 43 825 0.24
22 44 1119 0.343
22 45 1110 0.256
22 46 1025 0.345
22 47 733 0.671
22 48 1630 0.322
23 1 892 0.315
23 2 1233 0.322
23 3 1531 0.249
23 4 2066 0.16
23 5 1155 0.22
23 6 1357 0.376
23 7 672 0.441
23 8 523 0.177
23 9 1374 0.212
23 10 1410 0.216
23 11 1066 0.382
23 12 896 0.208
23 13 898 0.29
23 14 1039 0.235
23 15 850 0.425
23 16 946 0.417
23 17 0 0.0
23 18 47 0.64
23 19 939 0.292
23 20 924 0.394
23 21 842 0.303
23 22 970 0.247
23 23 1025 0.297
23 24 749 0.333
23 25 951 0.328
23 26 881 0.28
23 27 967 0.204
23 28 766 0.339
23 29 1026 0.263
23 30 1070 0.318
23 31 839 0.208
23 32 941 0.464
23 33 862 0.287
23 34 756 0.213
23 35 1037 0.198
23 36 845 0.314
23 37 921 0.299
23 38 911 0.299
23 39 229 0.42
23 40 919 0.367
23 41 983 0.197
23 42 993 0.343
23 43 952 0.195
23 44 919 0.156
23 45 1283 0.481
23 46 1227 0.276
23 47 1279 0.356
23 48 1534 0.39
24 1 2305 0.409
24 2 1578 0.271
24 3 1948 0.244
24 4 861 0.56
24 5 1945 0.236
24 6 1333 0.249
24 7 1383 0.321
24 8 1571 0.23
24 9 744 0.519
24 10 785 0.363
24 11 1202 0.371
24 12 1435 0.398
24 13 1020 0.23
24 14 1245 0.317
24 15 273 0.715
24 16 1175 0.413
24 17 1187 0.282
24 18 1209 0.277
24 19 896 0.394
24 20 1079 0.315
24 21 994 0.27
24 22 1013 0.265
24 23 733 0.477
24 24 922 0.418
24 25 872 0.279
24 26 779 0.502
24 27 746 0.316
24 28 925 0.333
24 29 752 0.453
24 30 864 0.377
24 31 560 0.351
24 32 1327 0.237
24 33 911 0.387
24 34 1045 0.366
24 35 921 0.278
24 36 1404 0.369
24 37 916 0.295
24 38 578 0.384
24 39 1009 0.315
24 40 895 0.326
24 41 775 0.275
24 42 1053 0.262
24 43 606 0.407
24 44 1054 0.304
24 45 1261 0.44
24 46 1292 0.3
24 47 1226 0.208
24 48 1600 0.383
25 1 2110 0.343
25 2 1542 0.313
25 3 1054 0.248
25 4 1545 0.233
25 5 1375 0.416
25 6 1307 0.424
25 7 1016 0.275
25 8 901 0.308
25 9 1444 0.306
25 10 1261 0.416
25 11 526 0.395
25 12 413 0.364
25 13 572 0.555
25 14 427 0.363
25 15 444 0.422
25 16 688 0.337
25 17 507 0.462
25 18 514 0.507
25 19 893 0.345
25 20 981 0.326
25 21 886 0.197
25 22 791 0.363
25 23 1060 0.382
25 24 0 0.0
25 25 2017 0.363
25 26 785 0.31
25 27 1840 0.3
25 28 1740 0.324
25 29 847 0.355
25 30 904 0.231
25 31 982 0.313
25 32 758 0.476
25 33 967 0.314
25 34 1019 0.375
25 35 888 0.241
25 36 840 0.323
25 37 1015 0.403
25 38 1017 0.199
25 39 772 0.325
25 40 1200 0.314
25 41 719 0.264
25 42 696 0.424
25 43 1183 0.288
25 44 1197 0.28
25 45 396 0.398
25 46 358 0.526
25 47 991 0.43
25 48 1463 0.387
26 1 406 0.381
26 2 376 0.382
26 3 1679 0.33
26 4 1509 0.228
26 5 1131 0.4
26 6 1362 0.325
26 7 1016 0.293
26 8 1372 0.314
26 9 1497 0.231
26 10 1146 0.316
26 11 1062 0.297
26 12 1279 0.464
26 13 71 0.467
26 14 53 0.383
26 15 861 0.343
26 16 1487 0.312
26 17 1154 0.416
26 18 802 0.395
26 19 709 0.39
26 20 1005 0.302
26 21 889 0.374
26 22 720 0.394
26 23 791 0.412
26 24 1033 0.224
26 25 808 0.319
26 26 710 0.304
26 27 809 0.286
26 28 836 0.345
26 29 911 0.38
26 30 1664 0.25
26 31 874 0.329
26 32 863 0.364
26 33 888 0.412
26 34 1012 0.224
26 35 984 0.294
26 36 807 0.31
26 37 959 0.313
26 38 907 0.191
26 39 1073 0.278
26 40 964 0.332
26 41 990 0.348
26 42 951 0.206
26 43 966 0.28
26 44 1634 0.207
26 45 1188 0.392
26 46 992 0.377
26 47 1130 0.39
26 48 1583 0.47
27 1 1725 0.434
27 2 1800 0.299
27 3 1409 0.355
27 4 1190 0.292
27 5 1609 0.28
27 6 1114 0.375
27 7 1181 0.324
27 8 1301 0.25
27 9 1227 0.294
27 10 1098 0.294
27 11 1269 0.448
27 12 1239 0.37
27 13 984 0.463
27 14 1205 0.306
27 15 1144 0.295
27 16 774 0.334
27 17 653 0.419
27 18 547 0.508
27 19 880 0.441
27 20 1025 0.193
27 21 1041 0.356
27 22 919 0.351
27 23 750 0.299
27 24 809 0.409
27 25 1189 0.242
27 26 1275 0.182
27 27 782 0.284
27 28 781 0.542
27 29 804 0.35
27 30 679 0.379
27 31 1029 0.369
27 32 985 0.267
27 33 0 0.0
27 34 1120 0.304
27 35 843 0.263
27 36 1035 0.306
27 37 963 0.36
27 38 1054 0.274
27 39 523 0.374
27 40 470 0.475
27 41 857 0.258
27 42 1137 0.264
27 43 872 0.317
27 44 977 0.363
27 45 1160 0.263
27 46 1314 0.413
27 47 1209 0.328
27 48 1311 0.499
28 1 1908 0.326
28 2 1468 0.343
28 3 1261 0.313
28 4 1442 0.36
28 5 1366 0.339
28 6 878 0.347
28 7 1427 0.279
28 8 882 0.294
28 9 1412 0.262
28 10 1277 0.227
28 11 1058 0.343
28 12 1167 0.348
28 13 884 0.522
28 14 1063 0.34
28 15 1149 0.343
28 16 1367 0.257
28 17 1169 0.331
28 18 1091 0.354
28 19 617 0.429
28 20 857 0.372
28 21 857 0.272
28 22 922 0.331
28 23 847 0.272
28 24 1008 0.351
28 25 831 0.23
28 26 811 0.331
28 27 875 0.422
28 28 826 0.382
28 29 911 0.452
28 30 966 0.387
28 31 901 0.391
28 32 833 0.209
28 33 938 0.401
28 34 1383 0.197
28 35 976 0.291
28 36 929 0.394
28 37 812 0.246
28 38 962 0.263
28 39 1122 0.212
28 40 816 0.331
28 41 983 0.251
28 42 1013 0.295
28 43 989 0.256
28 44 827 0.238
28 45 997 0.314
28 46 1082 0.372
28 47 1182 0.27
28 48 1474 0.325
29 1 1948 0.355
29 2 1692 0.333
29 3 201 0.454
29 4 76 0.76
29 5 1411 0.388
29 6 1233 0.38
29 7 1254 0.329
29 8 1583 0.339
29 9 1549 0.238
29 10 1679 0.263
29 11 424 0.343
29 12 326 0.456
29 13 1626 0.235
29 14 1335 0.429
29 15 443 0.356
29 16 401 0.465
29 17 923 0.271
29 18 1061 0.302
29 19 1921 0.281
29 20 1028 0.355
29 21 1011 0.294
29 22 870 0.353
29 23 779 0.356
29 24 1443 0.276
29 25 1066 0.159
29 26 1099 0.265
29 27 916 0.244
29 28 886 0.25
29 29 798 0.359
29 30 846 0.285
29 31 964 0.31
29 32 877 0.276
29 33 835 0.299
29 34 956 0.333
29 35 973 0.372
29 36 1116 0.219
29 37 970 0.275
29 38 939 0.322
29 39 1002 0.345
29 40 1707 0.242
29 41 472 0.516
29 42 791 0.435
29 43 1051 0.38
29 44 1012 0.269
29 45 1002 0.351
29 46 1171 0.244
29 47 1148 0.198
29 48 1199 0.218
30 1 1766 0.33
30 2 1623 0.267
30 3 1153 0.361
30 4 1552 0.374
30 5 1398 0.374
30 6 1147 0.329
30 7 1299 0.392
30 8 965 0.389
30 9 1630 0.438
30 10 1272 0.312
30 11 1221 0.268
30 12 1346 0.406
30 13 1174 0.352
30 14 981 0.366
30 15 1422 0.424
30 16 1377 0.203
30 17 1215 0.319
30 18 1217 0.261
30 19 890 0.374
30 20 953 0.313
30 21 1005 0.349
30 22 1756 0.348
30 23 1002 0.353
30 24 826 0.283
30 25 952 0.281
30 26 842 0.304
30 27 817 0.384
30 28 870 0.424
30 29 1063 0.273
30 30 1036 0.282
30 31 937 0.426
30 32 907 0.338
30 33 1019 0.475
30 34 563 0.3
30 35 978 0.349
30 36 1323 0.321
30 37 919 0.371
30 38 705 0.486
30 39 1132 0.422
30 40 960 0.283
30 41 853 0.291
30 42 819 0.281
30 43 1052 0.4
30 44 876 0.4
30 45 1438 0.151
30 46 1674 0.252
30 47 1292 0.344
30 48 1632 0.288
31 1 1947 0.296
31 2 1787 0.34
31 3 1662 0.282
31 4 1903 0.237
31 5 1385 0.251
31 6 1249 0.306
31 7 1400 0.262
31 8 1328 0.353
31 9 1226 0.231
31 10 1281 0.346
31 11 83 0.734
31 12 63 0.415
31 13 1701 0.407
31 14 1113 0.349
31 15 1249 0.408
31 16 1182 0.389
31 17 909 0.404
31 18 1200 0.406
31 19 1808 0.278
31 20 1707 0.286
31 21 1186 0.409
31 22 395 0.507
31 23 1517 0.408
31 24 1171 0.346
31 25 1095 0.216
31 26 1256 0.35
31 27 1638 0.382
31 28 1106 0.382
31 29 1009 0.314
31 30 1033 0.296
31 31 998 0.351
31 32 1283 0.293
31 33 10 0.599
31 34 0 0.0
31 35 875 0.481
31 36 1260 0.306
31 37 1128 0.293
31 38 1081 0.242
31 39 924 0.463
31 40 1281 0.31
31 41 1079 0.306
31 42 1114 0.417
31 43 975 0.257
31 44 1218 0.291
31 45 808 0.275
31 46 970 0.308
31 47 1165 0.376
31 48 1410 0.353
32 1 2800 0.424
32 2 2418 0.343
32 3 2693 0.425
32 4 2363 0.301
32 5 2368 0.451
32 6 2315 0.385
32 7 2129 0.311
32 8 2032 0.436
32 9 2196 0.462
32 10 1901 0.396
32 11 2067 0.331
32 12 1912 0.587
32 13 1959 0.382
32 14 2186 0.436
32 15 1861 0.448
32 16 2003 0.485
32 17 1379 0.449
32 18 1753 0.426
32 19 1292 0.348
32 20 1586 0.455
32 21 1696 0.332
32 22 1360 0.387
32 23 1802 0.55
32 24 1800 0.41
32 25 1590 0.414
32 26 1637 0.346
32 27 1472 0.411
32 28 1752 0.426
32 29 2022 0.48
32 30 1618 0.387
32 31 2402 0.448
32 32 1346 0.449
32 33 1854 0.379
32 34 1265 0.475
32 35 1940 0.492
32 36 1806 0.556
32 37 1318 0.363
32 38 1965 0.429
32 39 1671 0.255
32 40 1715 0.441
32 41 1642 0.258
32 42 1680 0.311
32 43 2217 0.349
32 44 2086 0.464
32 45 1833 0.427
32 46 2178 0.244
32 47 1427 0.476
32 48 1799 0.451
