row  column  size-1  circ-1
1 1 2978 0.53
1 2 2698 0.474
1 3 2794 0.357
1 4 2798 0.378
1 5 2139 0.451
1 6 2214 0.43
1 7 2449 0.346
1 8 2127 0.45
1 9 2248 0.426
1 10 2317 0.527
1 11 2412 0.565
1 12 2503 0.387
1 13 2029 0.424
1 14 1997 0.426
1 15 2042 0.476
1 16 2318 0.428
1 17 2288 0.443
1 18 2430 0.43
1 19 2250 0.507
1 20 2393 0.369
1 21 2163 0.496
1 22 1922 0.452
1 23 2136 0.327
1 24 1886 0.48
1 25 1991 0.363
1 26 2089 0.49
1 27 2047 0.504
1 28 2095 0.561
1 29 1914 0.458
1 30 1821 0.449
1 31 2046 0.492
1 32 1999 0.493
1 33 1711 0.583
1 34 1992 0.604
1 35 1904 0.448
1 36 2025 0.473
1 37 1917 0.455
1 38 1839 0.441
1 39 1909 0.349
1 40 2044 0.498
1 41 1767 0.426
1 42 1770 0.441
1 43 1774 0.503
1 44 2027 0.395
1 45 2080 0.296
1 46 1973 0.469
1 47 1569 0.51
1 48 2268 0.31
2 1 2161 0.518
2 2 1974 0.307
2 3 10 -1.0
2 4 19 0.476
2 5 1684 0.376
2 6 1216 0.366
2 7 1061 0.395
2 8 1379 0.462
2 9 1439 0.335
2 10 1475 0.461
2 11 0 0.0
2 12 1610 0.393
2 13 1552 0.375
2 14 1966 0.295
2 15 0 0.0
2 16 1767 0.301
2 17 62 0.302
2 18 29 0.784
2 19 33 0.459
2 20 144 0.671
2 21 1430 0.294
2 22 1652 0.389
2 23 0 0.0
2 24 1353 0.468
2 25 1324 0.347
2 26 1234 0.426
2 27 1331 0.397
2 28 1285 0.404
2 29 1312 0.579
2 30 1235 0.392
2 31 1104 0.363
2 32 1039 0.3
2 33 876 0.419
2 34 1028 0.398
2 35 939 0.424
2 36 907 0.465
2 37 997 0.405
2 38 877 0.506
2 39 1162 0.43
2 40 1016 0.415
2 41 958 0.503
2 42 1059 0.518
2 43 818 0.453
2 44 835 0.625
2 45 51 0.881
2 46 64 0.592
2 47 1077 0.401
2 48 1288 0.331
3 1 2083 0.377
3 2 1577 0.468
3 3 1742 0.354
3 4 1887 0.277
3 5 1646 0.292
3 6 1202 0.46
3 7 1223 0.476
3 8 1812 0.487
3 9 1576 0.201
3 10 1434 0.27
3 11 1560 0.331
3 12 1189 0.527
3 13 1425 0.316
3 14 1181 0.586
3 15 1519 0.328
3 16 1302 0.353
3 17 1534 0.366
3 18 1566 0.457
3 19 1714 0.443
3 20 1482 0.506
3 21 1307 0.306
3 22 1351 0.574
3 23 1339 0.516
3 24 1172 0.284
3 25 1238 0.317
3 26 1242 0.372
3 27 1225 0.359
3 28 1105 0.345
3 29 1132 0.337
3 30 1150 0.402
3 31 1301 0.315
3 32 1146 0.376
3 33 1128 0.32
3 34 1079 0.353
3 35 808 0.429
3 36 406 0.3
3 37 923 0.357
3 38 860 0.34
3 39 868 0.478
3 40 1128 0.441
3 41 905 0.436
3 42 1136 0.385
3 43 1044 0.325
3 44 863 0.381
3 45 1115 0.565
3 46 1061 0.552
3 47 938 0.328
3 48 1456 0.311
4 1 2633 0.458
4 2 856 0.53
4 3 1461 0.398
4 4 1613 0.439
4 5 1257 0.325
4 6 1125 0.342
4 7 1284 0.341
4 8 1422 0.277
4 9 1126 0.365
4 10 1307 0.41
4 11 797 0.617
4 12 1253 0.282
4 13 1033 0.407
4 14 1033 0.363
4 15 1045 0.386
4 16 1136 0.501
4 17 1405 0.412
4 18 1297 0.44
4 19 1291 0.409
4 20 1126 0.45
4 21 1189 0.378
4 22 1262 0.302
4 23 1097 0.256
4 24 1276 0.482
4 25 1193 0.583
4 26 1154 0.413
4 27 1149 0.35
4 28 1190 0.529
4 29 1017 0.36
4 30 1181 0.464
4 31 34 0.719
4 32 0 0.0
4 33 1041 0.36
4 34 744 0.372
4 35 1165 0.43
4 36 911 0.453
4 37 836 0.413
4 38 834 0.419
4 39 911 0.411
4 40 975 0.322
4 41 761 0.435
4 42 892 0.4
4 43 1101 0.289
4 44 847 0.635
4 45 798 0.373
4 46 946 0.417
4 47 1103 0.419
4 48 1881 0.468
5 1 2545 0.475
5 2 1394 0.287
5 3 1620 0.356
5 4 1168 0.335
5 5 1304 0.332
5 6 1326 0.398
5 7 1303 0.34
5 8 1186 0.285
5 9 1079 0.522
5 10 1325 0.543
5 11 1061 0.363
5 12 1450 0.41
5 13 1107 0.333
5 14 1159 0.334
5 15 1015 0.382
5 16 1142 0.281
5 17 1403 0.373
5 18 1140 0.342
5 19 1173 0.468
5 20 1217 0.368
5 21 1088 0.271
5 22 1250 0.432
5 23 1196 0.489
5 24 1308 0.372
5 25 1121 0.359
5 26 1205 0.411
5 27 1052 0.404
5 28 1212 0.353
5 29 1123 0.328
5 30 1103 0.408
5 31 1359 0.29
5 32 1188 0.503
5 33 1125 0.35
5 34 1110 0.324
5 35 804 0.453
5 36 1029 0.455
5 37 982 0.364
5 38 951 0.434
5 39 951 0.342
5 40 1020 0.522
5 41 827 0.393
5 42 997 0.422
5 43 926 0.368
5 44 810 0.377
5 45 1466 0.378
5 46 1118 0.387
5 47 1301 0.392
5 48 1586 0.397
6 1 2384 0.324
6 2 1645 0.171
6 3 1887 0.216
6 4 1538 0.322
6 5 152 0.708
6 6 125 0.427
6 7 1500 0.343
6 8 1211 0.364
6 9 61 0.446
6 10 20 0.674
6 11 1331 0.392
6 12 1384 0.216
6 13 1333 0.358
6 14 892 0.384
6 15 1264 0.333
6 16 1261 0.48
6 17 875 0.379
6 18 1106 0.401
6 19 868 0.433
6 20 1271 0.281
6 21 1327 0.439
6 22 1202 0.314
6 23 1263 0.389
6 24 1172 0.348
6 25 1099 0.419
6 26 1119 0.414
6 27 1164 0.451
6 28 1063 0.341
6 29 1316 0.504
6 30 1308 0.424
6 31 1140 0.378
6 32 975 0.461
6 33 37 0.712
6 34 649 0.414
6 35 1235 0.582
6 36 1379 0.27
6 37 26 0.854
6 38 24 0.484
6 39 1059 0.36
6 40 1018 0.275
6 41 797 0.448
6 42 627 0.512
6 43 900 0.381
6 44 995 0.313
6 45 60 0.317
6 46 51 0.658
6 47 1397 0.382
6 48 1047 0.517
7 1 2315 0.378
7 2 1492 0.252
7 3 1896 0.199
7 4 1395 0.427
7 5 1878 0.311
7 6 1428 0.3
7 7 1245 0.412
7 8 1175 0.359
7 9 1333 0.322
7 10 1326 0.435
7 11 1679 0.454
7 12 1309 0.372
7 13 1270 0.229
7 14 1123 0.397
7 15 1457 0.378
7 16 1467 0.471
7 17 1391 0.398
7 18 1487 0.188
7 19 1246 0.23
7 20 1278 0.256
7 21 1615 0.262
7 22 95 0.425
7 23 1486 0.311
7 24 1391 0.33
7 25 1222 0.373
7 26 1347 0.376
7 27 866 0.37
7 28 1354 0.283
7 29 1012 0.35
7 30 1060 0.391
7 31 975 0.215
7 32 1053 0.227
7 33 1268 0.379
7 34 1219 0.317
7 35 262 0.698
7 36 781 0.437
7 37 1054 0.487
7 38 1261 0.457
7 39 1002 0.524
7 40 931 0.607
7 41 1025 0.368
7 42 859 0.365
7 43 813 0.403
7 44 965 0.341
7 45 1154 0.394
7 46 1121 0.282
7 47 1290 0.467
7 48 1811 0.527
8 1 2619 0.352
8 2 1702 0.264
8 3 2449 0.276
8 4 1756 0.254
8 5 1392 0.355
8 6 1762 0.263
8 7 1067 0.29
8 8 1203 0.297
8 9 1181 0.432
8 10 941 0.567
8 11 1035 0.408
8 12 1345 0.355
8 13 1158 0.294
8 14 1356 0.417
8 15 1335 0.39
8 16 1260 0.487
8 17 1319 0.394
8 18 1507 0.319
8 19 1484 0.271
8 20 1461 0.191
8 21 1149 0.321
8 22 1002 0.36
8 23 1226 0.314
8 24 1166 0.375
8 25 1395 0.387
8 26 1317 0.284
8 27 1025 0.323
8 28 1223 0.432
8 29 1205 0.38
8 30 1029 0.293
8 31 1209 0.37
8 32 1243 0.29
8 33 1062 0.284
8 34 1288 0.447
8 35 1064 0.354
8 36 1413 0.389
8 37 1106 0.23
8 38 1215 0.284
8 39 1474 0.299
8 40 1126 0.562
8 41 795 0.388
8 42 681 0.442
8 43 978 0.317
8 44 1137 0.316
8 45 1232 0.409
8 46 937 0.4
8 47 1034 0.316
8 48 2176 0.358
9 1 2302 0.379
9 2 1686 0.16
9 3 1498 0.184
9 4 1614 0.26
9 5 1278 0.396
9 6 1546 0.432
9 7 1585 0.328
9 8 1362 0.322
9 9 891 0.384
9 10 1012 0.39
9 11 1129 0.361
9 12 1056 0.362
9 13 1191 0.471
9 14 1511 0.429
9 15 1197 0.367
9 16 1335 0.492
9 17 1329 0.366
9 18 1181 0.374
9 19 1364 0.449
9 20 1086 0.487
9 21 1253 0.405
9 22 1239 0.309
9 23 1320 0.26
9 24 1243 0.395
9 25 1255 0.347
9 26 1112 0.335
9 27 1126 0.228
9 28 1230 0.402
9 29 1237 0.313
9 30 1303 0.328
9 31 822 0.361
9 32 974 0.326
9 33 1141 0.265
9 34 872 0.439
9 35 1218 0.528
9 36 1370 0.343
9 37 1111 0.343
9 38 1284 0.322
9 39 1210 0.326
9 40 1002 0.328
9 41 1056 0.222
9 42 900 0.409
9 43 1057 0.347
9 44 1049 0.438
9 45 1132 0.381
9 46 1204 0.483
9 47 1261 0.507
9 48 1575 0.388
10 1 2575 0.438
10 2 1871 0.296
10 3 797 0.106
10 4 375 0.204
10 5 119 0.354
10 6 73 0.332
10 7 1310 0.405
10 8 1134 0.34
10 9 52 0.487
10 10 87 0.537
10 11 1283 0.419
10 12 1501 0.315
10 13 41 0.296
10 14 55 0.627
10 15 1637 0.329
10 16 1462 0.377
10 17 916 0.435
10 18 1343 0.415
10 19 1298 0.408
10 20 1237 0.46
10 21 1194 0.382
10 22 1192 0.435
10 23 1220 0.43
10 24 1213 0.314
10 25 1086 0.232
10 26 1207 0.277
10 27 1119 0.262
10 28 1132 0.337
10 29 1273 0.347
10 30 850 0.281
10 31 1174 0.622
10 32 1275 0.526
10 33 1178 0.384
10 34 1286 0.444
10 35 1420 0.341
10 36 936 0.358
10 37 195 0.352
10 38 340 0.219
10 39 938 0.328
10 40 567 0.69
10 41 1018 0.445
10 42 1014 0.356
10 43 993 0.429
10 44 1126 0.44
10 45 86 0.572
10 46 77 0.579
10 47 518 0.572
10 48 1654 0.322
11 1 2650 0.367
11 2 1725 0.192
11 3 1559 0.278
11 4 2040 0.324
11 5 1759 0.37
11 6 1825 0.298
11 7 1244 0.386
11 8 1324 0.351
11 9 1490 0.325
11 10 1247 0.513
11 11 1064 0.469
11 12 1159 0.243
11 13 1580 0.314
11 14 1391 0.369
11 15 1676 0.321
11 16 1550 0.472
11 17 1336 0.328
11 18 1513 0.321
11 19 1643 0.338
11 20 1243 0.428
11 21 1391 0.42
11 22 1338 0.3
11 23 1466 0.398
11 24 1544 0.274
11 25 1153 0.316
11 26 1203 0.297
11 27 1319 0.262
11 28 971 0.305
11 29 1093 0.345
11 30 1136 0.276
11 31 1165 0.332
11 32 1049 0.287
11 33 1179 0.456
11 34 980 0.372
11 35 1370 0.299
11 36 1436 0.266
11 37 1124 0.36
11 38 1137 0.32
11 39 867 0.342
11 40 876 0.303
11 41 1069 0.583
11 42 1053 0.447
11 43 1132 0.322
11 44 942 0.571
11 45 1200 0.457
11 46 1088 0.567
11 47 1332 0.356
11 48 1964 0.461
12 1 2052 0.367
12 2 2085 0.245
12 3 1643 0.267
12 4 1539 0.353
12 5 1902 0.221
12 6 1479 0.308
12 7 1209 0.26
12 8 987 0.398
12 9 1051 0.328
12 10 1232 0.352
12 11 1324 0.285
12 12 1382 0.269
12 13 1253 0.336
12 14 1400 0.469
12 15 1487 0.263
12 16 1295 0.424
12 17 462 0.153
12 18 234 0.204
12 19 1259 0.407
12 20 1501 0.37
12 21 583 0.428
12 22 485 0.315
12 23 1476 0.332
12 24 1509 0.282
12 25 886 0.384
12 26 1397 0.33
12 27 1158 0.404
12 28 1255 0.36
12 29 1004 0.305
12 30 1434 0.339
12 31 927 0.444
12 32 1417 0.33
12 33 1158 0.311
12 34 1308 0.374
12 35 992 0.512
12 36 1200 0.324
12 37 1089 0.445
12 38 1157 0.343
12 39 1070 0.457
12 40 1124 0.469
12 41 972 0.427
12 42 1085 0.475
12 43 65 0.715
12 44 68 0.59
12 45 1079 0.584
12 46 1089 0.352
12 47 935 0.459
12 48 1618 0.375
13 1 2279 0.498
13 2 1330 0.339
13 3 998 0.39
13 4 1377 0.222
13 5 1425 0.274
13 6 1227 0.316
13 7 1172 0.39
13 8 1216 0.335
13 9 567 0.537
13 10 637 0.496
13 11 1572 0.302
13 12 1176 0.394
13 13 979 0.5
13 14 1721 0.425
13 15 1623 0.236
13 16 1125 0.426
13 17 1663 0.415
13 18 1435 0.321
13 19 1297 0.379
13 20 1174 0.435
13 21 1555 0.304
13 22 1537 0.43
13 23 1401 0.387
13 24 1275 0.356
13 25 1285 0.419
13 26 1464 0.283
13 27 1121 0.364
13 28 1157 0.408
13 29 1228 0.292
13 30 1401 0.278
13 31 1295 0.35
13 32 1595 0.351
13 33 1350 0.449
13 34 1452 0.285
13 35 1052 0.484
13 36 1162 0.252
13 37 1109 0.471
13 38 1400 0.46
13 39 985 0.382
13 40 1813 0.345
13 41 1041 0.306
13 42 873 0.436
13 43 1055 0.369
13 44 1145 0.36
13 45 1111 0.364
13 46 1198 0.43
13 47 1023 0.4
13 48 1424 0.356
14 1 2218 0.525
14 2 1096 0.431
14 3 1440 0.306
14 4 1523 0.356
14 5 1318 0.353
14 6 1537 0.302
14 7 1141 0.374
14 8 1284 0.254
14 9 1335 0.462
14 10 0 0.0
14 11 1311 0.379
14 12 1734 0.233
14 13 38 0.699
14 14 57 0.618
14 15 1446 0.345
14 16 1452 0.3
14 17 1298 0.358
14 18 1129 0.372
14 19 1444 0.345
14 20 1455 0.322
14 21 1515 0.362
14 22 0 0.0
14 23 1614 0.454
14 24 1469 0.346
14 25 59 0.36
14 26 75 0.684
14 27 1399 0.4
14 28 1520 0.453
14 29 1065 0.332
14 30 1415 0.496
14 31 0 0.0
14 32 0 0.0
14 33 57 0.441
14 34 66 0.726
14 35 1930 0.363
14 36 1208 0.353
14 37 1236 0.335
14 38 1264 0.274
14 39 561 0.541
14 40 1041 0.46
14 41 1223 0.249
14 42 1572 0.507
14 43 1383 0.271
14 44 1087 0.437
14 45 106 0.577
14 46 52 0.811
14 47 1182 0.249
14 48 1383 0.509
15 1 2263 0.349
15 2 1486 0.364
15 3 954 0.35
15 4 1195 0.262
15 5 1217 0.388
15 6 1319 0.351
15 7 1176 0.304
15 8 1356 0.25
15 9 935 0.506
15 10 1144 0.426
15 11 1884 0.228
15 12 1595 0.297
15 13 1525 0.338
15 14 1517 0.309
15 15 1409 0.279
15 16 1483 0.263
15 17 1790 0.328
15 18 1414 0.425
15 19 1668 0.284
15 20 1458 0.394
15 21 1409 0.288
15 22 1598 0.38
15 23 1401 0.321
15 24 1591 0.451
15 25 1441 0.412
15 26 1489 0.283
15 27 1523 0.316
15 28 1312 0.423
15 29 1311 0.273
15 30 1520 0.311
15 31 1097 0.167
15 32 1089 0.315
15 33 1545 0.366
15 34 1330 0.338
15 35 1452 0.353
15 36 1480 0.261
15 37 1299 0.29
15 38 1159 0.395
15 39 1016 0.405
15 40 943 0.252
15 41 1166 0.221
15 42 1125 0.398
15 43 959 0.425
15 44 1037 0.287
15 45 1076 0.292
15 46 1069 0.416
15 47 1153 0.347
15 48 1236 0.447
16 1 2079 0.34
16 2 1678 0.298
16 3 1310 0.352
16 4 1485 0.294
16 5 1375 0.333
16 6 1058 0.448
16 7 1905 0.194
16 8 1175 0.426
16 9 1162 0.363
16 10 1584 0.349
16 11 1198 0.409
16 12 1274 0.367
16 13 1131 0.415
16 14 1120 0.308
16 15 1739 0.405
16 16 1620 0.314
16 17 257 0.77
16 18 258 0.712
16 19 1428 0.381
16 20 1436 0.336
16 21 1371 0.401
16 22 1665 0.376
16 23 1207 0.516
16 24 1276 0.278
16 25 1221 0.398
16 26 1366 0.499
16 27 84 0.419
16 28 50 0.387
16 29 1430 0.329
16 30 1242 0.296
16 31 1513 0.436
16 32 954 0.388
16 33 1286 0.342
16 34 1315 0.281
16 35 1030 0.535
16 36 1055 0.453
16 37 1314 0.411
16 38 998 0.491
16 39 1180 0.37
16 40 1310 0.297
16 41 1168 0.505
16 42 1119 0.41
16 43 999 0.286
16 44 983 0.308
16 45 1095 0.275
16 46 1226 0.409
16 47 1051 0.454
16 48 1479 0.386
17 1 1698 0.401
17 2 1436 0.28
17 3 1468 0.308
17 4 1575 0.354
17 5 1609 0.368
17 6 1209 0.478
17 7 1499 0.392
17 8 1244 0.423
17 9 876 0.496
17 10 1186 0.336
17 11 1304 0.456
17 12 1247 0.398
17 13 1540 0.371
17 14 1740 0.269
17 15 1068 0.359
17 16 1044 0.306
17 17 1845 0.349
17 18 1548 0.403
17 19 1442 0.389
17 20 1439 0.42
17 21 1605 0.321
17 22 1381 0.352
17 23 1448 0.36
17 24 1393 0.362
17 25 1616 0.275
17 26 1716 0.361
17 27 1492 0.363
17 28 1599 0.531
17 29 1555 0.247
17 30 1400 0.248
17 31 1520 0.259
17 32 768 0.436
17 33 1325 0.369
17 34 1188 0.38
17 35 1479 0.345
17 36 1580 0.411
17 37 1139 0.395
17 38 1215 0.325
17 39 1266 0.333
17 40 1094 0.356
17 41 1049 0.44
17 42 1111 0.55
17 43 1070 0.301
17 44 943 0.53
17 45 1133 0.184
17 46 842 0.413
17 47 854 0.473
17 48 1509 0.424
18 1 2347 0.362
18 2 1096 0.472
18 3 1127 0.34
18 4 1065 0.358
18 5 101 0.389
18 6 60 0.608
18 7 216 0.514
18 8 211 0.724
18 9 1462 0.391
18 10 1617 0.251
18 11 0 0.0
18 12 1467 0.305
18 13 985 0.371
18 14 1090 0.354
18 15 0 0.0
18 16 1751 0.382
18 17 1552 0.302
18 18 1306 0.375
18 19 1518 0.392
18 20 1462 0.362
18 21 43 0.699
18 22 76 0.543
18 23 1138 0.318
18 24 611 0.37
18 25 78 0.464
18 26 80 0.638
18 27 1431 0.305
18 28 1558 0.384
18 29 62 0.721
18 30 128 0.527
18 31 1310 0.27
18 32 1119 0.411
18 33 123 0.74
18 34 111 0.704
18 35 1426 0.412
18 36 1328 0.368
18 37 54 0.577
18 38 203 0.602
18 39 1375 0.315
18 40 1123 0.289
18 41 93 0.751
18 42 122 0.812
18 43 1128 0.34
18 44 895 0.48
18 45 948 0.35
18 46 954 0.456
18 47 957 0.359
18 48 1441 0.406
19 1 2409 0.285
19 2 1423 0.368
19 3 1475 0.24
19 4 1621 0.407
19 5 1714 0.448
19 6 1706 0.345
19 7 1752 0.287
19 8 1863 0.342
19 9 1256 0.349
19 10 1474 0.441
19 11 1788 0.477
19 12 1232 0.311
19 13 1421 0.353
19 14 1647 0.354
19 15 1558 0.394
19 16 1449 0.371
19 17 1416 0.411
19 18 1417 0.344
19 19 1476 0.367
19 20 1842 0.46
19 21 1910 0.421
19 22 1251 0.521
19 23 1690 0.407
19 24 1594 0.439
19 25 1569 0.316
19 26 1842 0.443
19 27 1583 0.47
19 28 1789 0.309
19 29 1444 0.51
19 30 1391 0.301
19 31 1111 0.354
19 32 1050 0.343
19 33 1455 0.418
19 34 1298 0.422
19 35 1468 0.327
19 36 1605 0.384
19 37 1301 0.364
19 38 1307 0.314
19 39 1060 0.478
19 40 426 0.326
19 41 1217 0.484
19 42 1424 0.219
19 43 863 0.371
19 44 1009 0.449
19 45 1253 0.212
19 46 858 0.271
19 47 978 0.298
19 48 1638 0.495
20 1 2188 0.508
20 2 1136 0.354
20 3 1429 0.315
20 4 1431 0.295
20 5 1660 0.359
20 6 1142 0.436
20 7 1486 0.22
20 8 1542 0.348
20 9 1227 0.323
20 10 1423 0.497
20 11 1316 0.333
20 12 1825 0.314
20 13 1502 0.326
20 14 1601 0.375
20 15 1795 0.244
20 16 1574 0.418
20 17 1667 0.31
20 18 1383 0.381
20 19 1550 0.352
20 20 1516 0.339
20 21 0 0.0
20 22 0 0.0
20 23 1724 0.32
20 24 1159 0.373
20 25 804 0.496
20 26 850 0.408
20 27 85 0.658
20 28 126 0.606
20 29 12 0.931
20 30 1449 0.276
20 31 1240 0.295
20 32 1710 0.385
20 33 1008 0.292
20 34 672 0.509
20 35 1435 0.376
20 36 1151 0.397
20 37 972 0.42
20 38 1009 0.354
20 39 881 0.439
20 40 1053 0.482
20 41 1078 0.362
20 42 908 0.415
20 43 1203 0.415
20 44 1064 0.303
20 45 866 0.423
20 46 938 0.434
20 47 1130 0.378
20 48 0 0.0
21 1 2116 0.342
21 2 1194 0.311
21 3 1687 0.275
21 4 1468 0.39
21 5 1433 0.429
21 6 1354 0.379
21 7 1447 0.366
21 8 1230 0.448
21 9 1445 0.311
21 10 1391 0.374
21 11 1532 0.572
21 12 1656 0.344
21 13 1363 0.365
21 14 1357 0.382
21 15 975 0.372
21 16 1037 0.432
21 17 1556 0.331
21 18 1722 0.298
21 19 1501 0.376
21 20 1530 0.382
21 21 1829 0.233
21 22 2043 0.308
21 23 1780 0.392
21 24 1488 0.391
21 25 1479 0.317
21 26 1788 0.249
21 27 1937 0.338
21 28 1444 0.266
21 29 1698 0.373
21 30 1455 0.433
21 31 1678 0.289
21 32 1349 0.427
21 33 1105 0.307
21 34 1398 0.396
21 35 963 0.372
21 36 1103 0.38
21 37 1457 0.294
21 38 1203 0.341
21 39 1410 0.303
21 40 1006 0.569
21 41 1414 0.272
21 42 1146 0.347
21 43 1161 0.365
21 44 1215 0.427
21 45 919 0.583
21 46 1048 0.335
21 47 980 0.484
21 48 1839 0.38
22 1 2287 0.335
22 2 1635 0.266
22 3 1081 0.299
22 4 916 0.342
22 5 111 0.306
22 6 536 0.474
22 7 1287 0.25
22 8 1246 0.34
22 9 75 0.527
22 10 58 0.403
22 11 1340 0.334
22 12 1455 0.229
22 13 1549 0.343
22 14 1600 0.272
22 15 1593 0.371
22 16 1454 0.387
22 17 1773 0.35
22 18 1591 0.397
22 19 1439 0.437
22 20 1374 0.489
22 21 1431 0.422
22 22 1450 0.367
22 23 196 0.662
22 24 202 0.693
22 25 57 0.943
22 26 97 0.518
22 27 1689 0.455
22 28 1767 0.354
22 29 914 0.364
22 30 928 0.379
22 31 1022 0.415
22 32 1324 0.325
22 33 1337 0.279
22 34 1403 0.355
22 35 1063 0.399
22 36 1203 0.49
22 37 1103 0.369
22 38 1161 0.477
22 39 1044 0.445
22 40 1213 0.55
22 41 148 0.631
22 42 158 0.515
22 43 1083 0.44
22 44 743 0.455
22 45 773 0.493
22 46 1054 0.316
22 47 1290 0.309
22 48 1735 0.33
23 1 2483 0.495
23 2 1996 0.305
23 3 1933 0.225
23 4 2458 0.283
23 5 1708 0.428
23 6 1657 0.392
23 7 1904 0.401
23 8 1545 0.326
23 9 1145 0.44
23 10 1991 0.396
23 11 1472 0.303
23 12 1799 0.317
23 13 1442 0.304
23 14 1442 0.342
23 15 1663 0.354
23 16 1767 0.303
23 17 1587 0.299
23 18 1143 0.342
23 19 1747 0.356
23 20 1714 0.455
23 21 1447 0.409
23 22 1858 0.346
23 23 1640 0.258
23 24 1650 0.283
23 25 1868 0.305
23 26 1473 0.39
23 27 1649 0.349
23 28 1527 0.307
23 29 1601 0.442
23 30 1385 0.339
23 31 1176 0.285
23 32 1565 0.395
23 33 1540 0.436
23 34 1370 0.315
23 35 1247 0.237
23 36 888 0.529
23 37 1412 0.464
23 38 1203 0.469
23 39 971 0.288
23 40 1154 0.217
23 41 1040 0.468
23 42 1094 0.349
23 43 1138 0.363
23 44 979 0.27
23 45 1148 0.426
23 46 1191 0.482
23 47 1030 0.368
23 48 1893 0.428
24 1 2295 0.435
24 2 1459 0.204
24 3 1518 0.274
24 4 1679 0.32
24 5 1547 0.254
24 6 974 0.181
24 7 1627 0.341
24 8 1247 0.451
24 9 1444 0.403
24 10 1118 0.357
24 11 1215 0.348
24 12 1543 0.252
24 13 1231 0.317
24 14 1853 0.264
24 15 1376 0.386
24 16 1463 0.384
24 17 1727 0.427
24 18 1806 0.303
24 19 1566 0.265
24 20 1773 0.36
24 21 0 0.0
24 22 0 0.0
24 23 1782 0.408
24 24 1234 0.478
24 25 1238 0.328
24 26 1804 0.246
24 27 77 0.447
24 28 99 0.644
24 29 836 0.357
24 30 891 0.391
24 31 1559 0.301
24 32 1449 0.3
24 33 1359 0.308
24 34 1577 0.354
24 35 714 0.294
24 36 665 0.54
24 37 1286 0.424
24 38 1379 0.338
24 39 1243 0.372
24 40 1105 0.377
24 41 1231 0.481
24 42 1087 0.371
24 43 1108 0.33
24 44 1085 0.347
24 45 1333 0.45
24 46 1243 0.377
24 47 1061 0.36
24 48 1580 0.496
25 1 2675 0.375
25 2 1555 0.312
25 3 2120 0.193
25 4 1965 0.295
25 5 1428 0.336
25 6 1077 0.461
25 7 1172 0.374
25 8 1849 0.223
25 9 1408 0.296
25 10 1115 0.413
25 11 1838 0.3
25 12 1477 0.296
25 13 1617 0.368
25 14 1318 0.358
25 15 1020 0.338
25 16 979 0.545
25 17 1523 0.391
25 18 1094 0.465
25 19 1343 0.464
25 20 1451 0.269
25 21 1801 0.443
25 22 1576 0.383
25 23 1505 0.348
25 24 1459 0.413
25 25 2002 0.404
25 26 1902 0.369
25 27 1399 0.333
25 28 1551 0.491
25 29 1637 0.443
25 30 1569 0.263
25 31 1480 0.48
25 32 1399 0.306
25 33 1437 0.491
25 34 1189 0.318
25 35 1696 0.258
25 36 1273 0.284
25 37 958 0.454
25 38 1146 0.487
25 39 977 0.506
25 40 990 0.375
25 41 1146 0.258
25 42 1462 0.357
25 43 1297 0.302
25 44 1354 0.341
25 45 1041 0.478
25 46 1131 0.416
25 47 1291 0.402
25 48 1745 0.435
26 1 2420 0.315
26 2 1735 0.347
26 3 1838 0.241
26 4 1884 0.249
26 5 132 0.383
26 6 120 0.363
26 7 1141 0.467
26 8 1486 0.429
26 9 1316 0.31
26 10 1368 0.349
26 11 1290 0.321
26 12 1141 0.443
26 13 1381 0.484
26 14 1300 0.464
26 15 1668 0.272
26 16 1606 0.438
26 17 1491 0.38
26 18 1323 0.23
26 19 1760 0.317
26 20 1442 0.28
26 21 1104 0.383
26 22 1803 0.383
26 23 1207 0.341
26 24 1556 0.427
26 25 59 0.36
26 26 64 0.481
26 27 587 0.532
26 28 488 0.664
26 29 1655 0.29
26 30 1331 0.374
26 31 1651 0.369
26 32 2011 0.447
26 33 64 0.744
26 34 71 0.809
26 35 1286 0.417
26 36 1139 0.432
26 37 963 0.502
26 38 1750 0.375
26 39 1083 0.251
26 40 1058 0.395
26 41 33 0.697
26 42 12 0.967
26 43 1044 0.42
26 44 866 0.319
26 45 1219 0.514
26 46 1707 0.474
26 47 936 0.311
26 48 1711 0.395
27 1 2491 0.325
27 2 1669 0.283
27 3 1648 0.122
27 4 1608 0.317
27 5 1640 0.444
27 6 1700 0.387
27 7 2069 0.297
27 8 2223 0.306
27 9 1548 0.278
27 10 1636 0.368
27 11 1606 0.33
27 12 1507 0.299
27 13 1342 0.349
27 14 1740 0.445
27 15 1558 0.408
27 16 1752 0.427
27 17 1630 0.454
27 18 2082 0.328
27 19 1537 0.382
27 20 1871 0.351
27 21 1622 0.322
27 22 1633 0.283
27 23 1505 0.395
27 24 1539 0.366
27 25 1615 0.416
27 26 1930 0.449
27 27 1891 0.397
27 28 1808 0.385
27 29 1509 0.411
27 30 1284 0.468
27 31 1410 0.374
27 32 1504 0.442
27 33 1561 0.315
27 34 1296 0.356
27 35 894 0.466
27 36 1223 0.327
27 37 979 0.304
27 38 1037 0.432
27 39 1085 0.357
27 40 942 0.432
27 41 1287 0.54
27 42 1315 0.418
27 43 1327 0.36
27 44 1008 0.316
27 45 946 0.445
27 46 1050 0.405
27 47 951 0.46
27 48 1805 0.317
28 1 2275 0.402
28 2 1785 0.361
28 3 1711 0.222
28 4 1982 0.329
28 5 1675 0.329
28 6 1386 0.309
28 7 1319 0.418
28 8 1414 0.493
28 9 1582 0.274
28 10 1265 0.376
28 11 1759 0.289
28 12 1661 0.268
28 13 1235 0.397
28 14 1351 0.346
28 15 1542 0.431
28 16 1742 0.271
28 17 1282 0.275
28 18 1431 0.378
28 19 879 0.371
28 20 1367 0.408
28 21 1238 0.343
28 22 1438 0.46
28 23 1652 0.324
28 24 1568 0.416
28 25 1167 0.551
28 26 1052 0.469
28 27 55 0.439
28 28 52 0.846
28 29 1710 0.416
28 30 1596 0.282
28 31 1236 0.382
28 32 1194 0.366
28 33 1387 0.371
28 34 1388 0.393
28 35 1326 0.481
28 36 1337 0.405
28 37 1084 0.36
28 38 1195 0.409
28 39 1300 0.406
28 40 1030 0.455
28 41 1087 0.386
28 42 1193 0.231
28 43 1178 0.333
28 44 1241 0.536
28 45 1152 0.408
28 46 1248 0.369
28 47 1122 0.493
28 48 1911 0.304
29 1 3046 0.558
29 2 1922 0.282
29 3 1619 0.191
29 4 2522 0.361
29 5 1383 0.288
29 6 1569 0.364
29 7 1157 0.305
29 8 1080 0.42
29 9 1459 0.298
29 10 1414 0.389
29 11 1199 0.447
29 12 1854 0.25
29 13 1514 0.427
29 14 1506 0.407
29 15 1535 0.342
29 16 1535 0.329
29 17 1481 0.451
29 18 1616 0.489
29 19 1723 0.384
29 20 2122 0.541
29 21 1567 0.406
29 22 1659 0.394
29 23 1192 0.389
29 24 1175 0.473
29 25 1875 0.412
29 26 1781 0.409
29 27 1198 0.391
29 28 1651 0.426
29 29 1526 0.501
29 30 1473 0.408
29 31 1473 0.314
29 32 1656 0.327
29 33 1738 0.369
29 34 1213 0.335
29 35 1637 0.32
29 36 959 0.334
29 37 1326 0.366
29 38 1189 0.279
29 39 1279 0.301
29 40 1485 0.432
29 41 1209 0.415
29 42 1225 0.341
29 43 1109 0.439
29 44 1285 0.349
29 45 1197 0.33
29 46 1206 0.434
29 47 1216 0.467
29 48 1783 0.429
30 1 258 0.436
30 2 306 0.318
30 3 1967 0.239
30 4 1616 0.349
30 5 111 0.471
30 6 92 0.481
30 7 1280 0.356
30 8 1710 0.366
30 9 1225 0.494
30 10 0 0.0
30 11 1568 0.306
30 12 1504 0.378
30 13 103 0.255
30 14 98 0.708
30 15 1497 0.509
30 16 1635 0.458
30 17 1635 0.29
30 18 1880 0.477
30 19 1344 0.377
30 20 1676 0.309
30 21 1333 0.338
30 22 1681 0.41
30 23 541 0.313
30 24 211 0.605
30 25 83 0.443
30 26 77 0.847
30 27 1764 0.392
30 28 1588 0.327
30 29 248 0.828
30 30 244 0.515
30 31 1508 0.338
30 32 1518 0.342
30 33 40 0.77
30 34 0 0.0
30 35 1612 0.227
30 36 1430 0.342
30 37 0 0.0
30 38 0 0.0
30 39 1394 0.353
30 40 1200 0.519
30 41 0 0.0
30 42 0 0.0
30 43 1119 0.42
30 44 1095 0.441
30 45 1009 0.38
30 46 1155 0.429
30 47 1397 0.248
30 48 1906 0.532
31 1 2328 0.574
31 2 2061 0.405
31 3 1585 0.296
31 4 2171 0.287
31 5 1634 0.309
31 6 2043 0.462
31 7 1427 0.426
31 8 1513 0.344
31 9 1528 0.418
31 10 1650 0.406
31 11 1857 0.402
31 12 2102 0.214
31 13 1866 0.322
31 14 1654 0.335
31 15 1743 0.22
31 16 1678 0.379
31 17 1695 0.497
31 18 1626 0.456
31 19 1513 0.45
31 20 1557 0.399
31 21 1672 0.33
31 22 1457 0.523
31 23 1316 0.59
31 24 1670 0.476
31 25 1677 0.43
31 26 1758 0.508
31 27 1716 0.365
31 28 1751 0.482
31 29 1418 0.418
31 30 1684 0.413
31 31 1478 0.384
31 32 1248 0.362
31 33 1518 0.351
31 34 1522 0.46
31 35 1187 0.382
31 36 1308 0.338
31 37 1435 0.44
31 38 1362 0.49
31 39 1245 0.392
31 40 1244 0.404
31 41 1233 0.408
31 42 1727 0.329
31 43 1332 0.267
31 44 1472 0.324
31 45 1137 0.558
31 46 1393 0.571
31 47 1170 0.477
31 48 1843 0.405
32 1 2399 0.471
32 2 2109 0.426
32 3 1665 0.261
32 4 1852 0.4
32 5 2314 0.444
32 6 1883 0.324
32 7 2460 0.462
32 8 2440 0.302
32 9 2075 0.378
32 10 2081 0.414
32 11 2149 0.384
32 12 2230 0.335
32 13 2073 0.584
32 14 2110 0.494
32 15 2298 0.369
32 16 1548 0.493
32 17 1383 0.455
32 18 1915 0.455
32 19 1765 0.51
32 20 2091 0.52
32 21 2042 0.491
32 22 1691 0.572
32 23 1987 0.419
32 24 2012 0.486
32 25 2149 0.444
32 26 2233 0.473
32 27 73 0.607
32 28 82 0.576
32 29 2092 0.487
32 30 1924 0.372
32 31 2076 0.351
32 32 2059 0.497
32 33 1455 0.556
32 34 1588 0.481
32 35 1808 0.367
32 36 1952 0.489
32 37 1774 0.348
32 38 1860 0.395
32 39 1662 0.41
32 40 1548 0.383
32 41 1689 0.467
32 42 1447 0.674
32 43 1671 0.34
32 44 1723 0.32
32 45 1772 0.447
32 46 1665 0.512
32 47 1706 0.339
32 48 1481 0.544
