row  column  size-1  circ-1
1 1 1253 0.482
1 2 1211 0.364
1 3 1508 0.289
1 4 1388 0.36
1 5 1375 0.473
1 6 1231 0.39
1 7 1405 0.505
1 8 1365 0.387
1 9 1337 0.347
1 10 1476 0.374
1 11 1040 0.5
1 12 1034 0.457
1 13 543 0.414
1 14 682 0.485
1 15 1108 0.408
1 16 1210 0.431
1 17 724 0.45
1 18 784 0.408
1 19 1133 0.429
1 20 1104 0.363
1 21 1038 0.453
1 22 1034 0.361
1 23 949 0.471
1 24 921 0.313
1 25 1043 0.51
1 26 1130 0.361
1 27 831 0.508
1 28 1080 0.527
1 29 927 0.416
1 30 875 0.631
1 31 519 0.449
1 32 992 0.512
1 33 734 0.466
1 34 1072 0.374
1 35 71 0.528
1 36 0 0.0
1 37 787 0.436
1 38 809 0.484
1 39 671 0.484
1 40 792 0.477
1 41 955 0.306
1 42 739 0.35
1 43 769 0.354
1 44 758 0.415
1 45 740 0.57
1 46 810 0.538
1 47 659 0.53
1 48 719 0.5
2 1 1027 0.449
2 2 1150 0.27
2 3 2170 0.213
2 4 1340 0.283
2 5 1707 0.266
2 6 1515 0.439
2 7 1243 0.365
2 8 1161 0.358
2 9 1045 0.397
2 10 1079 0.301
2 11 1292 0.34
2 12 975 0.49
2 13 1000 0.476
2 14 993 0.366
2 15 785 0.317
2 16 1032 0.337
2 17 779 0.406
2 18 881 0.304
2 19 1079 0.24
2 20 735 0.303
2 21 800 0.429
2 22 846 0.546
2 23 734 0.322
2 24 808 0.342
2 25 773 0.39
2 26 774 0.439
2 27 889 0.321
2 28 546 0.474
2 29 717 0.472
2 30 685 0.456
2 31 440 0.401
2 32 813 0.534
2 33 404 0.498
2 34 371 0.426
2 35 601 0.356
2 36 783 0.593
2 37 599 0.367
2 38 691 0.32
2 39 604 0.392
2 40 683 0.453
2 41 618 0.422
2 42 565 0.645
2 43 526 0.456
2 44 618 0.51
2 45 581 0.522
2 46 600 0.538
2 47 593 0.353
2 48 621 0.396
3 1 1193 0.534
3 2 1237 0.301
3 3 1098 0.401
3 4 1233 0.26
3 5 1480 0.257
3 6 1237 0.265
3 7 1187 0.233
3 8 1274 0.441
3 9 1760 0.204
3 10 776 0.422
3 11 920 0.353
3 12 847 0.406
3 13 0 0.0
3 14 0 0.0
3 15 929 0.468
3 16 760 0.306
3 17 806 0.399
3 18 824 0.269
3 19 1029 0.362
3 20 836 0.386
3 21 784 0.34
3 22 840 0.28
3 23 858 0.323
3 24 849 0.359
3 25 733 0.334
3 26 708 0.266
3 27 594 0.316
3 28 641 0.327
3 29 608 0.33
3 30 665 0.401
3 31 686 0.452
3 32 700 0.454
3 33 597 0.337
3 34 666 0.491
3 35 391 0.518
3 36 341 0.468
3 37 521 0.394
3 38 674 0.34
3 39 480 0.407
3 40 543 0.397
3 41 566 0.477
3 42 564 0.427
3 43 538 0.442
3 44 526 0.352
3 45 809 0.305
3 46 701 0.46
3 47 813 0.396
3 48 514 0.373
4 1 1761 0.246
4 2 1363 0.23
4 3 1126 0.349
4 4 1348 0.409
4 5 1313 0.28
4 6 1185 0.321
4 7 680 0.4
4 8 962 0.363
4 9 858 0.291
4 10 1192 0.446
4 11 789 0.423
4 12 750 0.256
4 13 843 0.406
4 14 802 0.319
4 15 826 0.441
4 16 856 0.38
4 17 653 0.411
4 18 773 0.394
4 19 857 0.34
4 20 860 0.292
4 21 708 0.3
4 22 722 0.355
4 23 827 0.387
4 24 749 0.302
4 25 670 0.479
4 26 791 0.533
4 27 723 0.373
4 28 758 0.267
4 29 645 0.391
4 30 461 0.362
4 31 665 0.445
4 32 479 0.593
4 33 635 0.4
4 34 674 0.345
4 35 588 0.523
4 36 599 0.366
4 37 522 0.338
4 38 523 0.505
4 39 435 0.48
4 40 495 0.319
4 41 453 0.436
4 42 512 0.411
4 43 534 0.364
4 44 483 0.453
4 45 508 0.608
4 46 799 0.39
4 47 816 0.52
4 48 868 0.532
5 1 1506 0.236
5 2 2439 0.23
5 3 1167 0.26
5 4 1239 0.265
5 5 1065 0.316
5 6 973 0.267
5 7 1087 0.392
5 8 931 0.364
5 9 1353 0.351
5 10 414 0.47
5 11 1120 0.268
5 12 1092 0.215
5 13 790 0.302
5 14 689 0.334
5 15 721 0.343
5 16 907 0.406
5 17 638 0.484
5 18 965 0.29
5 19 771 0.333
5 20 757 0.407
5 21 900 0.386
5 22 643 0.291
5 23 813 0.326
5 24 798 0.387
5 25 791 0.523
5 26 627 0.389
5 27 774 0.23
5 28 711 0.351
5 29 790 0.38
5 30 639 0.452
5 31 737 0.407
5 32 654 0.3
5 33 719 0.404
5 34 575 0.312
5 35 726 0.337
5 36 571 0.453
5 37 539 0.304
5 38 597 0.392
5 39 446 0.417
5 40 616 0.408
5 41 555 0.403
5 42 597 0.298
5 43 549 0.423
5 44 495 0.381
5 45 621 0.317
5 46 715 0.288
5 47 808 0.351
5 48 745 0.405
6 1 2325 0.195
6 2 1791 0.106
6 3 1468 0.178
6 4 1353 0.218
6 5 1117 0.394
6 6 1112 0.307
6 7 1641 0.217
6 8 1326 0.237
6 9 1092 0.249
6 10 769 0.299
6 11 774 0.367
6 12 850 0.388
6 13 681 0.373
6 14 651 0.545
6 15 758 0.355
6 16 895 0.42
6 17 816 0.42
6 18 799 0.451
6 19 770 0.253
6 20 909 0.285
6 21 804 0.284
6 22 819 0.319
6 23 319 0.585
6 24 720 0.294
6 25 817 0.407
6 26 714 0.3
6 27 882 0.319
6 28 801 0.44
6 29 736 0.381
6 30 713 0.432
6 31 612 0.382
6 32 564 0.381
6 33 652 0.323
6 34 502 0.416
6 35 611 0.31
6 36 672 0.344
6 37 517 0.452
6 38 609 0.272
6 39 505 0.308
6 40 393 0.338
6 41 595 0.432
6 42 463 0.338
6 43 613 0.471
6 44 673 0.287
6 45 567 0.517
6 46 652 0.388
6 47 651 0.536
6 48 943 0.402
7 1 1643 0.373
7 2 1904 0.174
7 3 1724 0.164
7 4 1813 0.165
7 5 1951 0.305
7 6 1120 0.218
7 7 1258 0.269
7 8 1139 0.212
7 9 851 0.306
7 10 868 0.261
7 11 883 0.316
7 12 845 0.317
7 13 916 0.334
7 14 1273 0.206
7 15 801 0.314
7 16 840 0.393
7 17 1128 0.377
7 18 952 0.298
7 19 835 0.337
7 20 764 0.318
7 21 829 0.4
7 22 641 0.413
7 23 897 0.347
7 24 954 0.355
7 25 945 0.299
7 26 729 0.353
7 27 731 0.414
7 28 788 0.368
7 29 757 0.36
7 30 718 0.3
7 31 567 0.353
7 32 720 0.432
7 33 735 0.42
7 34 584 0.509
7 35 584 0.444
7 36 839 0.364
7 37 568 0.448
7 38 709 0.41
7 39 679 0.458
7 40 621 0.345
7 41 1043 0.434
7 42 523 0.35
7 43 461 0.309
7 44 595 0.407
7 45 547 0.443
7 46 771 0.32
7 47 892 0.411
7 48 788 0.353
8 1 1133 0.166
8 2 2113 0.119
8 3 2058 0.233
8 4 1317 0.264
8 5 892 0.372
8 6 1377 0.346
8 7 978 0.276
8 8 958 0.313
8 9 1076 0.315
8 10 797 0.301
8 11 934 0.349
8 12 850 0.345
8 13 796 0.417
8 14 726 0.355
8 15 466 0.446
8 16 485 0.322
8 17 869 0.409
8 18 835 0.412
8 19 816 0.335
8 20 932 0.253
8 21 752 0.292
8 22 750 0.332
8 23 767 0.368
8 24 706 0.348
8 25 899 0.379
8 26 745 0.336
8 27 413 0.412
8 28 719 0.421
8 29 728 0.291
8 30 702 0.3
8 31 587 0.392
8 32 631 0.224
8 33 701 0.56
8 34 543 0.37
8 35 676 0.353
8 36 624 0.29
8 37 626 0.372
8 38 910 0.245
8 39 0 0.0
8 40 0 0.0
8 41 521 0.44
8 42 558 0.456
8 43 612 0.338
8 44 766 0.407
8 45 513 0.452
8 46 548 0.273
8 47 926 0.431
8 48 910 0.374
9 1 1632 0.214
9 2 1824 0.136
9 3 1575 0.229
9 4 1597 0.213
9 5 1257 0.275
9 6 1145 0.315
9 7 970 0.343
9 8 914 0.233
9 9 1032 0.339
9 10 953 0.364
9 11 2203 0.197
9 12 938 0.414
9 13 848 0.544
9 14 903 0.314
9 15 735 0.42
9 16 889 0.375
9 17 1001 0.532
9 18 830 0.367
9 19 961 0.275
9 20 829 0.309
9 21 743 0.386
9 22 851 0.362
9 23 858 0.274
9 24 919 0.436
9 25 798 0.438
9 26 825 0.334
9 27 704 0.389
9 28 494 0.319
9 29 815 0.314
9 30 1019 0.223
9 31 649 0.533
9 32 867 0.316
9 33 868 0.252
9 34 686 0.366
9 35 762 0.385
9 36 651 0.233
9 37 779 0.241
9 38 706 0.328
9 39 736 0.312
9 40 479 0.352
9 41 705 0.381
9 42 610 0.428
9 43 522 0.394
9 44 608 0.48
9 45 731 0.354
9 46 933 0.216
9 47 717 0.296
9 48 1008 0.419
10 1 1451 0.196
10 2 1875 0.227
10 3 1764 0.18
10 4 1578 0.244
10 5 1006 0.191
10 6 1055 0.282
10 7 939 0.298
10 8 980 0.321
10 9 904 0.271
10 10 1013 0.453
10 11 312 0.679
10 12 311 0.588
10 13 737 0.272
10 14 758 0.24
10 15 953 0.324
10 16 961 0.44
10 17 832 0.463
10 18 916 0.419
10 19 747 0.289
10 20 741 0.389
10 21 654 0.338
10 22 700 0.482
10 23 900 0.284
10 24 541 0.232
10 25 815 0.317
10 26 955 0.43
10 27 920 0.428
10 28 875 0.299
10 29 708 0.437
10 30 647 0.384
10 31 790 0.354
10 32 691 0.395
10 33 703 0.442
10 34 720 0.301
10 35 666 0.387
10 36 794 0.287
10 37 586 0.363
10 38 587 0.338
10 39 653 0.437
10 40 566 0.566
10 41 490 0.303
10 42 520 0.363
10 43 619 0.432
10 44 660 0.286
10 45 657 0.308
10 46 674 0.26
10 47 957 0.194
10 48 954 0.47
11 1 1279 0.214
11 2 2316 0.211
11 3 1618 0.126
11 4 1415 0.28
11 5 1407 0.263
11 6 985 0.25
11 7 1119 0.22
11 8 1143 0.209
11 9 1093 0.278
11 10 1134 0.302
11 11 815 0.391
11 12 971 0.361
11 13 566 0.463
11 14 420 0.35
11 15 871 0.435
11 16 705 0.35
11 17 1080 0.329
11 18 897 0.292
11 19 1019 0.354
11 20 915 0.354
11 21 927 0.465
11 22 880 0.4
11 23 1007 0.307
11 24 679 0.4
11 25 746 0.341
11 26 745 0.329
11 27 798 0.366
11 28 760 0.333
11 29 603 0.317
11 30 710 0.205
11 31 663 0.43
11 32 780 0.331
11 33 694 0.398
11 34 744 0.549
11 35 537 0.366
11 36 690 0.293
11 37 835 0.26
11 38 898 0.208
11 39 821 0.275
11 40 831 0.462
11 41 618 0.31
11 42 711 0.592
11 43 585 0.512
11 44 513 0.34
11 45 716 0.306
11 46 694 0.525
11 47 599 0.402
11 48 913 0.465
12 1 1279 0.312
12 2 1295 0.272
12 3 1401 0.137
12 4 1493 0.221
12 5 1304 0.221
12 6 1006 0.349
12 7 1040 0.357
12 8 985 0.324
12 9 823 0.348
12 10 946 0.271
12 11 890 0.375
12 12 959 0.195
12 13 884 0.356
12 14 908 0.407
12 15 840 0.497
12 16 887 0.445
12 17 836 0.548
12 18 791 0.344
12 19 942 0.319
12 20 1024 0.336
12 21 926 0.304
12 22 925 0.343
12 23 958 0.228
12 24 848 0.396
12 25 857 0.407
12 26 788 0.346
12 27 963 0.357
12 28 896 0.252
12 29 769 0.371
12 30 765 0.434
12 31 684 0.32
12 32 769 0.362
12 33 764 0.513
12 34 638 0.244
12 35 792 0.409
12 36 659 0.369
12 37 528 0.418
12 38 622 0.346
12 39 675 0.366
12 40 866 0.373
12 41 544 0.339
12 42 669 0.395
12 43 527 0.352
12 44 664 0.376
12 45 433 0.208
12 46 794 0.316
12 47 418 0.61
12 48 748 0.348
13 1 1265 0.247
13 2 1155 0.232
13 3 1445 0.214
13 4 1290 0.319
13 5 23 0.32
13 6 26 0.619
13 7 1091 0.293
13 8 1228 0.3
13 9 1518 0.245
13 10 1690 0.172
13 11 874 0.414
13 12 1589 0.244
13 13 855 0.315
13 14 945 0.453
13 15 929 0.374
13 16 852 0.295
13 17 1088 0.333
13 18 913 0.406
13 19 870 0.41
13 20 1081 0.375
13 21 439 0.46
13 22 508 0.488
13 23 705 0.424
13 24 656 0.402
13 25 1105 0.232
13 26 833 0.329
13 27 989 0.228
13 28 757 0.229
13 29 692 0.384
13 30 776 0.368
13 31 838 0.335
13 32 583 0.448
13 33 481 0.454
13 34 753 0.267
13 35 745 0.471
13 36 585 0.327
13 37 1105 0.3
13 38 738 0.391
13 39 645 0.334
13 40 520 0.372
13 41 597 0.454
13 42 593 0.301
13 43 558 0.311
13 44 615 0.435
13 45 921 0.321
13 46 598 0.459
13 47 720 0.437
13 48 841 0.316
14 1 1144 0.4
14 2 1266 0.273
14 3 1472 0.187
14 4 1279 0.192
14 5 1066 0.327
14 6 937 0.321
14 7 1048 0.333
14 8 1096 0.325
14 9 1027 0.223
14 10 1012 0.319
14 11 751 0.377
14 12 896 0.255
14 13 964 0.445
14 14 876 0.476
14 15 996 0.255
14 16 911 0.411
14 17 1026 0.385
14 18 830 0.282
14 19 848 0.36
14 20 940 0.289
14 21 969 0.296
14 22 884 0.258
14 23 825 0.469
14 24 899 0.259
14 25 752 0.404
14 26 910 0.284
14 27 547 0.346
14 28 778 0.471
14 29 798 0.55
14 30 803 0.539
14 31 673 0.476
14 32 668 0.307
14 33 813 0.277
14 34 705 0.372
14 35 856 0.381
14 36 846 0.377
14 37 551 0.435
14 38 518 0.207
14 39 740 0.383
14 40 698 0.484
14 41 631 0.472
14 42 518 0.377
14 43 647 0.331
14 44 649 0.477
14 45 740 0.439
14 46 737 0.402
14 47 778 0.256
14 48 760 0.212
15 1 898 0.581
15 2 1491 0.229
15 3 1727 0.178
15 4 1344 0.221
15 5 1043 0.241
15 6 890 0.544
15 7 718 0.405
15 8 859 0.458
15 9 1098 0.341
15 10 885 0.448
15 11 1061 0.314
15 12 851 0.304
15 13 1045 0.434
15 14 921 0.404
15 15 797 0.373
15 16 904 0.366
15 17 903 0.427
15 18 866 0.495
15 19 914 0.467
15 20 877 0.373
15 21 835 0.372
15 22 805 0.583
15 23 919 0.35
15 24 759 0.261
15 25 718 0.402
15 26 705 0.434
15 27 874 0.299
15 28 977 0.32
15 29 786 0.361
15 30 1064 0.363
15 31 761 0.475
15 32 793 0.368
15 33 802 0.32
15 34 871 0.325
15 35 618 0.308
15 36 680 0.42
15 37 929 0.509
15 38 775 0.364
15 39 646 0.341
15 40 678 0.389
15 41 623 0.225
15 42 706 0.371
15 43 653 0.241
15 44 608 0.35
15 45 615 0.323
15 46 855 0.349
15 47 730 0.415
15 48 1291 0.416
16 1 879 0.339
16 2 1005 0.186
16 3 1162 0.238
16 4 1810 0.161
16 5 854 0.274
16 6 1354 0.187
16 7 993 0.226
16 8 937 0.35
16 9 956 0.224
16 10 966 0.262
16 11 1302 0.201
16 12 851 0.387
16 13 1691 0.23
16 14 1244 0.283
16 15 1031 0.325
16 16 1202 0.303
16 17 862 0.342
16 18 975 0.512
16 19 785 0.394
16 20 825 0.399
16 21 951 0.393
16 22 854 0.361
16 23 968 0.357
16 24 889 0.314
16 25 848 0.417
16 26 786 0.353
16 27 878 0.276
16 28 899 0.334
16 29 788 0.501
16 30 837 0.511
16 31 734 0.378
16 32 805 0.343
16 33 744 0.436
16 34 711 0.381
16 35 866 0.375
16 36 789 0.367
16 37 832 0.232
16 38 655 0.422
16 39 718 0.429
16 40 695 0.526
16 41 829 0.509
16 42 616 0.533
16 43 673 0.359
16 44 724 0.332
16 45 533 0.398
16 46 688 0.333
16 47 886 0.42
16 48 618 0.458
17 1 1020 0.454
17 2 1016 0.433
17 3 1395 0.19
17 4 1366 0.305
17 5 854 0.269
17 6 854 0.36
17 7 961 0.458
17 8 1007 0.4
17 9 897 0.363
17 10 964 0.406
17 11 1091 0.287
17 12 1105 0.353
17 13 807 0.311
17 14 1126 0.347
17 15 0 0.0
17 16 12 0.372
17 17 968 0.432
17 18 877 0.342
17 19 1064 0.33
17 20 874 0.278
17 21 875 0.25
17 22 871 0.396
17 23 968 0.431
17 24 792 0.45
17 25 873 0.467
17 26 995 0.42
17 27 799 0.407
17 28 879 0.406
17 29 823 0.353
17 30 860 0.247
17 31 919 0.408
17 32 791 0.276
17 33 806 0.485
17 34 899 0.278
17 35 873 0.237
17 36 562 0.32
17 37 698 0.299
17 38 746 0.336
17 39 844 0.38
17 40 575 0.389
17 41 672 0.507
17 42 715 0.414
17 43 507 0.395
17 44 493 0.452
17 45 804 0.423
17 46 815 0.508
17 47 939 0.451
17 48 777 0.291
18 1 1211 0.41
18 2 1064 0.477
18 3 1295 0.239
18 4 1033 0.244
18 5 1116 0.398
18 6 1433 0.352
18 7 955 0.361
18 8 1212 0.296
18 9 1048 0.307
18 10 983 0.274
18 11 1021 0.279
18 12 890 0.411
18 13 939 0.354
18 14 893 0.309
18 15 1058 0.238
18 16 1085 0.502
18 17 877 0.446
18 18 808 0.207
18 19 634 0.556
18 20 1069 0.328
18 21 1016 0.343
18 22 865 0.343
18 23 1137 0.411
18 24 930 0.366
18 25 878 0.367
18 26 849 0.31
18 27 901 0.369
18 28 738 0.356
18 29 879 0.498
18 30 928 0.437
18 31 773 0.445
18 32 842 0.402
18 33 883 0.497
18 34 844 0.291
18 35 983 0.198
18 36 899 0.429
18 37 774 0.375
18 38 838 0.37
18 39 780 0.327
18 40 804 0.405
18 41 519 0.388
18 42 767 0.422
18 43 720 0.18
18 44 581 0.305
18 45 658 0.395
18 46 727 0.338
18 47 762 0.422
18 48 797 0.386
19 1 1218 0.326
19 2 995 0.343
19 3 1097 0.26
19 4 1211 0.272
19 5 27 0.414
19 6 12 0.458
19 7 10 0.358
19 8 0 0.0
19 9 1219 0.37
19 10 800 0.398
19 11 1162 0.341
19 12 994 0.336
19 13 1066 0.302
19 14 847 0.347
19 15 1052 0.356
19 16 1168 0.301
19 17 877 0.424
19 18 957 0.54
19 19 865 0.369
19 20 801 0.408
19 21 988 0.359
19 22 793 0.481
19 23 908 0.347
19 24 890 0.338
19 25 894 0.521
19 26 1068 0.342
19 27 641 0.454
19 28 963 0.327
19 29 874 0.417
19 30 853 0.506
19 31 881 0.381
19 32 729 0.288
19 33 908 0.263
19 34 855 0.44
19 35 771 0.35
19 36 775 0.212
19 37 522 0.325
19 38 540 0.43
19 39 859 0.455
19 40 857 0.253
19 41 764 0.397
19 42 627 0.461
19 43 639 0.362
19 44 758 0.349
19 45 621 0.527
19 46 801 0.432
19 47 948 0.271
19 48 806 0.422
20 1 1121 0.389
20 2 1766 0.165
20 3 1122 0.221
20 4 1174 0.29
20 5 1148 0.305
20 6 1255 0.271
20 7 1099 0.189
20 8 1107 0.33
20 9 1156 0.358
20 10 1042 0.4
20 11 867 0.351
20 12 768 0.384
20 13 1001 0.393
20 14 1392 0.279
20 15 871 0.527
20 16 757 0.365
20 17 1146 0.349
20 18 945 0.33
20 19 998 0.241
20 20 1058 0.381
20 21 964 0.359
20 22 1052 0.411
20 23 1284 0.183
20 24 803 0.219
20 25 1152 0.333
20 26 788 0.481
20 27 929 0.444
20 28 874 0.426
20 29 703 0.465
20 30 793 0.334
20 31 674 0.408
20 32 619 0.418
20 33 694 0.335
20 34 692 0.445
20 35 813 0.439
20 36 777 0.349
20 37 968 0.372
20 38 758 0.52
20 39 834 0.376
20 40 798 0.44
20 41 807 0.432
20 42 675 0.378
20 43 1111 0.317
20 44 714 0.487
20 45 729 0.334
20 46 762 0.44
20 47 817 0.328
20 48 771 0.486
21 1 1127 0.559
21 2 1185 0.466
21 3 1553 0.158
21 4 1447 0.19
21 5 1449 0.294
21 6 1060 0.244
21 7 912 0.4
21 8 1213 0.279
21 9 912 0.323
21 10 917 0.34
21 11 1351 0.318
21 12 985 0.294
21 13 990 0.272
21 14 1115 0.43
21 15 947 0.352
21 16 1155 0.299
21 17 934 0.263
21 18 879 0.336
21 19 844 0.347
21 20 942 0.269
21 21 934 0.437
21 22 759 0.425
21 23 979 0.428
21 24 765 0.432
21 25 885 0.411
21 26 801 0.459
21 27 742 0.371
21 28 922 0.418
21 29 923 0.392
21 30 876 0.452
21 31 701 0.259
21 32 894 0.334
21 33 778 0.421
21 34 704 0.475
21 35 856 0.327
21 36 880 0.346
21 37 0 0.0
21 38 0 0.0
21 39 958 0.348
21 40 949 0.38
21 41 959 0.215
21 42 873 0.187
21 43 609 0.335
21 44 537 0.397
21 45 622 0.669
21 46 834 0.46
21 47 494 0.433
21 48 820 0.402
22 1 1179 0.287
22 2 1369 0.158
22 3 1454 0.135
22 4 1264 0.317
22 5 976 0.232
22 6 963 0.258
22 7 1154 0.233
22 8 1013 0.302
22 9 984 0.212
22 10 1010 0.349
22 11 1211 0.281
22 12 1014 0.398
22 13 994 0.407
22 14 736 0.573
22 15 1087 0.358
22 16 937 0.338
22 17 997 0.389
22 18 1243 0.286
22 19 1040 0.433
22 20 1129 0.233
22 21 762 0.401
22 22 996 0.368
22 23 1007 0.464
22 24 1028 0.311
22 25 790 0.385
22 26 954 0.357
22 27 1041 0.365
22 28 831 0.393
22 29 956 0.397
22 30 937 0.391
22 31 913 0.321
22 32 990 0.32
22 33 808 0.508
22 34 783 0.341
22 35 903 0.388
22 36 868 0.321
22 37 832 0.361
22 38 689 0.498
22 39 960 0.4
22 40 771 0.445
22 41 707 0.368
22 42 675 0.34
22 43 918 0.242
22 44 790 0.32
22 45 905 0.402
22 46 890 0.26
22 47 1223 0.272
22 48 974 0.375
23 1 1425 0.139
23 2 1621 0.221
23 3 1068 0.101
23 4 818 0.314
23 5 1377 0.217
23 6 937 0.325
23 7 1248 0.332
23 8 1028 0.297
23 9 1932 0.168
23 10 1097 0.425
23 11 1164 0.317
23 12 1089 0.355
23 13 770 0.441
23 14 1166 0.334
23 15 1043 0.303
23 16 894 0.362
23 17 945 0.343
23 18 937 0.328
23 19 1373 0.331
23 20 1029 0.428
23 21 767 0.514
23 22 1043 0.391
23 23 776 0.331
23 24 926 0.345
23 25 875 0.364
23 26 985 0.382
23 27 1111 0.401
23 28 714 0.573
23 29 970 0.346
23 30 838 0.294
23 31 874 0.396
23 32 846 0.514
23 33 880 0.334
23 34 749 0.364
23 35 692 0.334
23 36 801 0.468
23 37 1079 0.297
23 38 750 0.343
23 39 772 0.469
23 40 806 0.522
23 41 0 0.0
23 42 0 0.0
23 43 857 0.405
23 44 660 0.372
23 45 806 0.425
23 46 1325 0.372
23 47 1078 0.482
23 48 970 0.479
24 1 1082 0.273
24 2 1486 0.125
24 3 1565 0.16
24 4 1462 0.183
24 5 1190 0.307
24 6 870 0.244
24 7 1075 0.223
24 8 1078 0.304
24 9 1025 0.273
24 10 811 0.415
24 11 1134 0.313
24 12 886 0.451
24 13 847 0.509
24 14 596 0.316
24 15 931 0.299
24 16 1039 0.276
24 17 1143 0.386
24 18 1031 0.438
24 19 1093 0.299
24 20 861 0.207
24 21 675 0.562
24 22 903 0.394
24 23 941 0.328
24 24 832 0.454
24 25 1040 0.338
24 26 542 0.305
24 27 684 0.501
24 28 713 0.492
24 29 861 0.483
24 30 774 0.516
24 31 915 0.356
24 32 633 0.352
24 33 790 0.578
24 34 686 0.417
24 35 819 0.312
24 36 711 0.386
24 37 638 0.499
24 38 770 0.355
24 39 991 0.358
24 40 734 0.368
24 41 784 0.432
24 42 712 0.34
24 43 625 0.366
24 44 688 0.433
24 45 1087 0.297
24 46 1004 0.434
24 47 933 0.375
24 48 1179 0.498
25 1 1285 0.264
25 2 1471 0.144
25 3 1639 0.112
25 4 1314 0.115
25 5 809 0.192
25 6 582 0.223
25 7 1453 0.257
25 8 1114 0.319
25 9 819 0.396
25 10 757 0.301
25 11 1020 0.319
25 12 1030 0.369
25 13 1248 0.413
25 14 1100 0.224
25 15 1113 0.374
25 16 1105 0.342
25 17 904 0.304
25 18 936 0.428
25 19 1081 0.384
25 20 1074 0.333
25 21 845 0.478
25 22 717 0.527
25 23 792 0.276
25 24 884 0.425
25 25 782 0.387
25 26 989 0.231
25 27 871 0.378
25 28 1214 0.237
25 29 857 0.268
25 30 784 0.341
25 31 1030 0.262
25 32 776 0.305
25 33 1018 0.413
25 34 779 0.358
25 35 803 0.333
25 36 868 0.274
25 37 848 0.332
25 38 861 0.409
25 39 790 0.3
25 40 878 0.413
25 41 634 0.238
25 42 761 0.27
25 43 766 0.379
25 44 744 0.4
25 45 877 0.486
25 46 618 0.382
25 47 953 0.366
25 48 956 0.592
26 1 1439 0.259
26 2 1557 0.158
26 3 1583 0.163
26 4 1672 0.163
26 5 1248 0.309
26 6 1053 0.229
26 7 1030 0.228
26 8 1084 0.311
26 9 1262 0.256
26 10 1266 0.324
26 11 1164 0.333
26 12 1094 0.352
26 13 1073 0.374
26 14 810 0.326
26 15 1113 0.291
26 16 1121 0.243
26 17 928 0.261
26 18 1147 0.368
26 19 732 0.218
26 20 1103 0.217
26 21 907 0.346
26 22 919 0.337
26 23 936 0.439
26 24 737 0.272
26 25 766 0.36
26 26 620 0.362
26 27 768 0.557
26 28 912 0.469
26 29 907 0.397
26 30 630 0.34
26 31 1210 0.221
26 32 1192 0.389
26 33 863 0.3
26 34 672 0.316
26 35 687 0.347
26 36 845 0.433
26 37 863 0.411
26 38 804 0.318
26 39 749 0.45
26 40 720 0.371
26 41 827 0.503
26 42 808 0.357
26 43 797 0.372
26 44 764 0.344
26 45 863 0.445
26 46 965 0.575
26 47 1236 0.248
26 48 976 0.583
27 1 1651 0.192
27 2 1493 0.184
27 3 1861 0.282
27 4 1653 0.208
27 5 978 0.224
27 6 1180 0.259
27 7 965 0.304
27 8 1241 0.19
27 9 1147 0.245
27 10 1249 0.396
27 11 1132 0.301
27 12 1050 0.275
27 13 988 0.393
27 14 981 0.457
27 15 1035 0.289
27 16 1085 0.227
27 17 946 0.371
27 18 957 0.306
27 19 898 0.313
27 20 868 0.337
27 21 1011 0.318
27 22 981 0.371
27 23 1183 0.391
27 24 851 0.273
27 25 897 0.4
27 26 929 0.396
27 27 935 0.365
27 28 910 0.336
27 29 295 0.655
27 30 388 0.678
27 31 799 0.341
27 32 804 0.407
27 33 835 0.393
27 34 839 0.343
27 35 1069 0.305
27 36 735 0.193
27 37 772 0.312
27 38 713 0.309
27 39 778 0.611
27 40 839 0.368
27 41 802 0.354
27 42 890 0.378
27 43 723 0.272
27 44 886 0.602
27 45 820 0.407
27 46 967 0.377
27 47 1145 0.48
27 48 955 0.601
28 1 1232 0.273
28 2 1455 0.236
28 3 1685 0.2
28 4 2486 0.215
28 5 1480 0.199
28 6 1049 0.307
28 7 983 0.265
28 8 1023 0.347
28 9 1044 0.285
28 10 965 0.314
28 11 768 0.376
28 12 912 0.369
28 13 695 0.397
28 14 750 0.422
28 15 850 0.247
28 16 899 0.502
28 17 1026 0.378
28 18 860 0.358
28 19 778 0.365
28 20 895 0.459
28 21 652 0.467
28 22 910 0.284
28 23 773 0.313
28 24 761 0.373
28 25 684 0.321
28 26 870 0.412
28 27 634 0.41
28 28 693 0.514
28 29 750 0.373
28 30 664 0.347
28 31 799 0.476
28 32 802 0.46
28 33 723 0.422
28 34 615 0.395
28 35 652 0.267
28 36 754 0.413
28 37 834 0.442
28 38 608 0.417
28 39 818 0.363
28 40 577 0.575
28 41 775 0.303
28 42 876 0.417
28 43 829 0.255
28 44 951 0.236
28 45 819 0.367
28 46 818 0.43
28 47 1029 0.481
28 48 1118 0.42
29 1 1465 0.326
29 2 1431 0.19
29 3 1844 0.176
29 4 1689 0.198
29 5 1380 0.239
29 6 820 0.441
29 7 1452 0.271
29 8 1513 0.237
29 9 1155 0.354
29 10 1165 0.338
29 11 926 0.311
29 12 1282 0.428
29 13 979 0.504
29 14 756 0.459
29 15 921 0.359
29 16 766 0.487
29 17 951 0.384
29 18 1307 0.297
29 19 945 0.39
29 20 933 0.397
29 21 954 0.355
29 22 754 0.403
29 23 753 0.539
29 24 835 0.435
29 25 970 0.274
29 26 776 0.326
29 27 730 0.415
29 28 749 0.509
29 29 677 0.463
29 30 709 0.424
29 31 789 0.337
29 32 806 0.282
29 33 1136 0.296
29 34 1192 0.287
29 35 734 0.374
29 36 758 0.498
29 37 772 0.414
29 38 799 0.365
29 39 718 0.323
29 40 698 0.374
29 41 1177 0.292
29 42 978 0.317
29 43 772 0.324
29 44 1126 0.528
29 45 849 0.483
29 46 831 0.37
29 47 655 0.457
29 48 959 0.403
30 1 1317 0.212
30 2 1125 0.176
30 3 1499 0.188
30 4 1912 0.202
30 5 1322 0.322
30 6 1133 0.282
30 7 1316 0.211
30 8 1226 0.29
30 9 1063 0.334
30 10 1014 0.394
30 11 1287 0.236
30 12 1043 0.482
30 13 1037 0.305
30 14 1074 0.374
30 15 1102 0.374
30 16 825 0.486
30 17 975 0.386
30 18 930 0.332
30 19 902 0.413
30 20 1279 0.258
30 21 848 0.316
30 22 856 0.546
30 23 597 0.524
30 24 854 0.247
30 25 736 0.449
30 26 739 0.414
30 27 715 0.421
30 28 973 0.399
30 29 716 0.345
30 30 827 0.482
30 31 702 0.346
30 32 599 0.422
30 33 732 0.379
30 34 685 0.465
30 35 792 0.3
30 36 939 0.356
30 37 663 0.335
30 38 866 0.278
30 39 628 0.363
30 40 682 0.425
30 41 0 0.0
30 42 0 0.0
30 43 741 0.64
30 44 827 0.352
30 45 907 0.315
30 46 902 0.473
30 47 991 0.285
30 48 1013 0.421
31 1 1105 0.532
31 2 1091 0.292
31 3 1631 0.175
31 4 1302 0.273
31 5 1096 0.32
31 6 893 0.309
31 7 1141 0.356
31 8 1024 0.312
31 9 1047 0.376
31 10 950 0.343
31 11 548 0.454
31 12 427 0.526
31 13 1018 0.348
31 14 998 0.414
31 15 857 0.361
31 16 941 0.35
31 17 801 0.393
31 18 866 0.366
31 19 982 0.434
31 20 826 0.462
31 21 845 0.35
31 22 865 0.551
31 23 1025 0.381
31 24 874 0.302
31 25 798 0.306
31 26 812 0.416
31 27 878 0.453
31 28 773 0.433
31 29 932 0.377
31 30 719 0.354
31 31 871 0.435
31 32 746 0.401
31 33 746 0.364
31 34 809 0.442
31 35 785 0.432
31 36 884 0.458
31 37 810 0.489
31 38 788 0.381
31 39 1187 0.228
31 40 873 0.448
31 41 911 0.493
31 42 964 0.302
31 43 887 0.29
31 44 711 0.462
31 45 903 0.493
31 46 824 0.585
31 47 1038 0.391
31 48 1366 0.506
32 1 1417 0.34
32 2 1126 0.297
32 3 1255 0.193
32 4 1130 0.455
32 5 1181 0.229
32 6 1415 0.327
32 7 1000 0.335
32 8 1216 0.275
32 9 1229 0.322
32 10 1096 0.312
32 11 1027 0.678
32 12 883 0.43
32 13 1059 0.497
32 14 0 0.0
32 15 1313 0.258
32 16 1111 0.389
32 17 838 0.657
32 18 1012 0.287
32 19 1415 0.216
32 20 834 0.334
32 21 2315 0.54
32 22 847 0.488
32 23 1104 0.324
32 24 946 0.429
32 25 1229 0.418
32 26 886 0.444
32 27 940 0.452
32 28 790 0.409
32 29 898 0.358
32 30 879 0.383
32 31 977 0.517
32 32 856 0.348
32 33 1054 0.514
32 34 888 0.404
32 35 1013 0.504
32 36 965 0.553
32 37 785 0.593
32 38 727 0.624
32 39 775 0.43
32 40 1291 0.35
32 41 1254 0.365
32 42 942 0.471
32 43 806 0.464
32 44 849 0.524
32 45 979 0.403
32 46 1109 0.425
32 47 1164 0.35
32 48 715 0.48
