row  column  size-1  circ-1
1 1 2995 0.487
1 2 2669 0.481
1 3 2813 0.395
1 4 2270 0.446
1 5 2430 0.451
1 6 2838 0.461
1 7 2231 0.496
1 8 2134 0.327
1 9 2321 0.435
1 10 2140 0.488
1 11 2291 0.468
1 12 2334 0.314
1 13 2062 0.527
1 14 1882 0.378
1 15 2015 0.385
1 16 1905 0.537
1 17 2036 0.534
1 18 2282 0.284
1 19 2008 0.451
1 20 1793 0.435
1 21 1819 0.478
1 22 1878 0.456
1 23 1707 0.356
1 24 1966 0.369
1 25 1849 0.29
1 26 1746 0.315
1 27 1873 0.435
1 28 1703 0.29
1 29 2036 0.378
1 30 1922 0.382
1 31 1732 0.453
1 32 2156 0.485
1 33 148 0.509
1 34 144 0.52
1 35 2038 0.453
1 36 1489 0.34
1 37 1718 0.451
1 38 1693 0.285
1 39 1766 0.388
1 40 1617 0.407
1 41 1592 0.388
1 42 1881 0.397
1 43 1773 0.317
1 44 1700 0.363
1 45 1605 0.346
1 46 1274 0.498
1 47 1385 0.531
1 48 2161 0.359
2 1 2411 0.327
2 2 1797 0.321
2 3 2016 0.288
2 4 1368 0.316
2 5 1731 0.402
2 6 1285 0.414
2 7 1007 0.503
2 8 1178 0.187
2 9 1432 0.282
2 10 1236 0.279
2 11 1536 0.37
2 12 1187 0.368
2 13 1359 0.367
2 14 1336 0.324
2 15 1279 0.401
2 16 1333 0.391
2 17 1113 0.425
2 18 1262 0.295
2 19 1027 0.443
2 20 1374 0.348
2 21 1285 0.35
2 22 1392 0.297
2 23 1214 0.427
2 24 1186 0.322
2 25 1099 0.377
2 26 1169 0.45
2 27 910 0.325
2 28 838 0.305
2 29 1117 0.488
2 30 1135 0.357
2 31 1093 0.477
2 32 1179 0.38
2 33 592 0.283
2 34 733 0.575
2 35 1179 0.428
2 36 1102 0.377
2 37 978 0.313
2 38 1137 0.325
2 39 34 0.642
2 40 1115 0.406
2 41 1004 0.344
2 42 989 0.411
2 43 1023 0.391
2 44 914 0.517
2 45 574 0.474
2 46 669 0.444
2 47 1012 0.547
2 48 1411 0.244
3 1 0 0.0
3 2 0 0.0
3 3 1580 0.313
3 4 1123 0.377
3 5 1192 0.296
3 6 1182 0.305
3 7 1110 0.419
3 8 1205 0.387
3 9 1484 0.246
3 10 1089 0.293
3 11 1131 0.302
3 12 1312 0.346
3 13 1040 0.285
3 14 1069 0.364
3 15 1341 0.244
3 16 1106 0.345
3 17 1068 0.298
3 18 835 0.278
3 19 1160 0.364
3 20 1231 0.313
3 21 18 0.558
3 22 49 0.777
3 23 1413 0.326
3 24 1286 0.304
3 25 782 0.512
3 26 787 0.243
3 27 1151 0.291
3 28 1039 0.46
3 29 971 0.303
3 30 1069 0.374
3 31 939 0.391
3 32 779 0.341
3 33 1039 0.391
3 34 929 0.368
3 35 903 0.314
3 36 804 0.382
3 37 842 0.394
3 38 910 0.259
3 39 1033 0.408
3 40 836 0.397
3 41 890 0.428
3 42 1015 0.443
3 43 1048 0.451
3 44 1031 0.441
3 45 1358 0.455
3 46 1179 0.48
3 47 538 0.355
3 48 1401 0.257
4 1 2556 0.392
4 2 1688 0.305
4 3 1231 0.334
4 4 1129 0.397
4 5 1315 0.346
4 6 1053 0.323
4 7 1384 0.298
4 8 1328 0.301
4 9 900 0.414
4 10 1042 0.269
4 11 1005 0.394
4 12 1105 0.308
4 13 782 0.519
4 14 1098 0.413
4 15 812 0.363
4 16 892 0.378
4 17 1069 0.251
4 18 976 0.385
4 19 901 0.448
4 20 892 0.423
4 21 876 0.332
4 22 1144 0.512
4 23 95 0.343
4 24 101 0.475
4 25 838 0.213
4 26 871 0.244
4 27 1026 0.384
4 28 973 0.354
4 29 1089 0.304
4 30 1002 0.294
4 31 861 0.228
4 32 1003 0.385
4 33 841 0.361
4 34 937 0.392
4 35 762 0.272
4 36 825 0.297
4 37 802 0.402
4 38 851 0.351
4 39 822 0.225
4 40 904 0.461
4 41 822 0.233
4 42 848 0.323
4 43 438 0.376
4 44 477 0.323
4 45 594 0.47
4 46 510 0.425
4 47 963 0.535
4 48 1530 0.438
5 1 2483 0.493
5 2 1711 0.36
5 3 1375 0.316
5 4 1187 0.243
5 5 1052 0.478
5 6 1067 0.324
5 7 996 0.406
5 8 1174 0.374
5 9 1023 0.405
5 10 1036 0.374
5 11 855 0.414
5 12 856 0.335
5 13 1153 0.39
5 14 1075 0.333
5 15 1141 0.293
5 16 1049 0.365
5 17 1078 0.365
5 18 825 0.34
5 19 1060 0.266
5 20 1134 0.322
5 21 982 0.24
5 22 1143 0.395
5 23 1072 0.439
5 24 958 0.405
5 25 963 0.542
5 26 774 0.303
5 27 1006 0.366
5 28 901 0.407
5 29 1094 0.294
5 30 1008 0.324
5 31 1168 0.312
5 32 844 0.343
5 33 908 0.334
5 34 821 0.346
5 35 881 0.402
5 36 975 0.325
5 37 898 0.244
5 38 808 0.359
5 39 1044 0.459
5 40 838 0.285
5 41 907 0.326
5 42 976 0.236
5 43 1068 0.253
5 44 1126 0.437
5 45 1065 0.255
5 46 1285 0.283
5 47 1374 0.334
5 48 1761 0.344
6 1 2538 0.537
6 2 1976 0.232
6 3 2222 0.218
6 4 1568 0.254
6 5 972 0.443
6 6 1511 0.274
6 7 1168 0.423
6 8 1204 0.3
6 9 937 0.304
6 10 1051 0.221
6 11 961 0.509
6 12 1202 0.237
6 13 1297 0.367
6 14 1348 0.302
6 15 1234 0.311
6 16 1214 0.214
6 17 1119 0.28
6 18 1123 0.41
6 19 1003 0.311
6 20 898 0.383
6 21 1009 0.362
6 22 922 0.335
6 23 1034 0.216
6 24 1105 0.446
6 25 813 0.42
6 26 1117 0.444
6 27 965 0.392
6 28 963 0.265
6 29 982 0.351
6 30 851 0.269
6 31 1001 0.344
6 32 1050 0.244
6 33 341 0.171
6 34 488 0.248
6 35 1079 0.306
6 36 936 0.391
6 37 808 0.199
6 38 900 0.239
6 39 1088 0.324
6 40 844 0.258
6 41 984 0.328
6 42 982 0.323
6 43 1004 0.37
6 44 1243 0.386
6 45 864 0.396
6 46 212 0.288
6 47 948 0.528
6 48 2050 0.387
7 1 22 0.246
7 2 23 0.712
7 3 2533 0.192
7 4 1274 0.206
7 5 1226 0.263
7 6 1079 0.358
7 7 1383 0.18
7 8 1252 0.344
7 9 1188 0.192
7 10 1401 0.261
7 11 1176 0.225
7 12 1029 0.408
7 13 608 0.394
7 14 38 0.717
7 15 1221 0.257
7 16 1082 0.338
7 17 1230 0.41
7 18 1074 0.319
7 19 1097 0.248
7 20 1304 0.264
7 21 970 0.272
7 22 1251 0.218
7 23 950 0.498
7 24 1215 0.201
7 25 1102 0.332
7 26 1152 0.427
7 27 1219 0.372
7 28 395 0.346
7 29 950 0.229
7 30 928 0.462
7 31 1039 0.342
7 32 1055 0.31
7 33 879 0.323
7 34 896 0.225
7 35 937 0.37
7 36 1112 0.35
7 37 961 0.262
7 38 970 0.211
7 39 939 0.316
7 40 1038 0.309
7 41 958 0.323
7 42 1038 0.373
7 43 1046 0.235
7 44 947 0.397
7 45 1138 0.35
7 46 1120 0.405
7 47 1212 0.321
7 48 1721 0.378
8 1 2785 0.373
8 2 2545 0.464
8 3 1323 0.301
8 4 1825 0.337
8 5 1223 0.293
8 6 1369 0.4
8 7 1042 0.384
8 8 1054 0.322
8 9 1018 0.436
8 10 877 0.402
8 11 1377 0.263
8 12 1346 0.313
8 13 1281 0.283
8 14 1405 0.275
8 15 1355 0.471
8 16 1343 0.346
8 17 1105 0.225
8 18 1285 0.306
8 19 1105 0.381
8 20 1196 0.312
8 21 990 0.348
8 22 726 0.261
8 23 1286 0.283
8 24 1042 0.295
8 25 1246 0.276
8 26 1163 0.379
8 27 1157 0.26
8 28 1155 0.323
8 29 1463 0.236
8 30 1059 0.27
8 31 1020 0.266
8 32 1087 0.264
8 33 950 0.206
8 34 996 0.356
8 35 1154 0.287
8 36 1251 0.256
8 37 1098 0.352
8 38 947 0.316
8 39 77 0.417
8 40 1132 0.324
8 41 1051 0.382
8 42 1179 0.383
8 43 756 0.306
8 44 1116 0.261
8 45 1147 0.308
8 46 1537 0.48
8 47 1054 0.297
8 48 1707 0.448
9 1 2853 0.361
9 2 1782 0.244
9 3 1784 0.213
9 4 1031 0.492
9 5 1397 0.228
9 6 1085 0.276
9 7 994 0.308
9 8 1575 0.209
9 9 1010 0.217
9 10 1335 0.272
9 11 1024 0.305
9 12 609 0.579
9 13 957 0.357
9 14 1137 0.236
9 15 1182 0.328
9 16 1053 0.385
9 17 912 0.318
9 18 932 0.309
9 19 1120 0.288
9 20 1258 0.237
9 21 68 0.748
9 22 57 0.412
9 23 1429 0.252
9 24 1041 0.26
9 25 470 0.39
9 26 779 0.359
9 27 1417 0.327
9 28 986 0.21
9 29 1008 0.335
9 30 1223 0.29
9 31 1016 0.239
9 32 1059 0.303
9 33 1006 0.182
9 34 984 0.295
9 35 1112 0.267
9 36 1359 0.443
9 37 1161 0.312
9 38 799 0.456
9 39 1161 0.285
9 40 1033 0.334
9 41 851 0.406
9 42 1263 0.34
9 43 1151 0.331
9 44 1173 0.356
9 45 639 0.466
9 46 563 0.289
9 47 1193 0.344
9 48 1943 0.345
10 1 2594 0.259
10 2 1615 0.234
10 3 1591 0.197
10 4 1488 0.307
10 5 1154 0.382
10 6 1384 0.368
10 7 964 0.4
10 8 1255 0.336
10 9 942 0.336
10 10 1091 0.224
10 11 1131 0.471
10 12 1293 0.261
10 13 1191 0.335
10 14 1247 0.32
10 15 1270 0.307
10 16 1182 0.306
10 17 1287 0.324
10 18 1153 0.486
10 19 1257 0.36
10 20 1191 0.326
10 21 1211 0.432
10 22 1021 0.474
10 23 1526 0.346
10 24 1345 0.383
10 25 1040 0.367
10 26 1206 0.38
10 27 1210 0.249
10 28 1045 0.304
10 29 1186 0.264
10 30 917 0.224
10 31 1035 0.268
10 32 1199 0.299
10 33 640 0.241
10 34 594 0.302
10 35 956 0.3
10 36 1068 0.39
10 37 1321 0.247
10 38 1338 0.393
10 39 1235 0.29
10 40 1079 0.445
10 41 1214 0.439
10 42 1253 0.287
10 43 18 0.606
10 44 84 0.5
10 45 1129 0.235
10 46 1107 0.341
10 47 1026 0.345
10 48 1670 0.267
11 1 2440 0.275
11 2 1660 0.342
11 3 1485 0.283
11 4 1539 0.24
11 5 1975 0.432
11 6 34 0.501
11 7 1218 0.29
11 8 1308 0.224
11 9 1367 0.281
11 10 956 0.399
11 11 1432 0.358
11 12 1402 0.396
11 13 1042 0.382
11 14 1224 0.384
11 15 1060 0.372
11 16 1345 0.425
11 17 1199 0.374
11 18 1019 0.358
11 19 1678 0.229
11 20 1300 0.306
11 21 78 0.622
11 22 126 0.595
11 23 1303 0.296
11 24 1174 0.284
11 25 1366 0.383
11 26 1360 0.304
11 27 1364 0.364
11 28 1287 0.265
11 29 1033 0.368
11 30 862 0.3
11 31 1158 0.25
11 32 1090 0.186
11 33 895 0.345
11 34 1027 0.223
11 35 1047 0.243
11 36 844 0.231
11 37 1206 0.269
11 38 1028 0.218
11 39 972 0.288
11 40 917 0.367
11 41 341 0.296
11 42 28 0.564
11 43 1088 0.283
11 44 894 0.476
11 45 1198 0.253
11 46 1219 0.415
11 47 929 0.348
11 48 1711 0.31
12 1 2335 0.359
12 2 1571 0.314
12 3 1239 0.209
12 4 1567 0.184
12 5 1334 0.412
12 6 1853 0.348
12 7 1178 0.293
12 8 1382 0.282
12 9 553 0.414
12 10 705 0.379
12 11 1177 0.294
12 12 1012 0.319
12 13 1312 0.444
12 14 1440 0.306
12 15 1346 0.403
12 16 1219 0.305
12 17 1226 0.314
12 18 1346 0.314
12 19 943 0.316
12 20 1381 0.419
12 21 1880 0.294
12 22 2028 0.287
12 23 1236 0.351
12 24 1245 0.392
12 25 1033 0.292
12 26 961 0.273
12 27 1356 0.235
12 28 1160 0.22
12 29 1409 0.299
12 30 1128 0.417
12 31 1463 0.416
12 32 934 0.11
12 33 984 0.313
12 34 1243 0.296
12 35 1233 0.255
12 36 1180 0.377
12 37 941 0.259
12 38 1078 0.365
12 39 1201 0.228
12 40 988 0.37
12 41 989 0.383
12 42 1073 0.224
12 43 1123 0.379
12 44 972 0.288
12 45 1274 0.319
12 46 500 0.137
12 47 1026 0.41
12 48 1515 0.267
13 1 2300 0.414
13 2 1509 0.243
13 3 1405 0.373
13 4 1351 0.28
13 5 905 0.226
13 6 845 0.446
13 7 1137 0.283
13 8 1074 0.285
13 9 1122 0.44
13 10 1291 0.276
13 11 1631 0.232
13 12 1560 0.288
13 13 41 0.356
13 14 19 0.514
13 15 1949 0.431
13 16 1184 0.274
13 17 1233 0.404
13 18 1260 0.353
13 19 1019 0.334
13 20 1354 0.296
13 21 127 0.584
13 22 88 0.636
13 23 1249 0.243
13 24 1304 0.286
13 25 731 0.268
13 26 631 0.511
13 27 1233 0.424
13 28 955 0.234
13 29 1381 0.3
13 30 1113 0.182
13 31 1235 0.415
13 32 1249 0.313
13 33 1076 0.382
13 34 974 0.167
13 35 876 0.321
13 36 1035 0.331
13 37 1000 0.24
13 38 1205 0.322
13 39 46 0.475
13 40 38 0.56
13 41 1083 0.41
13 42 1159 0.401
13 43 1438 0.286
13 44 1318 0.36
13 45 1029 0.384
13 46 987 0.336
13 47 971 0.378
13 48 1766 0.274
14 1 2568 0.413
14 2 1687 0.373
14 3 818 0.291
14 4 1651 0.286
14 5 1490 0.353
14 6 1636 0.373
14 7 1345 0.283
14 8 1236 0.425
14 9 1188 0.316
14 10 1171 0.409
14 11 2077 0.276
14 12 1092 0.28
14 13 1756 0.321
14 14 1769 0.317
14 15 1345 0.344
14 16 1344 0.347
14 17 1386 0.333
14 18 1468 0.31
14 19 1485 0.298
14 20 1627 0.343
14 21 1456 0.444
14 22 1539 0.28
14 23 1359 0.22
14 24 1469 0.339
14 25 1384 0.35
14 26 989 0.382
14 27 1040 0.263
14 28 1060 0.407
14 29 1029 0.181
14 30 1360 0.333
14 31 919 0.271
14 32 906 0.356
14 33 1057 0.13
14 34 858 0.278
14 35 1114 0.247
14 36 904 0.284
14 37 645 0.231
14 38 1193 0.266
14 39 1117 0.511
14 40 1131 0.367
14 41 1193 0.356
14 42 945 0.342
14 43 54 0.894
14 44 59 0.571
14 45 1131 0.436
14 46 1103 0.312
14 47 597 0.399
14 48 841 0.134
15 1 0 0.0
15 2 2003 0.298
15 3 1539 0.325
15 4 1247 0.289
15 5 1249 0.311
15 6 1474 0.26
15 7 1030 0.355
15 8 1239 0.285
15 9 1182 0.306
15 10 971 0.46
15 11 1152 0.356
15 12 1420 0.344
15 13 1297 0.399
15 14 1369 0.368
15 15 1299 0.221
15 16 1380 0.316
15 17 1166 0.363
15 18 1335 0.389
15 19 1387 0.33
15 20 1377 0.279
15 21 93 0.589
15 22 103 0.563
15 23 1766 0.406
15 24 1142 0.279
15 25 1292 0.219
15 26 1211 0.304
15 27 1004 0.244
15 28 1227 0.24
15 29 1201 0.209
15 30 1092 0.302
15 31 1339 0.458
15 32 1128 0.33
15 33 988 0.137
15 34 1048 0.154
15 35 994 0.231
15 36 1042 0.309
15 37 988 0.283
15 38 1098 0.261
15 39 1135 0.256
15 40 980 0.352
15 41 1131 0.304
15 42 892 0.328
15 43 1183 0.447
15 44 1039 0.409
15 45 1085 0.278
15 46 1187 0.294
15 47 1143 0.291
15 48 1835 0.281
16 1 2472 0.416
16 2 1436 0.285
16 3 1710 0.255
16 4 1633 0.298
16 5 1756 0.209
16 6 1071 0.329
16 7 1549 0.281
16 8 1279 0.3
16 9 1332 0.305
16 10 1543 0.275
16 11 1470 0.245
16 12 1387 0.342
16 13 1507 0.404
16 14 1342 0.332
16 15 1397 0.267
16 16 1488 0.375
16 17 771 0.364
16 18 1384 0.417
16 19 1293 0.407
16 20 1174 0.311
16 21 1460 0.379
16 22 1411 0.271
16 23 1231 0.445
16 24 1319 0.281
16 25 1529 0.177
16 26 1491 0.309
16 27 1189 0.309
16 28 1413 0.252
16 29 1326 0.285
16 30 1269 0.418
16 31 1536 0.317
16 32 1094 0.165
16 33 1021 0.251
16 34 880 0.171
16 35 1184 0.386
16 36 1047 0.247
16 37 921 0.214
16 38 751 0.176
16 39 1075 0.533
16 40 1000 0.346
16 41 1024 0.308
16 42 977 0.365
16 43 1088 0.382
16 44 1322 0.337
16 45 902 0.316
16 46 1024 0.395
16 47 1022 0.392
16 48 1374 0.238
17 1 2265 0.381
17 2 1662 0.281
17 3 1838 0.251
17 4 1345 0.202
17 5 2005 0.262
17 6 1850 0.252
17 7 2030 0.278
17 8 1277 0.389
17 9 1571 0.374
17 10 1575 0.284
17 11 1397 0.391
17 12 1583 0.304
17 13 976 0.287
17 14 1134 0.445
17 15 1325 0.359
17 16 1460 0.293
17 17 1322 0.284
17 18 1484 0.397
17 19 1262 0.338
17 20 1634 0.382
17 21 1166 0.376
17 22 1430 0.248
17 23 1490 0.26
17 24 1350 0.21
17 25 543 0.525
17 26 614 0.302
17 27 1410 0.245
17 28 1480 0.296
17 29 82 0.54
17 30 94 0.463
17 31 1459 0.334
17 32 1216 0.303
17 33 1369 0.281
17 34 940 0.235
17 35 1037 0.122
17 36 1001 0.391
17 37 916 0.288
17 38 881 0.278
17 39 1182 0.352
17 40 958 0.321
17 41 1174 0.296
17 42 1087 0.441
17 43 877 0.378
17 44 1048 0.361
17 45 1016 0.311
17 46 1043 0.25
17 47 1099 0.412
17 48 1608 0.347
18 1 2524 0.279
18 2 1691 0.328
18 3 1053 0.315
18 4 1065 0.423
18 5 1431 0.185
18 6 1447 0.29
18 7 1235 0.263
18 8 1494 0.266
18 9 1394 0.345
18 10 1519 0.282
18 11 1393 0.393
18 12 1172 0.394
18 13 1856 0.314
18 14 1516 0.284
18 15 1460 0.341
18 16 1553 0.331
18 17 1217 0.341
18 18 1180 0.279
18 19 1684 0.363
18 20 1346 0.362
18 21 1200 0.325
18 22 1331 0.269
18 23 1523 0.369
18 24 1376 0.29
18 25 1261 0.351
18 26 1523 0.288
18 27 860 0.269
18 28 1084 0.388
18 29 1467 0.271
18 30 1552 0.322
18 31 1226 0.238
18 32 910 0.254
18 33 1304 0.19
18 34 1169 0.217
18 35 1119 0.353
18 36 964 0.172
18 37 1177 0.251
18 38 980 0.352
18 39 1195 0.342
18 40 870 0.372
18 41 1234 0.248
18 42 1492 0.304
18 43 1068 0.245
18 44 925 0.465
18 45 1050 0.212
18 46 937 0.208
18 47 853 0.396
18 48 1546 0.265
19 1 2402 0.273
19 2 1868 0.244
19 3 1712 0.27
19 4 1351 0.272
19 5 1732 0.166
19 6 1915 0.251
19 7 1565 0.244
19 8 1611 0.24
19 9 966 0.504
19 10 1050 0.312
19 11 1488 0.215
19 12 1546 0.292
19 13 67 0.727
19 14 88 0.582
19 15 1468 0.349
19 16 1044 0.352
19 17 1238 0.309
19 18 980 0.459
19 19 1684 0.336
19 20 1467 0.247
19 21 1251 0.296
19 22 1222 0.199
19 23 1552 0.241
19 24 1008 0.284
19 25 1632 0.245
19 26 1377 0.317
19 27 1607 0.313
19 28 1399 0.274
19 29 1130 0.355
19 30 1127 0.217
19 31 1041 0.31
19 32 1212 0.327
19 33 1156 0.302
19 34 1010 0.239
19 35 1073 0.245
19 36 1161 0.263
19 37 1213 0.25
19 38 967 0.209
19 39 944 0.23
19 40 1196 0.322
19 41 206 0.49
19 42 472 0.282
19 43 784 0.364
19 44 825 0.299
19 45 1005 0.261
19 46 1197 0.239
19 47 939 0.481
19 48 1409 0.308
20 1 2140 0.398
20 2 1596 0.276
20 3 1755 0.252
20 4 1545 0.34
20 5 923 0.41
20 6 71 0.295
20 7 1907 0.266
20 8 1446 0.205
20 9 1544 0.245
20 10 1759 0.299
20 11 1222 0.224
20 12 1052 0.388
20 13 1431 0.284
20 14 1568 0.334
20 15 1602 0.425
20 16 1388 0.31
20 17 1756 0.221
20 18 1537 0.232
20 19 1383 0.443
20 20 1386 0.454
20 21 1602 0.38
20 22 1656 0.33
20 23 1607 0.258
20 24 1164 0.305
20 25 1291 0.24
20 26 1552 0.367
20 27 1354 0.405
20 28 1365 0.204
20 29 1585 0.334
20 30 1245 0.317
20 31 1556 0.218
20 32 1608 0.242
20 33 1284 0.313
20 34 1088 0.24
20 35 1498 0.355
20 36 1386 0.356
20 37 1053 0.242
20 38 1198 0.267
20 39 1159 0.299
20 40 1151 0.378
20 41 1152 0.164
20 42 1299 0.243
20 43 1365 0.273
20 44 967 0.351
20 45 1120 0.365
20 46 706 0.33
20 47 1035 0.392
20 48 1765 0.407
21 1 2296 0.324
21 2 1728 0.285
21 3 1681 0.276
21 4 1633 0.236
21 5 1660 0.296
21 6 1784 0.237
21 7 1881 0.237
21 8 1371 0.288
21 9 1144 0.306
21 10 1258 0.401
21 11 1127 0.211
21 12 1545 0.283
21 13 1534 0.308
21 14 1238 0.358
21 15 2030 0.253
21 16 1445 0.33
21 17 1392 0.346
21 18 1613 0.224
21 19 1188 0.32
21 20 1249 0.231
21 21 1676 0.265
21 22 938 0.307
21 23 1448 0.368
21 24 1470 0.237
21 25 962 0.277
21 26 1248 0.329
21 27 1044 0.273
21 28 1134 0.273
21 29 1296 0.297
21 30 1611 0.383
21 31 1668 0.192
21 32 888 0.226
21 33 1457 0.398
21 34 1189 0.326
21 35 1096 0.3
21 36 1367 0.312
21 37 1168 0.332
21 38 1123 0.399
21 39 1348 0.321
21 40 993 0.444
21 41 997 0.347
21 42 1095 0.303
21 43 1185 0.353
21 44 938 0.37
21 45 1013 0.338
21 46 1084 0.4
21 47 1297 0.321
21 48 2093 0.437
22 1 2442 0.295
22 2 2107 0.214
22 3 1838 0.228
22 4 1899 0.234
22 5 1721 0.241
22 6 1725 0.209
22 7 1381 0.27
22 8 1411 0.299
22 9 1642 0.196
22 10 1365 0.326
22 11 1605 0.346
22 12 1294 0.401
22 13 1544 0.27
22 14 1408 0.315
22 15 1513 0.322
22 16 1631 0.301
22 17 1299 0.343
22 18 1437 0.322
22 19 1625 0.298
22 20 1041 0.175
22 21 1614 0.258
22 22 1449 0.304
22 23 1584 0.211
22 24 1645 0.26
22 25 1191 0.197
22 26 1316 0.225
22 27 1384 0.22
22 28 1112 0.282
22 29 1599 0.29
22 30 841 0.222
22 31 264 0.297
22 32 1475 0.216
22 33 1437 0.269
22 34 1116 0.206
22 35 1515 0.28
22 36 490 0.42
22 37 1362 0.246
22 38 1217 0.367
22 39 1184 0.373
22 40 954 0.346
22 41 1398 0.27
22 42 1203 0.414
22 43 1274 0.249
22 44 1214 0.262
22 45 1208 0.318
22 46 1033 0.366
22 47 1324 0.295
22 48 1815 0.466
23 1 351 0.211
23 2 561 0.101
23 3 2407 0.389
23 4 1702 0.192
23 5 1456 0.248
23 6 1377 0.205
23 7 1705 0.338
23 8 1792 0.27
23 9 1548 0.235
23 10 1287 0.325
23 11 1108 0.461
23 12 1702 0.252
23 13 995 0.319
23 14 1118 0.273
23 15 1329 0.357
23 16 1445 0.283
23 17 1393 0.259
23 18 1518 0.221
23 19 1535 0.17
23 20 1389 0.357
23 21 1552 0.346
23 22 1147 0.382
23 23 1569 0.224
23 24 1637 0.259
23 25 1233 0.294
23 26 1570 0.317
23 27 1716 0.387
23 28 1028 0.303
23 29 1437 0.352
23 30 1448 0.254
23 31 1039 0.298
23 32 859 0.265
23 33 1356 0.326
23 34 1313 0.288
23 35 1244 0.285
23 36 1343 0.175
23 37 21 0.396
23 38 1493 0.268
23 39 1278 0.323
23 40 1255 0.34
23 41 250 0.503
23 42 123 0.682
23 43 1138 0.252
23 44 834 0.338
23 45 1184 0.272
23 46 1324 0.578
23 47 1127 0.295
23 48 1515 0.297
24 1 2950 0.478
24 2 1988 0.381
24 3 2353 0.151
24 4 1653 0.259
24 5 1993 0.266
24 6 1599 0.281
24 7 1470 0.351
24 8 1429 0.249
24 9 1343 0.269
24 10 2161 0.316
24 11 1815 0.318
24 12 1909 0.314
24 13 683 0.37
24 14 704 0.355
24 15 1567 0.264
24 16 1496 0.312
24 17 1442 0.284
24 18 1694 0.286
24 19 1645 0.247
24 20 1538 0.479
24 21 1529 0.325
24 22 1135 0.259
24 23 1846 0.379
24 24 1520 0.415
24 25 1461 0.357
24 26 1771 0.366
24 27 1449 0.287
24 28 1387 0.278
24 29 1536 0.284
24 30 1300 0.291
24 31 1353 0.266
24 32 1486 0.328
24 33 1394 0.255
24 34 1482 0.389
24 35 1666 0.221
24 36 1537 0.285
24 37 1375 0.264
24 38 1036 0.398
24 39 1085 0.276
24 40 1055 0.215
24 41 1366 0.285
24 42 1265 0.252
24 43 1337 0.344
24 44 1229 0.321
24 45 1224 0.333
24 46 985 0.312
24 47 1438 0.325
24 48 1510 0.411
25 1 2443 0.254
25 2 1983 0.242
25 3 2232 0.126
25 4 1960 0.165
25 5 1396 0.272
25 6 1670 0.262
25 7 1750 0.235
25 8 1556 0.295
25 9 951 0.538
25 10 986 0.317
25 11 1354 0.246
25 12 1681 0.212
25 13 1625 0.281
25 14 1662 0.348
25 15 1369 0.321
25 16 1746 0.259
25 17 1695 0.281
25 18 1316 0.369
25 19 1519 0.374
25 20 1324 0.308
25 21 1347 0.324
25 22 1359 0.336
25 23 1227 0.315
25 24 1486 0.278
25 25 1411 0.373
25 26 1292 0.247
25 27 1573 0.242
25 28 992 0.231
25 29 1599 0.273
25 30 1373 0.269
25 31 1458 0.249
25 32 1428 0.235
25 33 1375 0.388
25 34 1098 0.317
25 35 1164 0.305
25 36 1398 0.255
25 37 1154 0.35
25 38 1225 0.174
25 39 1517 0.328
25 40 1381 0.341
25 41 1240 0.278
25 42 1091 0.304
25 43 1134 0.315
25 44 1210 0.239
25 45 1034 0.462
25 46 1316 0.263
25 47 1374 0.261
25 48 1925 0.306
26 1 2610 0.372
26 2 2578 0.226
26 3 2046 0.13
26 4 2260 0.192
26 5 2052 0.295
26 6 1570 0.238
26 7 1794 0.21
26 8 1387 0.317
26 9 1674 0.213
26 10 1971 0.282
26 11 1339 0.352
26 12 1709 0.295
26 13 1940 0.313
26 14 1594 0.198
26 15 1412 0.351
26 16 1629 0.247
26 17 1631 0.34
26 18 1048 0.464
26 19 1223 0.254
26 20 1749 0.298
26 21 1480 0.438
26 22 1838 0.285
26 23 1612 0.261
26 24 1480 0.232
26 25 1420 0.213
26 26 1401 0.246
26 27 1245 0.368
26 28 1911 0.26
26 29 115 0.404
26 30 811 0.334
26 31 1753 0.164
26 32 1684 0.372
26 33 1297 0.319
26 34 1300 0.327
26 35 1356 0.322
26 36 1340 0.391
26 37 1207 0.594
26 38 1142 0.322
26 39 1268 0.305
26 40 1275 0.308
26 41 961 0.362
26 42 1258 0.227
26 43 1008 0.303
26 44 1107 0.424
26 45 923 0.329
26 46 1342 0.387
26 47 440 0.379
26 48 605 0.348
27 1 259 0.144
27 2 462 0.074
27 3 2501 0.198
27 4 2071 0.228
27 5 1645 0.295
27 6 1684 0.156
27 7 1623 0.33
27 8 1873 0.222
27 9 1651 0.312
27 10 1889 0.284
27 11 1645 0.309
27 12 933 0.495
27 13 1418 0.247
27 14 1759 0.364
27 15 1433 0.226
27 16 1574 0.382
27 17 1959 0.127
27 18 1569 0.273
27 19 1618 0.31
27 20 1301 0.266
27 21 1694 0.243
27 22 1106 0.418
27 23 1625 0.374
27 24 1491 0.271
27 25 1584 0.433
27 26 1678 0.33
27 27 1743 0.205
27 28 1574 0.237
27 29 1845 0.309
27 30 1225 0.259
27 31 1431 0.328
27 32 1128 0.271
27 33 1385 0.293
27 34 1432 0.337
27 35 1413 0.246
27 36 1137 0.355
27 37 1045 0.231
27 38 1106 0.27
27 39 1265 0.28
27 40 1222 0.285
27 41 1271 0.368
27 42 1242 0.364
27 43 1051 0.236
27 44 1400 0.346
27 45 1285 0.343
27 46 1314 0.387
27 47 1399 0.366
27 48 1974 0.314
28 1 2937 0.532
28 2 2074 0.213
28 3 1930 0.191
28 4 2160 0.252
28 5 1528 0.187
28 6 1891 0.299
28 7 1775 0.333
28 8 1867 0.233
28 9 1598 0.329
28 10 1737 0.309
28 11 1814 0.24
28 12 1403 0.551
28 13 1305 0.283
28 14 1639 0.485
28 15 1331 0.356
28 16 1740 0.198
28 17 1675 0.238
28 18 1633 0.374
28 19 1281 0.307
28 20 1446 0.289
28 21 1707 0.395
28 22 1777 0.467
28 23 1430 0.286
28 24 1578 0.341
28 25 1586 0.338
28 26 1542 0.259
28 27 1442 0.292
28 28 1614 0.355
28 29 1596 0.322
28 30 1659 0.31
28 31 1372 0.446
28 32 1571 0.23
28 33 1292 0.33
28 34 1001 0.203
28 35 1070 0.251
28 36 1271 0.258
28 37 1513 0.299
28 38 1060 0.281
28 39 1135 0.3
28 40 1099 0.397
28 41 1227 0.331
28 42 1115 0.444
28 43 1344 0.313
28 44 1029 0.296
28 45 1394 0.247
28 46 1340 0.393
28 47 1466 0.31
28 48 2069 0.479
29 1 2394 0.394
29 2 2046 0.202
29 3 2079 0.309
29 4 1986 0.152
29 5 1485 0.22
29 6 1773 0.26
29 7 1889 0.224
29 8 1687 0.34
29 9 1621 0.27
29 10 1962 0.272
29 11 1347 0.245
29 12 1560 0.259
29 13 1356 0.405
29 14 1402 0.322
29 15 1318 0.335
29 16 1431 0.324
29 17 1671 0.253
29 18 1752 0.311
29 19 1258 0.398
29 20 1592 0.209
29 21 1644 0.285
29 22 1411 0.22
29 23 1242 0.323
29 24 1579 0.28
29 25 1201 0.355
29 26 1437 0.307
29 27 1667 0.288
29 28 1366 0.348
29 29 1462 0.295
29 30 1195 0.262
29 31 1304 0.43
29 32 1517 0.392
29 33 1274 0.274
29 34 1293 0.262
29 35 1473 0.304
29 36 1323 0.262
29 37 1100 0.385
29 38 1390 0.296
29 39 1281 0.291
29 40 1269 0.304
29 41 1156 0.363
29 42 1194 0.377
29 43 1347 0.304
29 44 1266 0.318
29 45 1232 0.288
29 46 1785 0.27
29 47 10 -1.0
29 48 0 0.0
30 1 2374 0.291
30 2 2017 0.318
30 3 1935 0.237
30 4 1864 0.254
30 5 1913 0.248
30 6 1891 0.217
30 7 1955 0.155
30 8 1636 0.417
30 9 1306 0.273
30 10 1016 0.532
30 11 1473 0.419
30 12 1698 0.425
30 13 1398 0.397
30 14 1538 0.355
30 15 1891 0.415
30 16 1926 0.213
30 17 1409 0.25
30 18 1545 0.375
30 19 1640 0.337
30 20 1619 0.23
30 21 1628 0.338
30 22 1420 0.274
30 23 1467 0.466
30 24 1477 0.345
30 25 1356 0.382
30 26 1425 0.258
30 27 1465 0.391
30 28 1690 0.268
30 29 80 0.695
30 30 93 0.751
30 31 1716 0.362
30 32 1319 0.254
30 33 1647 0.377
30 34 1325 0.242
30 35 1251 0.277
30 36 954 0.261
30 37 1394 0.374
30 38 1263 0.306
30 39 1074 0.382
30 40 1174 0.289
30 41 1279 0.388
30 42 1015 0.41
30 43 1230 0.537
30 44 1196 0.352
30 45 1817 0.273
30 46 1496 0.293
30 47 1636 0.401
30 48 1994 0.484
31 1 2201 0.329
31 2 2031 0.196
31 3 2181 0.215
31 4 2163 0.189
31 5 2020 0.257
31 6 1539 0.302
31 7 1606 0.287
31 8 1740 0.227
31 9 2111 0.286
31 10 1592 0.251
31 11 1668 0.397
31 12 1834 0.362
31 13 107 0.205
31 14 126 0.356
31 15 1921 0.385
31 16 1561 0.363
31 17 1804 0.271
31 18 1661 0.356
31 19 1635 0.387
31 20 1761 0.283
31 21 1667 0.444
31 22 1623 0.448
31 23 1660 0.362
31 24 1667 0.297
31 25 1515 0.33
31 26 1503 0.326
31 27 1236 0.414
31 28 1649 0.298
31 29 1921 0.285
31 30 1631 0.411
31 31 1475 0.267
31 32 1347 0.426
31 33 1575 0.334
31 34 851 0.401
31 35 1629 0.185
31 36 1346 0.357
31 37 1291 0.322
31 38 1340 0.423
31 39 1490 0.343
31 40 1327 0.321
31 41 1309 0.345
31 42 1325 0.296
31 43 1343 0.319
31 44 1329 0.379
31 45 1509 0.31
31 46 1389 0.294
31 47 1491 0.306
31 48 1653 0.378
32 1 2777 0.456
32 2 2437 0.378
32 3 2594 0.227
32 4 2461 0.283
32 5 2332 0.292
32 6 2633 0.307
32 7 2391 0.279
32 8 2337 0.33
32 9 2057 0.35
32 10 2319 0.464
32 11 1997 0.369
32 12 1915 0.387
32 13 2255 0.555
32 14 1670 0.291
32 15 2294 0.308
32 16 1979 0.434
32 17 2176 0.4
32 18 2262 0.341
32 19 2424 0.288
32 20 2042 0.31
32 21 2071 0.408
32 22 2209 0.403
32 23 2468 0.372
32 24 2251 0.421
32 25 1659 0.373
32 26 2223 0.503
32 27 2173 0.412
32 28 1998 0.399
32 29 1916 0.403
32 30 1701 0.364
32 31 2051 0.348
32 32 2136 0.301
32 33 1995 0.354
32 34 1972 0.38
32 35 2076 0.346
32 36 1865 0.328
32 37 1948 0.38
32 38 1749 0.429
32 39 2000 0.256
32 40 1759 0.434
32 41 1836 0.477
32 42 1865 0.393
32 43 1863 0.417
32 44 1852 0.443
32 45 2245 0.374
32 46 1670 0.36
32 47 1892 0.44
32 48 1794 0.487
